
2022-10-22 09:27,0,+14.5,+11.2,+11.9,+8.2,+9.1,+9.5,+8.5,+8.2,+8.3
2022-10-22 10:27,0,+14.9,+11.5,+12.4,+7.1,+7.0,+7.3,+7.2,+7.6,+7.7
2022-10-22 11:27,0,+15.0,+11.6,+12.5,+7.1,+7.0,+7.2,+7.2,+7.6,+7.7
2022-10-22 12:27,0,+15.1,+11.6,+12.5,+7.2,+7.0,+7.3,+7.2,+7.6,+7.7
2022-10-22 13:27,0,+15.1,+11.7,+12.6,+7.3,+7.0,+7.2,+7.2,+7.6,+7.8
2022-10-22 14:27,0,+15.2,+11.7,+12.7,+7.6,+7.1,+7.3,+7.3,+7.6,+7.8
2022-10-22 15:27,0,+15.2,+11.7,+12.7,+7.7,+7.2,+7.3,+7.2,+7.6,+7.8
2022-10-22 16:27,0,+15.3,+11.8,+12.8,+7.8,+7.3,+7.3,+7.3,+7.6,+7.8
2022-10-22 17:27,0,+15.3,+11.8,+12.8,+8.0,+7.3,+7.5,+7.3,+7.6,+7.8
2022-10-22 18:27,0,+15.3,+11.8,+12.8,+8.1,+7.5,+7.5,+7.3,+7.7,+7.8
2022-10-22 19:27,0,+15.3,+11.8,+12.9,+8.0,+7.6,+7.6,+7.3,+7.7,+7.8
2022-10-22 20:27,0,+15.3,+11.8,+12.9,+8.0,+7.6,+7.6,+7.5,+7.6,+7.8
2022-10-22 21:27,0,+15.3,+11.8,+12.9,+8.0,+7.6,+7.6,+7.5,+7.7,+7.8
2022-10-22 22:27,0,+15.3,+11.9,+12.9,+7.8,+7.6,+7.6,+7.5,+7.7,+7.8
2022-10-22 23:27,0,+15.3,+11.9,+12.9,+7.8,+7.6,+7.7,+7.5,+7.7,+8.0
2022-10-23 00:27,0,+15.3,+11.9,+12.9,+7.7,+7.6,+7.7,+7.5,+7.7,+8.0
2022-10-23 01:27,0,+15.3,+11.9,+13.0,+7.6,+7.5,+7.7,+7.6,+7.7,+8.0
2022-10-23 02:27,0,+15.3,+11.9,+13.0,+7.6,+7.6,+7.7,+7.6,+7.8,+8.0
2022-10-23 03:27,0,+15.3,+11.9,+13.0,+7.5,+7.5,+7.7,+7.6,+7.7,+8.0
2022-10-23 04:27,0,+15.4,+11.9,+13.0,+7.5,+7.5,+7.7,+7.6,+7.8,+8.0
2022-10-23 05:27,0,+15.4,+11.9,+13.0,+7.3,+7.3,+7.7,+7.6,+7.8,+8.0
2022-10-23 06:27,0,+15.4,+11.9,+13.0,+7.2,+7.3,+7.7,+7.6,+7.8,+8.0
2022-10-23 07:27,0,+15.4,+11.9,+13.0,+7.2,+7.3,+7.7,+7.6,+7.8,+8.0
2022-10-23 08:27,0,+15.4,+11.9,+13.0,+7.2,+7.2,+7.7,+7.6,+7.8,+8.1
2022-10-23 09:27,0,+15.4,+12.0,+13.0,+7.2,+7.3,+7.7,+7.6,+7.8,+8.1
2022-10-23 10:27,0,+15.4,+12.0,+13.0,+7.2,+7.2,+7.6,+7.6,+7.8,+8.1
2022-10-23 11:27,0,+15.5,+12.0,+13.1,+7.5,+7.2,+7.6,+7.6,+7.8,+8.1
2022-10-23 12:27,0,+15.5,+12.0,+13.1,+7.7,+7.3,+7.6,+7.6,+7.8,+8.1
2022-10-23 13:27,0,+15.5,+12.0,+13.1,+8.1,+7.5,+7.7,+7.6,+7.8,+8.1
2022-10-23 14:27,0,+15.5,+12.1,+13.1,+8.3,+7.6,+7.7,+7.6,+7.8,+8.1
2022-10-23 15:27,0,+15.5,+12.1,+13.1,+8.7,+7.7,+7.7,+7.6,+7.8,+8.1
2022-10-23 16:27,0,+15.5,+12.1,+13.2,+9.0,+8.0,+7.8,+7.7,+7.8,+8.1
2022-10-23 17:27,0,+15.5,+12.1,+13.2,+9.1,+8.1,+8.0,+7.6,+8.0,+8.1
2022-10-23 18:27,0,+15.6,+12.1,+13.2,+9.3,+8.2,+8.0,+7.7,+7.8,+8.1
2022-10-23 19:27,0,+15.6,+12.1,+13.2,+9.3,+8.5,+8.1,+7.7,+8.0,+8.1
2022-10-23 20:27,0,+15.6,+12.1,+13.2,+9.3,+8.5,+8.1,+7.8,+8.0,+8.2
2022-10-23 21:27,0,+15.6,+12.1,+13.2,+9.5,+8.6,+8.3,+7.8,+8.0,+8.2
2022-10-23 22:27,0,+15.6,+12.1,+13.3,+9.6,+8.7,+8.3,+7.8,+8.0,+8.2
2022-10-23 23:27,0,+16.1,+12.2,+13.3,+9.7,+8.7,+8.3,+8.0,+8.1,+8.2
2022-10-24 00:27,0,+17.3,+12.2,+13.3,+10.0,+8.8,+8.5,+8.0,+8.1,+8.2
2022-10-24 01:27,0,+17.2,+12.3,+13.4,+10.0,+9.0,+8.6,+8.1,+8.1,+8.2
2022-10-24 02:27,0,+17.4,+12.3,+13.4,+10.0,+9.1,+8.6,+8.1,+8.2,+8.3
2022-10-24 03:27,0,+17.6,+12.4,+13.4,+10.1,+9.1,+8.7,+8.1,+8.2,+8.2
2022-10-24 04:27,0,+17.6,+12.5,+13.5,+10.1,+9.2,+8.7,+8.2,+8.2,+8.3
2022-10-24 05:27,0,+17.6,+12.5,+13.5,+10.2,+9.2,+8.8,+8.2,+8.2,+8.5
2022-10-24 06:27,0,+17.5,+12.5,+13.5,+10.2,+9.3,+8.8,+8.2,+8.3,+8.3
2022-10-24 07:27,0,+17.4,+12.5,+13.6,+10.3,+9.5,+9.0,+8.3,+8.3,+8.5
2022-10-24 08:27,0,+17.4,+12.5,+13.6,+10.5,+9.5,+9.0,+8.3,+8.3,+8.5
2022-10-24 09:27,0,+17.3,+12.5,+13.6,+10.5,+9.5,+9.1,+8.5,+8.5,+8.5
2022-10-24 10:27,0,+17.3,+12.6,+13.7,+10.6,+9.6,+9.1,+8.5,+8.5,+8.6
2022-10-24 11:27,0,+17.3,+12.6,+13.7,+10.7,+9.7,+9.2,+8.5,+8.5,+8.6
2022-10-24 12:27,0,+17.2,+12.6,+13.7,+10.7,+9.7,+9.2,+8.6,+8.5,+8.6
2022-10-24 13:27,0,+17.2,+12.6,+13.8,+10.7,+9.8,+9.3,+8.6,+8.5,+8.7
2022-10-24 14:27,0,+17.1,+12.6,+13.8,+10.7,+9.8,+9.3,+8.6,+8.6,+8.7
2022-10-24 15:27,0,+17.1,+12.6,+13.8,+10.6,+9.8,+9.3,+8.7,+8.7,+8.7
2022-10-24 16:27,0,+17.1,+12.6,+13.8,+10.5,+9.8,+9.5,+8.7,+8.7,+8.7
2022-10-24 17:27,0,+17.1,+12.6,+13.8,+10.3,+9.8,+9.5,+8.8,+8.7,+8.8
2022-10-24 18:27,0,+17.1,+12.6,+13.8,+10.2,+9.7,+9.5,+8.8,+8.7,+8.8
2022-10-24 19:27,0,+17.1,+12.6,+13.8,+10.0,+9.7,+9.5,+8.8,+8.7,+8.8
2022-10-24 20:27,0,+17.0,+12.6,+13.8,+9.7,+9.6,+9.5,+8.8,+8.8,+8.8
2022-10-24 21:27,0,+17.0,+12.6,+13.8,+9.6,+9.6,+9.5,+9.0,+8.8,+8.8
2022-10-24 22:27,0,+17.0,+12.6,+13.8,+9.5,+9.5,+9.5,+8.8,+8.8,+8.8
2022-10-24 23:27,0,+17.0,+12.6,+13.8,+9.3,+9.3,+9.3,+8.8,+8.8,+9.0
2022-10-25 00:27,0,+17.0,+12.6,+13.8,+9.2,+9.2,+9.3,+9.0,+8.8,+9.0
2022-10-25 01:27,0,+17.0,+12.6,+13.8,+9.1,+9.2,+9.3,+8.8,+8.8,+9.0
2022-10-25 02:27,0,+17.0,+12.6,+13.9,+9.0,+9.1,+9.2,+9.0,+9.0,+9.0
2022-10-25 03:27,0,+16.9,+12.6,+13.9,+8.8,+9.0,+9.2,+8.8,+9.0,+9.1
2022-10-25 04:27,0,+16.9,+12.6,+13.9,+8.7,+8.8,+9.2,+9.0,+9.0,+9.0
2022-10-25 05:27,0,+16.9,+12.6,+13.9,+8.6,+8.8,+9.1,+8.8,+9.0,+9.1
2022-10-25 06:27,0,+16.9,+12.6,+13.9,+8.6,+8.7,+9.1,+8.8,+8.8,+9.0
2022-10-25 07:27,0,+16.9,+12.6,+13.9,+8.5,+8.6,+9.1,+8.8,+9.0,+9.0
2022-10-25 08:27,0,+16.9,+12.6,+13.9,+8.2,+8.6,+9.0,+8.8,+8.8,+9.1
2022-10-25 09:27,0,+16.9,+12.6,+13.9,+8.1,+8.5,+9.0,+8.8,+9.0,+9.1
2022-10-25 10:27,0,+16.9,+12.6,+13.9,+8.1,+8.3,+8.8,+8.8,+8.8,+9.1
2022-10-25 11:27,0,+16.8,+12.6,+13.9,+8.0,+8.3,+8.8,+8.7,+8.8,+9.1
2022-10-25 12:27,0,+16.8,+12.6,+13.9,+8.0,+8.2,+8.7,+8.7,+8.8,+9.0
2022-10-25 13:27,0,+16.8,+12.6,+13.9,+8.0,+8.2,+8.7,+8.7,+8.8,+9.0
2022-10-25 14:27,0,+16.8,+12.6,+13.9,+8.0,+8.2,+8.7,+8.6,+8.8,+9.0
2022-10-25 15:27,0,+16.8,+12.7,+13.9,+8.0,+8.1,+8.6,+8.6,+8.8,+9.0
2022-10-25 16:27,0,+16.8,+12.7,+13.9,+8.0,+8.1,+8.6,+8.6,+8.8,+9.0
2022-10-25 17:27,0,+16.8,+12.7,+14.0,+7.8,+8.1,+8.6,+8.6,+8.8,+9.0
2022-10-25 18:27,0,+16.8,+12.7,+14.0,+7.8,+8.1,+8.6,+8.6,+8.7,+9.0
2022-10-25 19:27,0,+16.8,+12.7,+14.0,+7.8,+8.0,+8.6,+8.6,+8.7,+9.0
2022-10-25 20:27,0,+16.8,+12.7,+14.0,+7.7,+8.0,+8.5,+8.5,+8.8,+9.0
2022-10-25 21:27,0,+16.8,+12.7,+14.0,+7.6,+7.8,+8.5,+8.5,+8.7,+8.8
2022-10-25 22:27,0,+16.8,+12.7,+14.0,+7.5,+7.8,+8.5,+8.5,+8.7,+8.8
2022-10-25 23:27,0,+16.8,+12.7,+14.0,+7.5,+7.8,+8.5,+8.5,+8.7,+9.0
2022-10-26 00:27,0,+16.8,+12.7,+14.0,+7.3,+7.7,+8.3,+8.5,+8.7,+9.0
2022-10-26 01:27,0,+16.8,+12.7,+14.0,+7.3,+7.7,+8.3,+8.3,+8.7,+9.0
2022-10-26 02:27,0,+16.8,+12.7,+14.0,+7.2,+7.7,+8.3,+8.3,+8.7,+8.8
2022-10-26 03:27,0,+16.7,+12.7,+14.0,+7.2,+7.6,+8.2,+8.3,+8.7,+8.8
2022-10-26 04:27,0,+16.7,+12.7,+14.0,+7.1,+7.5,+8.2,+8.3,+8.7,+8.8
2022-10-26 05:27,0,+16.7,+12.7,+14.0,+7.0,+7.5,+8.2,+8.3,+8.6,+8.8
2022-10-26 06:27,0,+16.7,+12.7,+14.0,+7.0,+7.5,+8.2,+8.3,+8.6,+8.7
2022-10-26 07:27,0,+16.7,+12.7,+14.0,+7.0,+7.5,+8.1,+8.3,+8.6,+8.8
2022-10-26 08:27,0,+16.7,+12.7,+14.0,+6.8,+7.3,+8.0,+8.2,+8.6,+8.7
2022-10-26 09:27,0,+16.7,+12.7,+14.0,+6.8,+7.2,+8.1,+8.2,+8.6,+8.7
2022-10-26 10:27,0,+16.7,+12.7,+14.0,+6.8,+7.2,+8.0,+8.2,+8.6,+8.7
2022-10-26 11:27,0,+16.7,+12.7,+14.0,+6.8,+7.2,+8.0,+8.1,+8.6,+8.7
2022-10-26 12:27,0,+16.7,+12.7,+14.0,+6.8,+7.2,+7.8,+8.1,+8.5,+8.7
2022-10-26 13:27,0,+16.7,+12.7,+14.0,+7.0,+7.2,+8.0,+8.1,+8.5,+8.7
2022-10-26 14:27,0,+16.7,+12.7,+14.1,+7.0,+7.2,+7.8,+8.1,+8.5,+8.7
2022-10-26 15:27,0,+16.7,+12.7,+14.1,+7.0,+7.2,+7.8,+8.1,+8.5,+8.6
2022-10-26 16:27,0,+16.7,+12.7,+14.1,+7.1,+7.2,+7.8,+8.0,+8.5,+8.7
2022-10-26 17:27,0,+16.7,+12.7,+14.1,+7.0,+7.2,+7.8,+8.0,+8.3,+8.6
2022-10-26 18:27,0,+16.7,+12.7,+14.1,+6.8,+7.2,+7.8,+8.0,+8.3,+8.6
2022-10-26 19:27,0,+16.7,+12.7,+14.1,+6.7,+7.1,+7.8,+8.0,+8.3,+8.6
2022-10-26 20:27,0,+16.7,+12.7,+14.1,+6.6,+7.1,+7.8,+8.0,+8.3,+8.6
2022-10-26 21:27,0,+16.6,+12.7,+14.1,+6.5,+7.0,+7.7,+8.0,+8.3,+8.6
2022-10-26 22:27,0,+16.6,+12.7,+14.1,+6.2,+7.0,+7.7,+8.0,+8.3,+8.5
2022-10-26 23:27,0,+16.6,+12.7,+14.1,+6.1,+6.8,+7.7,+8.0,+8.3,+8.6
2022-10-27 00:27,0,+16.6,+12.7,+14.1,+5.8,+6.7,+7.7,+8.0,+8.3,+8.6
2022-10-27 01:27,0,+16.6,+12.7,+14.1,+5.7,+6.6,+7.6,+8.0,+8.3,+8.6
2022-10-27 02:27,0,+16.6,+12.8,+14.1,+5.6,+6.5,+7.5,+7.8,+8.3,+8.5
2022-10-27 03:27,0,+16.6,+12.8,+14.1,+5.6,+6.5,+7.5,+7.8,+8.3,+8.5
2022-10-27 04:27,0,+16.6,+12.7,+14.1,+5.5,+6.3,+7.5,+7.7,+8.2,+8.5
2022-10-27 05:27,0,+16.6,+12.7,+14.1,+5.3,+6.2,+7.3,+7.7,+8.2,+8.5
2022-10-27 06:27,0,+16.6,+12.7,+14.1,+5.3,+6.2,+7.3,+7.7,+8.2,+8.3
2022-10-27 07:27,0,+16.6,+12.8,+14.1,+5.2,+6.1,+7.2,+7.6,+8.1,+8.3
2022-10-27 08:27,0,+16.6,+12.7,+14.1,+5.2,+6.1,+7.1,+7.6,+8.1,+8.3
2022-10-27 09:27,0,+16.6,+12.8,+14.1,+5.2,+6.0,+7.1,+7.6,+8.1,+8.3
2022-10-27 10:27,0,+16.6,+12.8,+14.1,+5.2,+6.0,+7.1,+7.6,+8.1,+8.3
2022-10-27 11:27,0,+16.6,+12.8,+14.1,+5.3,+6.0,+7.0,+7.5,+8.1,+8.3
2022-10-27 12:27,0,+16.6,+12.8,+14.1,+5.3,+5.8,+7.0,+7.5,+8.0,+8.2
2022-10-27 13:27,0,+16.6,+12.8,+14.1,+5.7,+6.0,+7.0,+7.5,+8.0,+8.2
2022-10-27 14:27,0,+16.6,+12.8,+14.1,+5.8,+6.0,+6.8,+7.3,+8.0,+8.2
2022-10-27 15:27,0,+16.6,+12.8,+14.1,+6.1,+6.1,+7.0,+7.3,+8.0,+8.2
2022-10-27 16:27,0,+16.6,+12.8,+14.1,+6.2,+6.2,+7.0,+7.3,+7.8,+8.2
2022-10-27 17:27,0,+16.6,+12.8,+14.1,+6.3,+6.3,+7.0,+7.3,+7.8,+8.1
2022-10-27 18:27,0,+16.6,+12.8,+14.1,+6.5,+6.3,+7.0,+7.3,+7.8,+8.1
2022-10-27 19:27,0,+16.6,+12.8,+14.1,+6.5,+6.5,+7.1,+7.3,+7.8,+8.1
2022-10-27 20:27,0,+16.6,+12.8,+14.1,+6.5,+6.5,+7.1,+7.2,+7.8,+8.1
2022-10-27 21:27,0,+16.6,+12.8,+14.2,+6.6,+6.6,+7.1,+7.2,+7.7,+8.1
2022-10-27 22:27,0,+16.6,+12.8,+14.2,+6.6,+6.6,+7.1,+7.3,+7.8,+8.1
2022-10-27 23:27,0,+16.6,+12.9,+14.2,+6.7,+6.7,+7.1,+7.3,+7.8,+8.1
2022-10-28 00:27,0,+16.6,+12.9,+14.2,+6.6,+6.7,+7.1,+7.3,+7.8,+8.1
2022-10-28 01:27,0,+16.6,+12.9,+14.2,+6.7,+6.7,+7.1,+7.3,+7.8,+8.1
2022-10-28 02:27,0,+16.6,+12.9,+14.2,+6.7,+6.7,+7.2,+7.3,+7.7,+8.1
2022-10-28 03:27,0,+16.6,+12.9,+14.2,+6.7,+6.7,+7.2,+7.3,+7.7,+8.0
2022-10-28 04:27,0,+16.6,+12.9,+14.2,+6.7,+6.8,+7.2,+7.3,+7.8,+8.0
2022-10-28 05:27,0,+16.6,+12.9,+14.2,+6.7,+6.7,+7.2,+7.3,+7.8,+8.1
2022-10-28 06:27,0,+16.6,+12.9,+14.2,+6.7,+6.8,+7.2,+7.3,+7.8,+8.1
2022-10-28 07:27,0,+16.6,+12.9,+14.2,+6.7,+6.7,+7.2,+7.3,+7.8,+8.1
2022-10-28 08:27,0,+16.6,+12.9,+14.2,+6.6,+6.7,+7.2,+7.5,+7.8,+8.0
2022-10-28 09:27,0,+16.6,+12.9,+14.2,+6.6,+6.7,+7.2,+7.3,+7.8,+8.0
2022-10-28 10:27,0,+16.6,+12.9,+14.2,+6.6,+6.7,+7.2,+7.3,+7.8,+8.1
2022-10-28 11:27,0,+16.6,+12.9,+14.2,+6.7,+6.7,+7.2,+7.5,+7.8,+8.0
2022-10-28 12:27,0,+16.6,+12.9,+14.2,+6.8,+6.7,+7.2,+7.5,+7.8,+8.0
2022-10-28 13:27,0,+16.6,+12.9,+14.2,+7.0,+6.8,+7.3,+7.5,+7.7,+8.0
2022-10-28 14:27,0,+16.6,+13.0,+14.3,+7.2,+6.8,+7.2,+7.5,+7.8,+8.1
2022-10-28 15:27,0,+16.6,+13.0,+14.3,+7.5,+7.0,+7.3,+7.5,+7.7,+8.1
2022-10-28 16:27,0,+16.6,+13.0,+14.3,+7.6,+7.1,+7.3,+7.5,+7.7,+8.1
2022-10-28 17:27,0,+16.6,+13.0,+14.3,+7.7,+7.2,+7.5,+7.5,+7.8,+8.1
2022-10-28 18:27,0,+16.6,+13.0,+14.3,+7.7,+7.3,+7.5,+7.5,+7.7,+8.1
2022-10-28 19:27,0,+16.6,+13.0,+14.3,+7.7,+7.3,+7.5,+7.5,+7.8,+8.0
2022-10-28 20:27,0,+16.6,+13.0,+14.3,+7.6,+7.5,+7.6,+7.5,+7.8,+8.1
2022-10-28 21:27,0,+16.6,+13.0,+14.3,+7.6,+7.5,+7.6,+7.6,+7.8,+8.1
2022-10-28 22:27,0,+16.6,+13.0,+14.3,+7.6,+7.5,+7.7,+7.6,+7.8,+8.1
2022-10-28 23:27,0,+16.6,+13.0,+14.3,+7.6,+7.5,+7.7,+7.6,+7.8,+8.1
2022-10-29 00:27,0,+16.6,+13.0,+14.3,+7.5,+7.5,+7.7,+7.6,+7.8,+8.1
2022-10-29 01:27,0,+16.6,+13.0,+14.3,+7.6,+7.5,+7.7,+7.6,+7.8,+8.1
2022-10-29 02:27,0,+16.6,+13.0,+14.3,+7.5,+7.5,+7.7,+7.6,+7.8,+8.1
2022-10-29 03:27,0,+16.6,+13.0,+14.3,+7.6,+7.5,+7.7,+7.6,+8.0,+8.1
2022-10-29 04:27,0,+16.6,+13.0,+14.3,+7.5,+7.5,+7.7,+7.6,+7.8,+8.1
2022-10-29 05:27,0,+16.6,+13.0,+14.3,+7.5,+7.3,+7.7,+7.7,+8.0,+8.1
2022-10-29 06:27,0,+16.6,+13.0,+14.3,+7.5,+7.3,+7.7,+7.7,+8.0,+8.1
2022-10-29 07:27,0,+16.6,+13.0,+14.3,+7.3,+7.5,+7.7,+7.7,+8.0,+8.1
2022-10-29 08:27,0,+16.6,+13.0,+14.3,+7.2,+7.3,+7.7,+7.6,+8.0,+8.1
2022-10-29 09:27,0,+16.6,+13.0,+14.3,+7.2,+7.5,+7.7,+7.7,+8.0,+8.2
2022-10-29 10:27,0,+16.6,+13.0,+14.3,+7.2,+7.3,+7.7,+7.7,+8.0,+8.1
2022-10-29 11:27,0,+16.6,+13.0,+14.3,+7.3,+7.3,+7.7,+7.7,+7.8,+8.1
2022-10-29 12:27,0,+16.6,+13.0,+14.3,+7.5,+7.3,+7.7,+7.7,+8.0,+8.2
2022-10-29 13:27,0,+16.6,+13.0,+14.3,+7.7,+7.3,+7.7,+7.7,+8.0,+8.2
2022-10-29 14:27,0,+16.6,+13.0,+14.4,+8.0,+7.5,+7.7,+7.7,+8.0,+8.1
2022-10-29 15:27,0,+16.6,+13.0,+14.4,+8.1,+7.6,+7.7,+7.7,+8.0,+8.2
2022-10-29 16:27,0,+16.6,+13.0,+14.4,+8.3,+7.7,+7.8,+7.7,+8.0,+8.1
2022-10-29 17:27,0,+16.6,+13.0,+14.4,+8.3,+7.8,+7.8,+7.7,+8.0,+8.1
2022-10-29 18:27,0,+16.6,+13.0,+14.4,+8.5,+7.8,+7.8,+7.7,+8.0,+8.2
2022-10-29 19:27,0,+16.6,+13.0,+14.4,+8.3,+8.0,+8.0,+7.7,+8.0,+8.2
2022-10-29 20:27,0,+16.6,+13.0,+14.4,+8.2,+8.0,+8.0,+7.8,+8.0,+8.2
2022-10-29 21:27,0,+16.6,+13.0,+14.4,+8.2,+8.0,+8.0,+7.8,+8.0,+8.2
2022-10-29 22:27,0,+16.6,+13.1,+14.4,+8.1,+8.0,+8.1,+7.8,+8.1,+8.2
2022-10-29 23:27,0,+16.6,+13.1,+14.4,+8.1,+7.8,+8.1,+7.8,+8.1,+8.2
2022-10-30 00:27,0,+16.6,+13.1,+14.4,+8.0,+7.8,+8.1,+7.8,+8.1,+8.2
2022-10-30 01:27,0,+16.6,+13.0,+14.4,+8.0,+7.8,+8.1,+7.8,+8.1,+8.2
2022-10-30 02:27,0,+16.6,+13.0,+14.4,+7.8,+7.8,+8.1,+7.8,+8.1,+8.3
2022-10-30 03:27,0,+16.6,+13.0,+14.4,+7.8,+7.8,+8.1,+7.8,+8.1,+8.3
2022-10-30 04:27,0,+16.6,+13.0,+14.4,+7.7,+7.8,+8.1,+8.0,+8.1,+8.3
2022-10-30 05:27,0,+16.7,+13.0,+14.4,+7.6,+7.7,+8.1,+8.0,+8.1,+8.3
2022-10-30 06:27,0,+16.7,+13.0,+14.4,+7.5,+7.7,+8.1,+8.0,+8.2,+8.3
2022-10-30 07:27,0,+16.7,+13.0,+14.3,+7.2,+7.6,+8.1,+8.0,+8.2,+8.3
2022-10-30 08:27,0,+16.7,+13.0,+14.3,+7.1,+7.6,+8.0,+8.0,+8.2,+8.3
2022-10-30 09:27,0,+16.7,+13.0,+14.3,+7.0,+7.5,+8.0,+8.0,+8.1,+8.3
2022-10-30 10:27,0,+16.7,+13.0,+14.3,+7.0,+7.3,+7.8,+8.0,+8.2,+8.3
2022-10-30 11:27,0,+16.7,+13.0,+14.3,+7.1,+7.3,+7.8,+7.8,+8.1,+8.3
2022-10-30 12:27,0,+16.7,+13.0,+14.3,+7.1,+7.2,+7.8,+8.0,+8.1,+8.3
2022-10-30 13:27,0,+16.7,+13.1,+14.3,+7.3,+7.2,+7.8,+7.8,+8.1,+8.3
2022-10-30 14:27,0,+16.7,+13.1,+14.3,+7.5,+7.3,+7.8,+7.8,+8.1,+8.3
2022-10-30 15:27,0,+16.7,+13.1,+14.4,+7.6,+7.5,+7.8,+7.8,+8.1,+8.3
2022-10-30 16:27,0,+16.7,+13.1,+14.4,+7.8,+7.5,+7.8,+7.8,+8.1,+8.3
2022-10-30 17:27,0,+16.7,+13.1,+14.4,+8.0,+7.6,+7.8,+7.8,+8.1,+8.2
2022-10-30 18:27,0,+16.7,+13.1,+14.4,+7.8,+7.6,+7.8,+7.8,+8.1,+8.2
2022-10-30 19:27,0,+16.7,+13.1,+14.4,+7.7,+7.7,+8.0,+7.8,+8.1,+8.3
2022-10-30 20:27,0,+16.7,+13.1,+14.4,+7.6,+7.7,+8.0,+7.8,+8.1,+8.3
2022-10-30 21:27,0,+16.7,+13.1,+14.4,+7.5,+7.6,+8.0,+8.0,+8.1,+8.3
2022-10-30 22:27,0,+16.7,+13.1,+14.4,+7.2,+7.5,+7.8,+8.0,+8.1,+8.2
2022-10-30 23:27,0,+16.7,+13.1,+14.3,+7.1,+7.5,+7.8,+7.8,+8.1,+8.3
2022-10-31 00:27,0,+16.7,+13.1,+14.3,+6.8,+7.3,+8.0,+8.0,+8.1,+8.3
2022-10-31 01:27,0,+16.7,+13.1,+14.3,+6.7,+7.2,+7.8,+7.8,+8.1,+8.3
2022-10-31 02:27,0,+16.7,+13.1,+14.3,+6.5,+7.2,+7.8,+7.8,+8.1,+8.3
2022-10-31 03:27,0,+16.7,+13.1,+14.3,+6.5,+7.1,+7.8,+7.8,+8.1,+8.3
2022-10-31 04:27,0,+16.7,+13.1,+14.3,+6.2,+7.0,+7.7,+7.8,+8.2,+8.3
2022-10-31 05:27,0,+16.7,+13.1,+14.3,+6.2,+6.8,+7.7,+7.7,+8.1,+8.3
2022-10-31 06:27,0,+16.7,+13.1,+14.3,+6.1,+6.8,+7.6,+7.8,+8.1,+8.3
2022-10-31 07:27,0,+16.7,+13.1,+14.3,+6.0,+6.7,+7.6,+7.7,+8.1,+8.3
2022-10-31 08:27,0,+16.7,+13.1,+14.3,+5.8,+6.6,+7.5,+7.7,+8.1,+8.3
2022-10-31 09:27,0,+16.7,+13.1,+14.3,+5.8,+6.5,+7.5,+7.7,+8.1,+8.2
2022-10-31 10:27,0,+16.7,+13.1,+14.3,+5.8,+6.5,+7.3,+7.6,+8.1,+8.2
2022-10-31 11:27,0,+16.7,+13.1,+14.3,+6.0,+6.5,+7.3,+7.6,+8.0,+8.2
2022-10-31 12:27,0,+16.7,+13.1,+14.3,+6.1,+6.3,+7.3,+7.6,+8.0,+8.2
2022-10-31 13:27,0,+16.7,+13.1,+14.3,+6.3,+6.5,+7.2,+7.6,+8.0,+8.2
2022-10-31 14:27,0,+16.7,+13.1,+14.3,+6.7,+6.6,+7.2,+7.5,+8.0,+8.2
2022-10-31 15:27,0,+16.7,+13.1,+14.3,+6.8,+6.7,+7.2,+7.5,+8.0,+8.2
2022-10-31 16:27,0,+16.7,+13.1,+14.3,+7.1,+6.8,+7.2,+7.5,+8.0,+8.2
2022-10-31 17:27,0,+16.7,+13.1,+14.3,+7.3,+7.0,+7.3,+7.5,+7.8,+8.1
2022-10-31 18:27,0,+16.7,+13.1,+14.3,+7.3,+7.1,+7.3,+7.5,+7.8,+8.1
2022-10-31 19:27,0,+16.7,+13.1,+14.3,+7.3,+7.1,+7.3,+7.5,+7.8,+8.1
2022-10-31 20:27,0,+16.8,+13.1,+14.3,+7.2,+7.2,+7.5,+7.5,+7.8,+8.1
2022-10-31 21:27,0,+16.7,+13.2,+14.3,+7.2,+7.2,+7.5,+7.5,+7.8,+8.1
2022-10-31 22:27,0,+16.8,+13.2,+14.4,+7.2,+7.2,+7.5,+7.6,+7.8,+8.1
2022-10-31 23:27,0,+16.8,+13.2,+14.4,+7.1,+7.2,+7.6,+7.5,+7.8,+8.1
2022-11-01 00:27,0,+16.8,+13.2,+14.3,+7.0,+7.1,+7.6,+7.6,+7.8,+8.1
2022-11-01 01:27,0,+16.8,+13.2,+14.3,+6.8,+7.1,+7.6,+7.6,+7.8,+8.1
2022-11-01 02:27,0,+16.8,+13.2,+14.3,+6.8,+7.1,+7.5,+7.6,+7.8,+8.1
2022-11-01 03:27,0,+16.8,+13.2,+14.3,+6.7,+7.0,+7.6,+7.6,+7.8,+8.1
2022-11-01 04:27,0,+16.8,+13.2,+14.3,+6.6,+7.0,+7.5,+7.6,+8.0,+8.1
2022-11-01 05:27,0,+16.8,+13.2,+14.3,+6.5,+6.8,+7.5,+7.6,+7.8,+8.1
2022-11-01 06:27,0,+16.8,+13.1,+14.3,+6.2,+6.8,+7.5,+7.6,+8.0,+8.1
2022-11-01 07:27,0,+16.8,+13.1,+14.3,+6.1,+6.7,+7.5,+7.6,+7.8,+8.1
2022-11-01 08:27,0,+16.8,+13.1,+14.3,+6.1,+6.6,+7.3,+7.6,+8.0,+8.1
2022-11-01 09:27,0,+16.8,+13.1,+14.3,+6.0,+6.6,+7.3,+7.6,+7.8,+8.1
2022-11-01 10:27,0,+16.8,+13.1,+14.3,+6.0,+6.5,+7.3,+7.5,+7.8,+8.1
2022-11-01 11:27,0,+16.8,+13.1,+14.3,+6.1,+6.5,+7.2,+7.5,+7.8,+8.1
2022-11-01 12:27,0,+16.8,+13.1,+14.3,+6.2,+6.5,+7.2,+7.5,+7.8,+8.1
2022-11-01 13:27,0,+16.8,+13.1,+14.3,+6.3,+6.5,+7.2,+7.5,+7.8,+8.1
2022-11-01 14:27,0,+16.8,+13.2,+14.3,+6.7,+6.6,+7.2,+7.3,+7.8,+8.1
2022-11-01 15:27,0,+16.8,+13.2,+14.3,+7.1,+6.7,+7.2,+7.3,+7.8,+8.1
2022-11-01 16:27,0,+16.8,+13.2,+14.4,+7.3,+6.8,+7.2,+7.3,+7.7,+8.0
2022-11-01 17:27,0,+16.8,+13.2,+14.4,+7.5,+7.0,+7.3,+7.3,+7.8,+8.1
2022-11-01 18:27,0,+16.8,+13.2,+14.4,+7.5,+7.1,+7.3,+7.3,+7.7,+8.0
2022-11-01 19:27,0,+16.8,+13.2,+14.4,+7.6,+7.2,+7.3,+7.3,+7.8,+8.0
2022-11-01 20:27,0,+16.8,+13.2,+14.4,+7.3,+7.2,+7.5,+7.3,+7.8,+8.0
2022-11-01 21:27,0,+16.8,+13.2,+14.4,+7.3,+7.2,+7.5,+7.5,+7.7,+8.0
2022-11-01 22:27,0,+16.8,+13.2,+14.4,+7.3,+7.2,+7.5,+7.5,+7.7,+8.0
2022-11-01 23:27,0,+16.8,+13.2,+14.4,+7.3,+7.2,+7.5,+7.5,+7.8,+8.1
2022-11-02 00:27,0,+16.8,+13.2,+14.4,+7.2,+7.2,+7.6,+7.5,+7.8,+8.0
2022-11-02 01:27,0,+16.8,+13.2,+14.4,+7.2,+7.2,+7.6,+7.5,+7.8,+8.0
2022-11-02 02:27,0,+16.8,+13.2,+14.4,+7.1,+7.2,+7.6,+7.5,+7.8,+8.1
2022-11-02 03:27,0,+16.8,+13.2,+14.4,+7.1,+7.2,+7.5,+7.5,+7.8,+8.1
2022-11-02 04:27,0,+16.8,+13.2,+14.4,+7.1,+7.1,+7.6,+7.6,+7.8,+8.1
2022-11-02 05:27,0,+16.9,+13.2,+14.4,+7.0,+7.1,+7.6,+7.6,+7.8,+8.0
2022-11-02 06:27,0,+16.9,+13.2,+14.4,+7.0,+7.1,+7.6,+7.6,+7.8,+8.1
2022-11-02 07:27,0,+16.9,+13.2,+14.4,+7.0,+7.1,+7.6,+7.6,+7.8,+8.1
2022-11-02 08:27,0,+16.9,+13.2,+14.4,+7.0,+7.1,+7.5,+7.6,+7.8,+8.1
2022-11-02 09:27,0,+16.9,+13.2,+14.7,+7.0,+7.1,+7.5,+7.6,+7.8,+8.1
2022-11-02 10:27,0,+16.9,+13.2,+14.7,+7.0,+7.0,+7.5,+7.5,+7.8,+8.1
2022-11-02 11:27,0,+16.9,+13.2,+14.7,+7.2,+7.1,+7.5,+7.5,+7.8,+8.1
2022-11-02 12:27,0,+16.8,+13.2,+14.7,+7.5,+7.1,+7.5,+7.6,+7.8,+8.1
2022-11-02 13:27,0,+16.8,+13.2,+14.7,+7.8,+7.2,+7.5,+7.5,+7.8,+8.0
2022-11-02 14:27,0,+16.8,+13.2,+14.8,+8.2,+7.3,+7.6,+7.6,+7.8,+8.1
2022-11-02 15:27,0,+16.8,+13.2,+14.8,+8.5,+7.6,+7.7,+7.5,+7.8,+8.1
2022-11-02 16:27,0,+16.8,+13.2,+14.8,+8.7,+7.8,+7.7,+7.6,+7.8,+8.1
2022-11-02 17:27,0,+16.8,+13.2,+14.8,+9.0,+8.0,+7.7,+7.6,+7.8,+8.1
2022-11-02 18:27,0,+16.9,+13.2,+14.8,+9.0,+8.1,+7.8,+7.6,+7.8,+8.1
2022-11-02 19:27,0,+16.8,+13.2,+14.8,+9.1,+8.2,+8.0,+7.7,+8.0,+8.1
2022-11-02 20:27,0,+16.8,+13.2,+14.8,+9.1,+8.3,+8.0,+7.7,+7.8,+8.1
2022-11-02 21:27,0,+16.8,+13.2,+14.8,+9.2,+8.3,+8.1,+7.8,+8.0,+8.1
2022-11-02 22:27,0,+16.8,+13.2,+14.8,+9.2,+8.5,+8.2,+7.8,+8.0,+8.1
2022-11-02 23:27,0,+16.8,+13.3,+14.8,+9.2,+8.5,+8.2,+7.8,+8.0,+8.1
2022-11-03 00:27,0,+16.8,+13.3,+14.8,+9.2,+8.6,+8.3,+7.8,+8.0,+8.2
2022-11-03 01:27,0,+16.8,+13.2,+14.8,+9.2,+8.6,+8.3,+8.0,+8.0,+8.2
2022-11-03 02:27,0,+16.8,+13.3,+14.8,+9.2,+8.6,+8.5,+8.0,+8.1,+8.2
2022-11-03 03:27,0,+16.8,+13.3,+14.8,+9.1,+8.7,+8.5,+8.0,+8.1,+8.2
2022-11-03 04:27,0,+16.8,+13.2,+14.8,+9.1,+8.6,+8.5,+8.1,+8.1,+8.2
2022-11-03 05:27,0,+16.8,+13.3,+14.8,+9.0,+8.6,+8.5,+8.1,+8.2,+8.3
2022-11-03 06:27,0,+16.8,+13.3,+14.8,+9.0,+8.6,+8.6,+8.1,+8.2,+8.2
2022-11-03 07:27,0,+16.8,+13.2,+14.8,+8.8,+8.6,+8.6,+8.1,+8.2,+8.3
2022-11-03 08:27,0,+16.8,+13.2,+14.8,+8.7,+8.5,+8.6,+8.2,+8.2,+8.3
2022-11-03 09:27,0,+16.8,+13.2,+14.8,+8.7,+8.5,+8.6,+8.1,+8.2,+8.3
2022-11-03 10:27,0,+16.8,+13.2,+14.8,+8.7,+8.5,+8.5,+8.2,+8.3,+8.3
2022-11-03 11:27,0,+16.8,+13.2,+14.8,+8.7,+8.5,+8.5,+8.2,+8.2,+8.3
2022-11-03 12:27,0,+16.8,+13.2,+14.8,+8.8,+8.5,+8.5,+8.2,+8.2,+8.5
2022-11-03 13:27,0,+16.8,+13.2,+14.8,+9.1,+8.5,+8.6,+8.2,+8.3,+8.5
2022-11-03 14:27,0,+16.8,+13.2,+14.8,+9.3,+8.6,+8.6,+8.2,+8.3,+8.5
2022-11-03 15:27,0,+16.8,+13.2,+14.8,+9.5,+8.7,+8.6,+8.2,+8.3,+8.5
2022-11-03 16:27,0,+16.8,+13.2,+14.8,+9.5,+8.8,+8.6,+8.2,+8.3,+8.5
2022-11-03 17:27,0,+16.8,+13.2,+14.8,+9.5,+8.8,+8.7,+8.2,+8.3,+8.5
2022-11-03 18:27,0,+16.8,+13.2,+14.8,+9.3,+9.0,+8.7,+8.3,+8.3,+8.5
2022-11-03 19:27,0,+16.8,+13.2,+14.8,+9.2,+8.8,+8.7,+8.2,+8.3,+8.5
2022-11-03 20:27,0,+17.1,+13.3,+14.9,+9.0,+8.8,+8.7,+8.3,+8.5,+8.6
2022-11-03 21:27,0,+17.2,+13.3,+14.9,+9.0,+8.7,+8.7,+8.3,+8.5,+8.6
2022-11-03 22:27,0,+17.4,+13.3,+14.9,+8.7,+8.7,+8.8,+8.3,+8.5,+8.6
2022-11-03 23:27,0,+17.5,+13.3,+14.9,+8.6,+8.6,+8.7,+8.3,+8.5,+8.6
2022-11-04 00:27,0,+17.5,+13.3,+14.8,+8.3,+8.5,+8.7,+8.3,+8.5,+8.6
2022-11-04 01:27,0,+17.5,+13.3,+14.8,+8.3,+8.5,+8.7,+8.5,+8.5,+8.6
2022-11-04 02:27,0,+17.4,+13.3,+14.8,+8.2,+8.3,+8.7,+8.5,+8.5,+8.6
2022-11-04 03:27,0,+17.4,+13.3,+14.8,+8.1,+8.2,+8.6,+8.3,+8.5,+8.6
2022-11-04 04:27,0,+17.4,+13.3,+14.8,+7.8,+8.2,+8.6,+8.3,+8.5,+8.6
2022-11-04 05:27,0,+17.4,+13.3,+14.8,+7.8,+8.1,+8.6,+8.3,+8.5,+8.6
2022-11-04 06:27,0,+17.3,+13.3,+14.8,+7.6,+8.0,+8.5,+8.3,+8.5,+8.6
2022-11-04 07:27,0,+17.3,+13.3,+14.8,+7.5,+8.0,+8.5,+8.3,+8.5,+8.7
2022-11-04 08:27,0,+17.3,+13.3,+14.8,+7.3,+7.8,+8.3,+8.3,+8.5,+8.6
2022-11-04 09:27,0,+17.2,+13.3,+14.8,+7.2,+7.7,+8.3,+8.2,+8.5,+8.7
2022-11-04 10:27,0,+17.2,+13.3,+14.8,+7.1,+7.6,+8.3,+8.3,+8.5,+8.6
2022-11-04 11:27,0,+17.2,+13.3,+14.8,+7.1,+7.5,+8.2,+8.2,+8.5,+8.6
2022-11-04 12:27,0,+17.2,+13.3,+14.8,+7.1,+7.5,+8.2,+8.2,+8.5,+8.6
2022-11-04 13:27,0,+17.1,+13.3,+14.8,+7.0,+7.5,+8.1,+8.2,+8.5,+8.6
2022-11-04 14:27,0,+17.1,+13.3,+14.8,+7.0,+7.3,+8.1,+8.1,+8.5,+8.6
2022-11-04 15:27,0,+17.1,+13.3,+14.8,+7.0,+7.3,+8.0,+8.1,+8.3,+8.6
2022-11-04 16:27,0,+17.1,+13.3,+14.8,+7.0,+7.3,+8.0,+8.1,+8.3,+8.5
2022-11-04 17:27,0,+17.1,+13.3,+14.8,+6.8,+7.2,+8.0,+8.1,+8.3,+8.5
2022-11-04 18:27,0,+17.1,+13.3,+14.8,+6.7,+7.2,+7.8,+8.1,+8.3,+8.5
2022-11-04 19:27,0,+17.1,+13.3,+14.7,+6.6,+7.2,+8.0,+8.0,+8.3,+8.5
2022-11-04 20:27,0,+17.1,+13.2,+14.7,+6.3,+7.1,+7.8,+8.0,+8.3,+8.5
2022-11-04 21:27,0,+17.0,+13.2,+14.7,+6.2,+7.0,+7.7,+8.0,+8.3,+8.5
2022-11-04 22:27,0,+17.1,+13.2,+14.7,+6.1,+6.8,+7.7,+8.0,+8.2,+8.5
2022-11-04 23:27,0,+17.1,+13.2,+14.7,+5.8,+6.7,+7.6,+8.0,+8.2,+8.3
2022-11-05 00:27,0,+17.0,+13.2,+14.7,+5.7,+6.6,+7.6,+7.8,+8.2,+8.5
2022-11-05 01:27,0,+17.0,+13.3,+14.7,+5.5,+6.5,+7.5,+7.8,+8.2,+8.3
2022-11-05 02:27,0,+17.0,+13.3,+14.8,+5.3,+6.3,+7.3,+7.8,+8.2,+8.3
2022-11-05 03:27,0,+17.0,+13.3,+14.7,+5.2,+6.2,+7.3,+7.7,+8.1,+8.3
2022-11-05 04:27,0,+16.9,+13.2,+14.6,+5.0,+6.1,+7.2,+7.6,+8.1,+8.3
2022-11-05 05:27,0,+16.9,+13.3,+14.8,+4.8,+6.0,+7.2,+7.6,+8.1,+8.3
2022-11-05 06:27,0,+16.9,+13.3,+14.8,+4.7,+5.8,+7.1,+7.6,+8.1,+8.3
2022-11-05 07:27,0,+16.9,+13.2,+15.0,+4.6,+5.7,+7.0,+7.6,+8.1,+8.2
2022-11-05 08:27,0,+16.9,+13.2,+15.1,+4.5,+5.7,+7.0,+7.5,+8.0,+8.2
2022-11-05 09:27,0,+16.8,+13.2,+14.9,+4.3,+5.5,+6.8,+7.3,+8.0,+8.2
2022-11-05 10:27,0,+16.8,+13.2,+15.2,+4.3,+5.5,+6.8,+7.3,+8.0,+8.2
2022-11-05 11:27,0,+16.8,+13.3,+14.6,+4.3,+5.3,+6.7,+7.3,+7.8,+8.2
2022-11-05 12:27,0,+16.8,+13.3,+14.6,+4.5,+5.3,+6.6,+7.2,+7.8,+8.1
2022-11-05 13:27,0,+16.8,+13.3,+14.6,+4.6,+5.3,+6.6,+7.2,+7.8,+8.1
2022-11-05 14:27,0,+16.8,+13.3,+14.7,+4.7,+5.3,+6.5,+7.1,+7.7,+8.1
2022-11-05 15:27,0,+16.8,+13.3,+14.7,+4.8,+5.3,+6.5,+7.1,+7.7,+8.0
2022-11-05 16:27,0,+16.9,+13.3,+14.7,+4.8,+5.3,+6.5,+7.1,+7.6,+8.0
2022-11-05 17:27,0,+16.9,+13.3,+14.7,+5.0,+5.5,+6.5,+7.0,+7.6,+8.0
2022-11-05 18:27,0,+16.9,+13.3,+14.7,+5.0,+5.5,+6.5,+7.0,+7.6,+8.0
2022-11-05 19:27,0,+16.9,+13.3,+14.7,+5.0,+5.5,+6.5,+7.0,+7.6,+7.8
2022-11-05 20:27,0,+16.9,+13.3,+14.6,+5.0,+5.5,+6.5,+7.0,+7.6,+7.8
2022-11-05 21:27,0,+16.9,+13.3,+14.6,+4.8,+5.5,+6.5,+7.0,+7.5,+7.8
2022-11-05 22:27,0,+16.9,+13.3,+14.6,+4.7,+5.5,+6.5,+7.0,+7.5,+7.8
2022-11-05 23:27,0,+16.9,+13.3,+14.6,+4.7,+5.5,+6.3,+6.8,+7.5,+7.7
2022-11-06 00:27,0,+16.9,+13.3,+14.6,+4.6,+5.3,+6.3,+6.8,+7.5,+7.7
2022-11-06 01:27,0,+16.9,+13.3,+14.6,+4.7,+5.3,+6.3,+6.8,+7.5,+7.7
2022-11-06 01:27,0,+16.8,+13.3,+14.7,+4.7,+5.3,+6.3,+6.8,+7.3,+7.7
2022-11-06 02:27,0,+16.9,+13.3,+14.7,+4.7,+5.3,+6.3,+6.8,+7.5,+7.7
2022-11-06 03:27,0,+16.9,+13.3,+14.7,+4.7,+5.2,+6.2,+6.8,+7.3,+7.6
2022-11-06 04:27,0,+16.9,+13.3,+14.7,+4.7,+5.3,+6.2,+6.7,+7.3,+7.6
2022-11-06 05:27,0,+17.0,+13.3,+14.7,+4.7,+5.2,+6.2,+6.7,+7.3,+7.6
2022-11-06 06:27,0,+17.0,+13.4,+14.7,+4.8,+5.2,+6.2,+6.7,+7.3,+7.6
2022-11-06 07:27,0,+17.0,+13.4,+14.7,+4.8,+5.3,+6.2,+6.7,+7.3,+7.6
2022-11-06 08:27,0,+17.0,+13.4,+14.7,+4.8,+5.3,+6.2,+6.7,+7.3,+7.6
2022-11-06 09:27,0,+17.0,+13.4,+14.7,+4.8,+5.3,+6.2,+6.7,+7.2,+7.5
2022-11-06 10:27,0,+17.0,+13.4,+14.7,+4.8,+5.2,+6.2,+6.6,+7.2,+7.5
2022-11-06 11:27,0,+17.0,+13.4,+14.7,+4.8,+5.3,+6.2,+6.6,+7.2,+7.6
2022-11-06 12:27,0,+17.0,+13.4,+14.7,+5.0,+5.3,+6.2,+6.7,+7.2,+7.5
2022-11-06 13:27,0,+17.0,+13.4,+14.7,+5.0,+5.3,+6.2,+6.6,+7.2,+7.5
2022-11-06 14:27,0,+17.0,+13.4,+14.7,+4.8,+5.3,+6.2,+6.6,+7.2,+7.5
2022-11-06 15:27,0,+17.0,+13.4,+14.7,+4.8,+5.3,+6.1,+6.6,+7.2,+7.5
2022-11-06 16:27,0,+17.0,+13.4,+14.7,+4.7,+5.3,+6.2,+6.6,+7.1,+7.5
2022-11-06 17:27,0,+17.0,+13.3,+14.7,+4.7,+5.2,+6.1,+6.6,+7.1,+7.5
2022-11-06 18:27,0,+17.0,+13.3,+14.7,+4.6,+5.2,+6.1,+6.6,+7.1,+7.5
2022-11-06 19:27,0,+17.0,+13.3,+14.7,+4.5,+5.2,+6.1,+6.5,+7.1,+7.3
2022-11-06 20:27,0,+17.0,+13.3,+14.7,+4.5,+5.1,+6.1,+6.5,+7.1,+7.5
2022-11-06 21:27,0,+17.0,+13.3,+14.6,+4.3,+5.1,+6.1,+6.5,+7.1,+7.3
2022-11-06 22:27,0,+16.9,+13.3,+14.6,+4.2,+5.0,+6.1,+6.5,+7.1,+7.3
2022-11-06 23:27,0,+16.9,+13.3,+14.9,+4.2,+5.0,+6.0,+6.5,+7.1,+7.3
2022-11-07 00:27,0,+16.9,+13.3,+14.9,+4.1,+4.8,+6.0,+6.5,+7.0,+7.3
2022-11-07 01:27,0,+16.9,+13.3,+15.1,+4.1,+4.8,+6.0,+6.3,+7.0,+7.2
2022-11-07 02:27,0,+16.9,+13.3,+15.1,+4.1,+4.8,+5.8,+6.3,+7.0,+7.3
2022-11-07 03:27,0,+16.9,+13.3,+15.1,+4.1,+4.8,+5.8,+6.3,+7.0,+7.3
2022-11-07 04:27,0,+16.9,+13.3,+15.1,+4.1,+4.7,+5.8,+6.3,+7.0,+7.2
2022-11-07 05:27,0,+16.9,+13.3,+14.7,+4.0,+4.7,+5.8,+6.3,+7.0,+7.2
2022-11-07 06:27,0,+16.9,+13.3,+15.2,+4.0,+4.7,+5.8,+6.3,+7.0,+7.2
2022-11-07 07:27,0,+16.9,+13.3,+15.2,+4.0,+4.6,+5.7,+6.2,+6.8,+7.2
2022-11-07 08:27,0,+16.9,+13.3,+14.7,+4.0,+4.7,+5.7,+6.2,+6.8,+7.2
2022-11-07 09:27,0,+16.9,+13.3,+15.1,+4.0,+4.6,+5.7,+6.2,+6.8,+7.2
2022-11-07 10:27,0,+16.9,+13.3,+15.2,+4.1,+4.6,+5.7,+6.2,+6.8,+7.1
2022-11-07 11:27,0,+16.9,+13.3,+15.2,+4.2,+4.6,+5.6,+6.2,+6.7,+7.1
2022-11-07 12:27,0,+16.9,+13.3,+15.3,+4.3,+4.6,+5.6,+6.2,+6.8,+7.1
2022-11-07 13:27,0,+16.9,+13.3,+15.3,+4.3,+4.7,+5.6,+6.1,+6.7,+7.1
2022-11-07 14:27,0,+16.9,+13.3,+15.0,+4.5,+4.7,+5.6,+6.1,+6.7,+7.1
2022-11-07 15:27,0,+16.9,+13.3,+15.0,+4.6,+4.8,+5.6,+6.1,+6.7,+7.0
2022-11-07 16:27,0,+16.9,+13.3,+15.0,+4.6,+4.8,+5.7,+6.1,+6.7,+7.0
2022-11-07 17:27,0,+16.9,+13.4,+15.0,+4.6,+4.8,+5.6,+6.1,+6.7,+7.0
2022-11-07 18:27,0,+16.9,+13.3,+15.0,+4.5,+4.8,+5.6,+6.1,+6.6,+7.0
2022-11-07 19:27,0,+16.9,+13.3,+15.0,+4.3,+4.8,+5.6,+6.1,+6.7,+7.0
2022-11-07 20:27,0,+16.9,+13.3,+15.0,+4.3,+4.8,+5.7,+6.1,+6.7,+7.0
2022-11-07 21:27,0,+16.9,+13.4,+15.0,+4.3,+4.8,+5.6,+6.1,+6.6,+7.0
2022-11-07 22:27,0,+16.9,+13.4,+15.0,+4.3,+4.8,+5.6,+6.1,+6.6,+7.0
2022-11-07 23:27,0,+16.8,+13.4,+15.0,+4.3,+4.7,+5.6,+6.1,+6.7,+7.0
2022-11-08 00:27,0,+16.9,+13.4,+15.0,+4.3,+4.8,+5.6,+6.1,+6.6,+7.0
2022-11-08 01:27,0,+16.9,+13.4,+15.0,+4.2,+4.7,+5.6,+6.1,+6.6,+7.0
2022-11-08 02:27,0,+16.9,+13.3,+15.4,+4.2,+4.7,+5.6,+6.1,+6.6,+6.8
2022-11-08 03:27,0,+16.8,+13.3,+15.4,+4.2,+4.7,+5.6,+6.1,+6.6,+7.0
2022-11-08 04:27,0,+16.8,+13.3,+15.5,+4.2,+4.7,+5.6,+6.0,+6.6,+6.8
2022-11-08 05:27,0,+16.8,+13.3,+15.5,+4.2,+4.7,+5.6,+6.1,+6.6,+6.8
2022-11-08 06:27,0,+16.8,+13.4,+15.2,+4.2,+4.7,+5.6,+6.0,+6.6,+6.8
2022-11-08 07:27,0,+16.8,+13.4,+15.4,+4.2,+4.7,+5.6,+6.0,+6.6,+6.8
2022-11-08 08:27,0,+16.8,+13.4,+15.5,+4.2,+4.7,+5.6,+6.0,+6.5,+6.8
2022-11-08 09:27,0,+16.8,+13.4,+15.2,+4.3,+4.7,+5.5,+6.0,+6.6,+6.8
2022-11-08 10:27,0,+16.8,+13.4,+15.2,+4.3,+4.7,+5.6,+6.0,+6.5,+6.8
2022-11-08 11:27,0,+16.8,+13.4,+15.2,+4.3,+4.6,+5.5,+6.0,+6.5,+6.7
2022-11-08 12:27,0,+16.8,+13.4,+15.1,+4.5,+4.7,+5.5,+6.0,+6.5,+6.8
2022-11-08 13:27,0,+16.8,+13.4,+15.2,+4.6,+4.7,+5.5,+6.0,+6.5,+6.8
2022-11-08 14:27,0,+16.8,+13.4,+15.2,+4.7,+4.7,+5.5,+6.0,+6.5,+6.8
2022-11-08 15:27,0,+16.8,+13.4,+15.2,+4.7,+4.8,+5.6,+5.8,+6.5,+6.8
2022-11-08 16:27,0,+16.9,+13.4,+15.2,+4.7,+4.8,+5.5,+6.0,+6.5,+6.8
2022-11-08 17:27,0,+16.9,+13.4,+15.2,+4.8,+5.0,+5.6,+5.8,+6.5,+6.7
2022-11-08 18:27,0,+17.0,+13.4,+15.2,+4.8,+5.0,+5.6,+5.8,+6.5,+6.7
2022-11-08 19:27,0,+17.0,+13.5,+15.2,+4.8,+5.0,+5.6,+5.8,+6.5,+6.7
2022-11-08 20:27,0,+17.0,+13.5,+15.2,+4.8,+5.0,+5.7,+6.0,+6.5,+6.7
2022-11-08 21:27,0,+17.0,+13.5,+15.2,+5.0,+5.0,+5.6,+5.8,+6.3,+6.7
2022-11-08 22:27,0,+17.0,+13.5,+15.2,+5.0,+5.1,+5.6,+6.0,+6.5,+6.7
2022-11-08 23:27,0,+17.0,+13.5,+15.2,+5.0,+5.1,+5.7,+6.0,+6.5,+6.8
2022-11-09 00:27,0,+17.0,+13.5,+15.3,+5.0,+5.1,+5.7,+6.0,+6.5,+6.7
2022-11-09 01:27,0,+17.0,+13.5,+15.3,+5.1,+5.1,+5.7,+6.0,+6.5,+6.7
2022-11-09 02:27,0,+17.0,+13.5,+15.3,+5.2,+5.2,+5.7,+6.0,+6.5,+6.7
2022-11-09 03:27,0,+17.0,+13.5,+15.3,+5.2,+5.2,+5.7,+6.0,+6.5,+6.7
2022-11-09 04:27,0,+17.3,+13.5,+15.3,+5.2,+5.2,+5.7,+6.0,+6.5,+6.7
2022-11-09 05:27,0,+17.2,+13.5,+15.3,+5.3,+5.3,+5.7,+6.0,+6.5,+6.7
2022-11-09 06:27,0,+17.2,+13.5,+15.3,+5.3,+5.3,+5.7,+6.0,+6.5,+6.7
2022-11-09 07:27,0,+17.2,+13.5,+15.3,+5.5,+5.3,+5.8,+6.0,+6.5,+6.7
2022-11-09 08:27,0,+17.2,+13.5,+15.3,+5.5,+5.5,+5.8,+6.0,+6.5,+6.7
2022-11-09 09:27,0,+17.2,+13.5,+15.3,+5.5,+5.5,+5.8,+6.0,+6.5,+6.7
2022-11-09 10:27,0,+17.2,+13.5,+15.3,+5.6,+5.5,+6.0,+6.1,+6.5,+6.7
2022-11-09 11:27,0,+17.6,+13.5,+15.3,+5.7,+5.5,+5.8,+6.0,+6.5,+6.7
2022-11-09 12:27,0,+20.2,+13.5,+15.3,+5.7,+5.6,+6.0,+6.1,+6.5,+6.7
2022-11-09 13:27,0,+19.8,+13.7,+15.3,+5.8,+5.6,+6.0,+6.1,+6.5,+6.7
2022-11-09 14:27,0,+19.5,+13.8,+15.4,+5.8,+5.6,+6.0,+6.1,+6.5,+6.7
2022-11-09 15:27,0,+19.2,+13.8,+15.4,+6.0,+5.7,+6.1,+6.1,+6.5,+6.7
2022-11-09 16:27,0,+19.1,+13.9,+15.5,+6.0,+5.7,+6.1,+6.1,+6.5,+6.7
2022-11-09 17:27,0,+18.9,+13.9,+15.5,+6.0,+5.8,+6.1,+6.1,+6.5,+6.7
2022-11-09 18:27,0,+18.9,+13.9,+15.6,+6.0,+5.8,+6.1,+6.2,+6.5,+6.7
2022-11-09 19:27,0,+18.8,+13.9,+15.6,+6.0,+5.8,+6.1,+6.1,+6.5,+6.7
2022-11-09 20:27,0,+18.7,+13.9,+15.6,+6.0,+5.8,+6.2,+6.2,+6.6,+6.8
2022-11-09 21:27,0,+18.6,+14.0,+15.6,+5.8,+5.8,+6.2,+6.2,+6.6,+6.8
2022-11-09 22:27,0,+18.6,+14.0,+15.6,+5.8,+5.8,+6.2,+6.2,+6.6,+6.7
2022-11-09 23:27,0,+18.5,+14.0,+15.6,+5.8,+5.8,+6.2,+6.2,+6.6,+6.8
2022-11-10 00:27,0,+18.5,+14.0,+15.6,+5.8,+5.8,+6.2,+6.2,+6.6,+6.7
2022-11-10 01:27,0,+18.4,+13.9,+15.6,+5.7,+5.7,+6.2,+6.2,+6.6,+6.8
2022-11-10 02:27,0,+19.3,+13.9,+15.6,+5.6,+5.7,+6.2,+6.2,+6.6,+6.8
2022-11-10 03:27,0,+19.4,+14.0,+15.7,+5.6,+5.7,+6.2,+6.2,+6.6,+6.8
2022-11-10 04:27,0,+19.3,+14.0,+15.7,+5.5,+5.7,+6.1,+6.2,+6.6,+6.8
2022-11-10 05:27,0,+19.7,+14.0,+15.7,+5.5,+5.7,+6.2,+6.2,+6.6,+6.8
2022-11-10 06:27,0,+20.9,+14.3,+15.8,+5.3,+5.6,+6.1,+6.2,+6.6,+6.8
2022-11-10 07:27,0,+20.4,+14.7,+15.8,+5.2,+5.6,+6.1,+6.2,+6.6,+6.8
2022-11-10 08:27,0,+20.9,+14.9,+16.0,+5.1,+5.5,+6.1,+6.2,+6.6,+6.8
2022-11-10 09:27,0,+21.0,+15.4,+16.1,+5.0,+5.3,+6.1,+6.2,+6.6,+6.8
2022-11-10 10:27,0,+20.9,+15.8,+16.4,+5.0,+5.3,+6.0,+6.2,+6.6,+6.8
2022-11-10 11:27,0,+20.3,+15.9,+16.6,+5.0,+5.3,+6.0,+6.2,+6.6,+6.8
2022-11-10 12:27,0,+20.1,+15.8,+16.7,+5.0,+5.2,+6.0,+6.1,+6.5,+6.8
2022-11-10 13:27,0,+19.9,+15.8,+16.9,+5.0,+5.2,+6.0,+6.2,+6.6,+6.8
2022-11-10 14:27,0,+19.8,+15.7,+17.0,+5.0,+5.2,+6.0,+6.2,+6.5,+6.8
2022-11-10 15:27,0,+20.0,+15.7,+17.3,+5.0,+5.2,+5.8,+6.2,+6.6,+6.7
2022-11-10 16:27,0,+20.4,+15.8,+17.7,+5.0,+5.2,+5.8,+6.1,+6.5,+6.7
2022-11-10 17:27,0,+20.3,+16.0,+18.2,+5.0,+5.2,+5.8,+6.1,+6.5,+6.8
2022-11-10 18:27,0,+20.2,+16.0,+18.5,+4.8,+5.2,+5.8,+6.1,+6.5,+6.7
2022-11-10 19:27,0,+20.3,+16.2,+19.7,+4.7,+5.2,+5.8,+6.1,+6.5,+6.7
2022-11-10 20:27,0,+20.3,+16.3,+21.3,+4.6,+5.1,+5.8,+6.1,+6.5,+6.7
2022-11-10 21:27,0,+20.2,+16.5,+25.4,+4.5,+5.1,+5.7,+6.0,+6.5,+6.7
2022-11-10 22:27,0,+20.0,+16.6,+27.6,+4.5,+5.0,+5.7,+6.0,+6.5,+6.7
2022-11-10 23:27,0,+19.9,+16.6,+29.7,+4.5,+5.0,+5.7,+6.0,+6.3,+6.7
2022-11-11 00:27,0,+19.8,+16.7,+30.7,+4.5,+4.8,+5.6,+6.0,+6.3,+6.6
2022-11-11 01:27,0,+19.8,+16.7,+31.2,+4.3,+4.8,+5.6,+6.0,+6.3,+6.6
2022-11-11 02:27,0,+19.7,+16.8,+31.6,+4.3,+4.8,+5.6,+6.0,+6.3,+6.6
2022-11-11 03:27,0,+19.7,+16.9,+31.9,+4.2,+4.7,+5.6,+5.8,+6.3,+6.6
2022-11-11 04:27,0,+19.6,+17.0,+32.2,+4.2,+4.7,+5.6,+5.8,+6.3,+6.7
2022-11-11 05:27,0,+19.5,+17.1,+32.1,+4.2,+4.7,+5.5,+5.8,+6.3,+6.6
2022-11-11 06:27,0,+19.5,+17.1,+32.1,+4.1,+4.7,+5.5,+5.8,+6.3,+6.6
2022-11-11 07:27,0,+19.5,+17.1,+32.2,+4.1,+4.6,+5.5,+5.8,+6.3,+6.6
2022-11-11 08:27,0,+19.5,+17.1,+32.1,+4.1,+4.5,+5.5,+5.8,+6.3,+6.6
2022-11-11 09:27,0,+19.5,+17.2,+32.0,+4.1,+4.6,+5.3,+5.7,+6.3,+6.6
2022-11-11 10:27,0,+19.5,+17.2,+31.9,+4.0,+4.6,+5.3,+5.7,+6.2,+6.6
2022-11-11 11:27,0,+19.5,+17.1,+31.8,+4.1,+4.5,+5.3,+5.7,+6.2,+6.5
2022-11-11 12:27,0,+19.4,+17.2,+31.8,+4.0,+4.5,+5.3,+5.7,+6.2,+6.6
2022-11-11 13:27,0,+19.4,+17.1,+31.7,+4.0,+4.5,+5.3,+5.7,+6.2,+6.5
2022-11-11 14:27,0,+19.4,+17.2,+31.6,+4.0,+4.5,+5.3,+5.7,+6.2,+6.5
2022-11-11 15:27,0,+19.4,+17.2,+31.5,+4.0,+4.5,+5.2,+5.7,+6.2,+6.5
2022-11-11 16:27,0,+19.4,+17.1,+31.0,+4.0,+4.3,+5.2,+5.6,+6.2,+6.5
2022-11-11 17:27,0,+19.4,+17.1,+30.9,+3.8,+4.5,+5.2,+5.6,+6.1,+6.5
2022-11-11 18:27,0,+19.4,+17.1,+30.8,+3.8,+4.3,+5.2,+5.6,+6.1,+6.5
2022-11-11 19:27,0,+19.3,+17.1,+30.7,+3.7,+4.3,+5.2,+5.6,+6.1,+6.3
2022-11-11 20:27,0,+19.3,+17.1,+30.6,+3.7,+4.3,+5.2,+5.6,+6.1,+6.3
2022-11-11 21:27,0,+19.3,+17.1,+30.5,+3.7,+4.2,+5.2,+5.5,+6.1,+6.3
2022-11-11 22:27,0,+19.3,+17.1,+30.5,+3.7,+4.2,+5.1,+5.5,+6.0,+6.3
2022-11-11 23:27,0,+19.3,+17.1,+30.4,+3.7,+4.2,+5.1,+5.6,+6.1,+6.3
2022-11-12 00:27,0,+19.2,+17.0,+30.4,+3.7,+4.2,+5.1,+5.5,+6.1,+6.3
2022-11-12 01:27,0,+19.2,+17.0,+30.3,+3.6,+4.1,+5.1,+5.5,+6.1,+6.3
2022-11-12 02:27,0,+19.2,+17.0,+30.3,+3.6,+4.1,+5.1,+5.5,+6.0,+6.3
2022-11-12 03:27,0,+19.2,+17.0,+30.3,+3.6,+4.1,+5.0,+5.5,+6.0,+6.3
2022-11-12 04:27,0,+19.2,+16.9,+30.2,+3.5,+4.1,+5.0,+5.3,+6.0,+6.2
2022-11-12 05:27,0,+19.2,+16.9,+30.2,+3.5,+4.0,+5.0,+5.3,+6.0,+6.2
2022-11-12 06:27,0,+19.1,+16.9,+30.1,+3.5,+4.0,+5.0,+5.3,+6.0,+6.2
2022-11-12 07:27,0,+19.1,+16.9,+30.1,+3.3,+4.0,+5.0,+5.3,+5.8,+6.2
2022-11-12 08:27,0,+19.1,+16.9,+30.1,+3.3,+4.0,+4.8,+5.3,+6.0,+6.2
2022-11-12 09:27,0,+19.1,+16.9,+30.0,+3.3,+3.8,+4.8,+5.3,+5.8,+6.2
2022-11-12 10:27,0,+19.1,+16.8,+30.0,+3.2,+3.8,+4.8,+5.3,+5.8,+6.2
2022-11-12 11:27,0,+19.1,+16.8,+30.0,+3.2,+3.8,+4.8,+5.3,+5.8,+6.2
2022-11-12 12:27,0,+19.1,+16.8,+30.0,+3.2,+3.8,+4.8,+5.2,+5.8,+6.1
2022-11-12 13:27,0,+19.1,+16.8,+30.0,+3.3,+3.8,+4.7,+5.2,+5.8,+6.1
2022-11-12 14:27,0,+19.1,+16.8,+29.9,+3.2,+3.8,+4.7,+5.2,+5.7,+6.1
2022-11-12 15:27,0,+19.1,+16.8,+29.9,+3.2,+3.8,+4.7,+5.2,+5.7,+6.1
2022-11-12 16:27,0,+19.1,+16.7,+29.9,+3.2,+3.7,+4.7,+5.2,+5.8,+6.1
2022-11-12 17:27,0,+19.1,+16.7,+29.8,+3.2,+3.7,+4.7,+5.1,+5.7,+6.1
2022-11-12 18:27,0,+19.0,+16.7,+29.8,+3.2,+3.7,+4.6,+5.1,+5.7,+6.1
2022-11-12 19:27,0,+19.0,+16.7,+29.7,+3.1,+3.7,+4.6,+5.1,+5.7,+6.0
2022-11-12 20:27,0,+19.0,+16.6,+29.5,+3.1,+3.6,+4.6,+5.1,+5.7,+6.1
2022-11-12 21:27,0,+19.0,+16.6,+29.4,+3.1,+3.6,+4.6,+5.1,+5.7,+6.0
2022-11-12 22:27,0,+19.0,+16.6,+29.4,+3.0,+3.6,+4.6,+5.1,+5.6,+6.0
2022-11-12 23:27,0,+19.0,+16.6,+29.4,+2.8,+3.6,+4.5,+5.1,+5.6,+6.0
2022-11-13 00:27,0,+19.0,+16.6,+29.3,+2.8,+3.5,+4.5,+5.0,+5.6,+6.0
2022-11-13 01:27,0,+19.0,+16.6,+29.3,+2.7,+3.5,+4.5,+5.0,+5.6,+6.0
2022-11-13 02:27,0,+18.9,+16.6,+29.2,+2.7,+3.3,+4.5,+5.0,+5.6,+6.0
2022-11-13 03:27,0,+18.9,+16.6,+29.2,+2.6,+3.3,+4.5,+5.0,+5.6,+6.0
2022-11-13 04:27,0,+18.9,+16.6,+29.2,+2.6,+3.3,+4.3,+5.0,+5.6,+6.0
2022-11-13 05:27,0,+18.9,+16.5,+29.1,+2.5,+3.2,+4.3,+5.0,+5.6,+5.8
2022-11-13 06:27,0,+18.9,+16.5,+29.1,+2.5,+3.2,+4.3,+5.0,+5.5,+5.8
2022-11-13 07:27,0,+18.9,+16.5,+29.1,+2.5,+3.2,+4.3,+4.8,+5.5,+5.8
2022-11-13 08:27,0,+18.9,+16.5,+29.0,+2.5,+3.2,+4.2,+4.8,+5.5,+5.8
2022-11-13 09:27,0,+18.8,+16.5,+28.9,+2.5,+3.1,+4.2,+4.8,+5.5,+5.7
2022-11-13 10:27,0,+18.8,+16.5,+28.9,+2.3,+3.1,+4.2,+4.7,+5.5,+5.7
2022-11-13 11:27,0,+18.8,+16.4,+28.8,+2.3,+3.1,+4.2,+4.7,+5.5,+5.7
2022-11-13 12:27,0,+18.8,+16.4,+28.8,+2.3,+3.1,+4.2,+4.7,+5.3,+5.7
2022-11-13 13:27,0,+18.8,+16.4,+28.8,+2.3,+3.1,+4.1,+4.7,+5.3,+5.7
2022-11-13 14:27,0,+18.8,+16.4,+28.8,+2.3,+3.1,+4.1,+4.6,+5.3,+5.7
2022-11-13 15:27,0,+18.8,+16.4,+28.7,+2.3,+3.1,+4.1,+4.6,+5.3,+5.6
2022-11-13 16:27,0,+18.8,+16.4,+28.7,+2.3,+3.0,+4.1,+4.6,+5.3,+5.6
2022-11-13 17:27,0,+18.8,+16.4,+28.7,+2.3,+3.0,+4.1,+4.7,+5.3,+5.6
2022-11-13 18:27,0,+18.8,+16.4,+28.6,+2.3,+3.0,+4.0,+4.6,+5.3,+5.6
2022-11-13 19:27,0,+18.8,+16.3,+28.6,+2.3,+3.0,+4.0,+4.6,+5.2,+5.6
2022-11-13 20:27,0,+18.8,+16.3,+28.6,+2.3,+3.0,+4.0,+4.6,+5.2,+5.6
2022-11-13 21:27,0,+18.8,+16.3,+28.5,+2.2,+3.0,+4.0,+4.6,+5.2,+5.6
2022-11-13 22:27,0,+18.8,+16.3,+28.5,+2.2,+3.0,+4.0,+4.6,+5.2,+5.6
2022-11-13 23:27,0,+18.8,+16.3,+28.5,+2.1,+3.0,+4.0,+4.5,+5.2,+5.5
2022-11-14 00:27,0,+18.8,+16.2,+28.4,+2.2,+2.8,+3.8,+4.6,+5.1,+5.6
2022-11-14 01:27,0,+18.8,+16.2,+28.4,+2.2,+2.8,+4.0,+4.5,+5.2,+5.5
2022-11-14 02:27,0,+18.8,+16.2,+28.4,+2.1,+2.8,+3.8,+4.5,+5.1,+5.5
2022-11-14 03:27,0,+18.7,+16.2,+28.3,+2.2,+2.8,+3.8,+4.5,+5.1,+5.5
2022-11-14 04:27,0,+18.7,+16.2,+28.3,+2.2,+2.8,+3.8,+4.5,+5.1,+5.5
2022-11-14 05:27,0,+18.7,+16.2,+28.1,+2.1,+2.8,+3.8,+4.5,+5.1,+5.5
2022-11-14 06:27,0,+18.7,+16.1,+28.1,+2.1,+2.8,+3.8,+4.3,+5.1,+5.5
2022-11-14 07:27,0,+18.7,+16.1,+28.1,+2.2,+2.7,+3.8,+4.3,+5.1,+5.3
2022-11-14 08:27,0,+18.7,+16.1,+28.0,+2.1,+2.7,+3.7,+4.3,+5.1,+5.3
2022-11-14 09:27,0,+18.7,+16.1,+28.0,+2.1,+2.7,+3.7,+4.3,+5.0,+5.3
2022-11-14 10:27,0,+18.7,+16.1,+27.9,+2.2,+2.7,+3.7,+4.3,+5.0,+5.3
2022-11-14 11:27,0,+18.7,+16.1,+27.9,+2.2,+2.7,+3.7,+4.3,+5.0,+5.3
2022-11-14 12:27,0,+18.7,+16.1,+27.9,+2.2,+2.7,+3.7,+4.3,+5.0,+5.3
2022-11-14 13:27,0,+18.7,+16.1,+27.9,+2.2,+2.7,+3.7,+4.3,+5.0,+5.3
2022-11-14 14:27,0,+18.7,+16.1,+27.8,+2.2,+2.7,+3.7,+4.2,+5.0,+5.3
2022-11-14 15:27,0,+18.7,+16.1,+27.7,+2.2,+2.7,+3.7,+4.2,+5.0,+5.2
2022-11-14 16:27,0,+18.7,+16.1,+27.7,+2.3,+2.7,+3.7,+4.2,+4.8,+5.2
2022-11-14 17:27,0,+18.7,+16.1,+27.6,+2.2,+2.7,+3.7,+4.2,+5.0,+5.2
2022-11-14 18:27,0,+18.7,+16.0,+27.6,+2.3,+2.7,+3.7,+4.2,+4.8,+5.2
2022-11-14 19:27,0,+18.7,+16.0,+27.5,+2.3,+2.7,+3.7,+4.2,+4.8,+5.2
2022-11-14 20:27,0,+18.7,+16.0,+27.4,+2.3,+2.7,+3.7,+4.2,+4.8,+5.2
2022-11-14 21:27,0,+18.7,+16.0,+27.4,+2.3,+2.7,+3.6,+4.2,+4.8,+5.2
2022-11-14 22:27,0,+18.7,+16.0,+27.3,+2.3,+2.7,+3.7,+4.2,+4.8,+5.1
2022-11-14 23:27,0,+18.7,+16.0,+27.3,+2.3,+2.7,+3.7,+4.2,+4.8,+5.1
2022-11-15 00:27,0,+18.7,+16.0,+27.3,+2.3,+2.7,+3.7,+4.2,+4.8,+5.2
2022-11-15 01:27,0,+18.7,+16.0,+27.3,+2.3,+2.8,+3.7,+4.2,+4.7,+5.1
2022-11-15 02:27,0,+18.7,+16.0,+27.3,+2.3,+2.7,+3.7,+4.2,+4.8,+5.2
2022-11-15 03:27,0,+18.7,+16.0,+27.2,+2.3,+2.8,+3.7,+4.2,+4.7,+5.1
2022-11-15 04:27,0,+18.7,+16.0,+27.2,+2.3,+2.8,+3.7,+4.2,+4.7,+5.1
2022-11-15 05:27,0,+18.6,+16.0,+27.2,+2.3,+2.8,+3.7,+4.1,+4.7,+5.1
2022-11-15 06:27,0,+18.6,+15.9,+27.0,+2.5,+2.8,+3.7,+4.1,+4.7,+5.1
2022-11-15 07:27,0,+18.6,+15.9,+26.9,+2.5,+2.8,+3.7,+4.2,+4.7,+5.1
2022-11-15 08:27,0,+18.6,+15.9,+26.9,+2.5,+2.8,+3.7,+4.1,+4.7,+5.1
2022-11-15 09:27,0,+18.6,+15.9,+26.9,+2.5,+2.8,+3.7,+4.1,+4.7,+5.1
2022-11-15 10:27,0,+18.6,+15.9,+26.9,+2.5,+2.8,+3.7,+4.1,+4.7,+5.1
2022-11-15 11:27,0,+18.6,+15.9,+26.8,+2.5,+2.8,+3.7,+4.1,+4.7,+5.1
2022-11-15 12:27,0,+18.6,+15.9,+26.8,+2.5,+2.8,+3.7,+4.1,+4.7,+5.1
2022-11-15 13:27,0,+18.6,+15.9,+26.8,+2.5,+2.8,+3.7,+4.1,+4.7,+5.1
2022-11-15 14:27,0,+18.6,+15.9,+26.8,+2.5,+2.8,+3.6,+4.1,+4.7,+5.1
2022-11-15 15:27,0,+18.6,+16.0,+26.7,+2.6,+2.8,+3.7,+4.1,+4.7,+5.1
2022-11-15 16:27,0,+18.7,+15.9,+26.7,+2.6,+2.8,+3.7,+4.1,+4.7,+5.1
2022-11-15 17:27,0,+18.6,+15.9,+26.6,+2.6,+2.8,+3.7,+4.1,+4.7,+5.0
2022-11-15 18:27,0,+18.6,+15.9,+26.6,+2.6,+3.0,+3.6,+4.1,+4.7,+5.0
2022-11-15 19:27,0,+18.6,+15.9,+26.6,+2.6,+3.0,+3.7,+4.1,+4.7,+5.0
2022-11-15 20:27,0,+18.7,+15.9,+26.6,+2.6,+3.0,+3.7,+4.1,+4.7,+5.0
2022-11-15 21:27,0,+18.7,+15.9,+26.6,+2.6,+3.0,+3.7,+4.1,+4.7,+5.0
2022-11-15 22:27,0,+18.7,+15.9,+26.6,+2.7,+3.0,+3.7,+4.1,+4.7,+5.0
2022-11-15 23:27,0,+18.7,+15.9,+26.6,+2.7,+3.0,+3.7,+4.1,+4.7,+5.0
2022-11-16 00:27,0,+18.7,+15.9,+26.5,+2.7,+3.0,+3.7,+4.1,+4.7,+5.0
2022-11-16 01:27,0,+18.6,+15.9,+26.5,+2.6,+3.0,+3.7,+4.1,+4.6,+5.0
2022-11-16 02:27,0,+18.6,+15.9,+26.5,+2.7,+3.0,+3.7,+4.1,+4.6,+5.0
2022-11-16 03:27,0,+18.6,+15.9,+26.5,+2.6,+3.0,+3.7,+4.1,+4.6,+5.0
2022-11-16 04:27,0,+18.6,+15.9,+26.5,+2.7,+3.0,+3.7,+4.1,+4.6,+5.0
2022-11-16 05:27,0,+18.6,+15.9,+26.4,+2.7,+3.0,+3.7,+4.1,+4.7,+5.0
2022-11-16 06:27,0,+18.6,+15.9,+26.4,+2.6,+3.0,+3.7,+4.0,+4.6,+5.0
2022-11-16 07:27,0,+18.6,+15.9,+26.4,+2.7,+3.0,+3.7,+4.1,+4.6,+5.0
2022-11-16 08:27,0,+18.7,+15.9,+26.3,+2.6,+3.0,+3.7,+4.1,+4.6,+5.0
2022-11-16 09:27,0,+18.6,+15.9,+26.3,+2.7,+3.0,+3.7,+4.1,+4.6,+5.0
2022-11-16 10:27,0,+18.6,+15.9,+26.3,+2.6,+3.0,+3.7,+4.1,+4.7,+5.0
2022-11-16 11:27,0,+18.5,+15.9,+26.3,+2.6,+3.0,+3.7,+4.1,+4.6,+4.8
2022-11-16 12:27,0,+18.5,+15.8,+26.2,+2.6,+3.0,+3.7,+4.1,+4.6,+5.0
2022-11-16 13:27,0,+18.5,+15.8,+26.2,+2.7,+3.0,+3.7,+4.1,+4.6,+5.0
2022-11-16 14:27,0,+18.5,+15.8,+26.1,+2.7,+3.0,+3.7,+4.1,+4.6,+5.0
2022-11-16 15:27,0,+18.5,+15.8,+26.1,+2.7,+3.0,+3.7,+4.0,+4.6,+4.8
2022-11-16 16:27,0,+18.5,+15.8,+26.1,+2.7,+3.0,+3.6,+4.1,+4.6,+4.8
2022-11-16 17:27,0,+18.5,+15.8,+26.0,+2.7,+3.0,+3.7,+4.1,+4.6,+4.8
2022-11-16 18:27,0,+18.5,+15.8,+26.0,+2.7,+3.0,+3.7,+4.1,+4.6,+4.8
2022-11-16 19:27,0,+18.5,+15.8,+26.0,+2.7,+3.0,+3.7,+4.1,+4.6,+4.8
2022-11-16 20:27,0,+18.5,+15.8,+26.0,+2.7,+3.0,+3.7,+4.1,+4.6,+4.8
2022-11-16 21:27,0,+18.5,+15.8,+26.0,+2.7,+3.0,+3.7,+4.1,+4.6,+4.8
2022-11-16 22:27,0,+18.5,+15.8,+26.0,+2.7,+3.0,+3.7,+4.1,+4.6,+4.8
2022-11-16 23:27,0,+18.5,+15.8,+26.0,+2.6,+3.0,+3.7,+4.0,+4.6,+4.8
2022-11-17 00:27,0,+18.5,+15.8,+26.0,+2.6,+3.0,+3.7,+4.1,+4.6,+4.8
2022-11-17 01:27,0,+18.5,+15.8,+26.0,+2.6,+3.0,+3.7,+4.0,+4.6,+4.8
2022-11-17 02:27,0,+18.5,+15.8,+26.0,+2.6,+3.0,+3.7,+4.0,+4.6,+4.8
2022-11-17 03:27,0,+18.5,+15.8,+26.0,+2.6,+2.8,+3.6,+4.0,+4.6,+4.8
2022-11-17 04:27,0,+18.5,+15.8,+26.0,+2.6,+2.8,+3.6,+4.0,+4.6,+4.8
2022-11-17 05:27,0,+18.4,+15.8,+26.0,+2.5,+2.8,+3.7,+4.0,+4.6,+4.8
2022-11-17 06:27,0,+18.4,+15.8,+25.9,+2.5,+2.8,+3.6,+4.0,+4.6,+4.8
2022-11-17 07:27,0,+18.4,+15.8,+25.9,+2.5,+2.8,+3.6,+4.0,+4.5,+4.8
2022-11-17 08:27,0,+18.4,+15.7,+26.1,+2.5,+2.7,+3.6,+4.0,+4.5,+4.8
2022-11-17 09:27,0,+18.4,+15.7,+25.8,+2.5,+2.8,+3.6,+4.0,+4.5,+4.8
2022-11-17 10:27,0,+18.4,+15.7,+26.0,+2.5,+2.8,+3.6,+4.0,+4.5,+4.8
2022-11-17 11:27,0,+18.4,+15.7,+25.8,+2.3,+2.7,+3.6,+4.0,+4.5,+4.8
2022-11-17 12:27,0,+18.4,+15.7,+25.2,+2.3,+2.7,+3.6,+4.0,+4.5,+4.8
2022-11-17 13:27,0,+18.4,+15.7,+25.2,+2.3,+2.7,+3.5,+4.0,+4.5,+4.8
2022-11-17 14:27,0,+18.4,+15.7,+25.7,+2.3,+2.7,+3.6,+4.0,+4.5,+4.8
2022-11-17 15:27,0,+18.4,+15.7,+25.5,+2.3,+2.7,+3.6,+4.0,+4.5,+4.8
2022-11-17 16:27,0,+18.4,+15.7,+25.4,+2.3,+2.7,+3.5,+4.0,+4.5,+4.8
2022-11-17 17:27,0,+18.4,+15.7,+25.4,+2.3,+2.7,+3.5,+4.0,+4.5,+4.7
2022-11-17 18:27,0,+18.4,+15.7,+24.8,+2.3,+2.6,+3.5,+3.8,+4.5,+4.7
2022-11-17 19:27,0,+18.4,+15.7,+24.8,+2.3,+2.7,+3.5,+3.8,+4.5,+4.7
2022-11-17 20:27,0,+18.4,+15.7,+24.8,+2.3,+2.7,+3.5,+3.8,+4.5,+4.7
2022-11-17 21:27,0,+18.4,+15.7,+24.8,+2.3,+2.7,+3.5,+3.8,+4.5,+4.7
2022-11-17 22:27,0,+18.4,+15.7,+24.8,+2.3,+2.6,+3.5,+3.8,+4.5,+4.7
2022-11-17 23:27,0,+18.4,+15.7,+24.7,+2.2,+2.6,+3.5,+3.8,+4.5,+4.7
2022-11-18 00:27,0,+18.4,+15.7,+24.7,+2.3,+2.6,+3.5,+3.8,+4.5,+4.7
2022-11-18 01:27,0,+18.4,+15.7,+24.6,+2.2,+2.6,+3.5,+3.8,+4.5,+4.7
2022-11-18 02:27,0,+18.4,+15.7,+24.6,+2.2,+2.6,+3.5,+3.8,+4.5,+4.7
2022-11-18 03:27,0,+18.3,+15.7,+24.6,+2.2,+2.6,+3.3,+3.8,+4.3,+4.7
2022-11-18 04:27,0,+18.3,+15.7,+24.6,+2.2,+2.6,+3.3,+3.7,+4.3,+4.7
2022-11-18 05:27,0,+18.3,+15.7,+24.6,+2.1,+2.6,+3.5,+3.8,+4.5,+4.7
2022-11-18 06:27,0,+18.3,+15.7,+24.6,+2.1,+2.6,+3.3,+3.8,+4.3,+4.7
2022-11-18 07:27,0,+18.3,+15.7,+24.6,+2.2,+2.6,+3.3,+3.8,+4.3,+4.6
2022-11-18 08:27,0,+18.3,+15.7,+24.5,+2.1,+2.5,+3.3,+3.7,+4.3,+4.6
2022-11-18 09:27,0,+18.3,+15.7,+24.5,+2.1,+2.5,+3.3,+3.8,+4.3,+4.7
2022-11-18 10:27,0,+18.3,+15.7,+24.5,+2.1,+2.5,+3.3,+3.7,+4.3,+4.6
2022-11-18 11:27,0,+18.3,+15.6,+24.5,+2.1,+2.5,+3.3,+3.7,+4.3,+4.6
2022-11-18 12:27,0,+18.3,+15.6,+24.5,+2.0,+2.5,+3.3,+3.7,+4.3,+4.7
2022-11-18 13:27,0,+18.3,+15.6,+24.5,+2.0,+2.5,+3.3,+3.7,+4.3,+4.6
2022-11-18 14:27,0,+18.3,+15.6,+24.5,+2.0,+2.3,+3.3,+3.7,+4.3,+4.6
2022-11-18 15:27,0,+18.3,+15.6,+24.5,+2.0,+2.5,+3.3,+3.7,+4.3,+4.6
2022-11-18 16:27,0,+18.3,+15.6,+24.5,+2.0,+2.3,+3.3,+3.7,+4.2,+4.6
2022-11-18 17:27,0,+18.3,+15.6,+24.5,+1.8,+2.3,+3.2,+3.7,+4.2,+4.6
2022-11-18 18:27,0,+18.3,+15.6,+24.4,+2.0,+2.3,+3.2,+3.7,+4.3,+4.6
2022-11-18 19:27,0,+18.3,+15.6,+24.4,+1.8,+2.3,+3.2,+3.7,+4.2,+4.6
2022-11-18 20:27,0,+18.3,+15.6,+24.4,+1.8,+2.3,+3.2,+3.7,+4.2,+4.6
2022-11-18 21:27,0,+18.3,+15.6,+24.4,+1.8,+2.3,+3.2,+3.7,+4.2,+4.6
2022-11-18 22:27,0,+18.3,+15.6,+24.4,+1.8,+2.3,+3.2,+3.7,+4.2,+4.6
2022-11-18 23:27,0,+18.3,+15.6,+24.4,+1.7,+2.2,+3.1,+3.6,+4.2,+4.6
2022-11-19 00:27,0,+18.3,+15.6,+24.3,+1.7,+2.2,+3.2,+3.6,+4.2,+4.5
2022-11-19 01:27,0,+18.3,+15.6,+24.7,+1.7,+2.2,+3.1,+3.6,+4.2,+4.5
2022-11-19 02:27,0,+18.3,+15.6,+24.5,+1.7,+2.2,+3.1,+3.7,+4.2,+4.5
2022-11-19 03:27,0,+18.3,+15.6,+24.5,+1.7,+2.2,+3.1,+3.6,+4.2,+4.5
2022-11-19 04:27,0,+18.3,+15.5,+24.4,+1.7,+2.2,+3.1,+3.6,+4.2,+4.5
2022-11-19 05:27,0,+18.3,+15.5,+24.5,+1.7,+2.2,+3.1,+3.6,+4.1,+4.5
2022-11-19 06:27,0,+18.2,+15.5,+24.5,+1.7,+2.1,+3.1,+3.6,+4.1,+4.5
2022-11-19 07:27,0,+18.2,+15.5,+24.7,+1.7,+2.1,+3.1,+3.6,+4.1,+4.5
2022-11-19 08:27,0,+18.2,+15.5,+24.6,+1.6,+2.1,+3.1,+3.5,+4.1,+4.5
2022-11-19 09:27,0,+18.2,+15.5,+24.5,+1.6,+2.1,+3.0,+3.5,+4.1,+4.3
2022-11-19 10:27,0,+18.2,+15.5,+24.6,+1.6,+2.1,+3.0,+3.5,+4.1,+4.5
2022-11-19 11:27,0,+18.2,+15.5,+24.7,+1.6,+2.1,+3.0,+3.5,+4.1,+4.3
2022-11-19 12:27,0,+18.2,+15.5,+23.9,+1.6,+2.1,+3.0,+3.5,+4.1,+4.5
2022-11-19 13:27,0,+18.2,+15.5,+23.9,+1.5,+2.1,+3.0,+3.5,+4.1,+4.3
2022-11-19 14:27,0,+18.2,+15.5,+23.9,+1.6,+2.1,+3.0,+3.5,+4.1,+4.3
2022-11-19 15:27,0,+18.2,+15.5,+24.1,+1.5,+2.1,+3.0,+3.5,+4.0,+4.3
2022-11-19 16:27,0,+18.2,+15.5,+24.5,+1.5,+2.0,+3.0,+3.5,+4.1,+4.3
2022-11-19 17:27,0,+18.2,+15.5,+24.4,+1.5,+2.1,+3.0,+3.5,+4.1,+4.3
2022-11-19 18:27,0,+18.2,+15.5,+23.8,+1.5,+2.0,+3.0,+3.3,+4.1,+4.3
2022-11-19 19:27,0,+18.2,+15.5,+23.8,+1.5,+2.0,+3.0,+3.5,+4.0,+4.3
2022-11-19 20:27,0,+18.2,+15.5,+23.7,+1.5,+2.0,+3.0,+3.3,+4.0,+4.3
2022-11-19 21:27,0,+18.2,+15.5,+23.7,+1.5,+2.0,+2.8,+3.3,+4.0,+4.3
2022-11-19 22:27,0,+18.2,+15.5,+23.7,+1.3,+2.0,+2.8,+3.3,+4.0,+4.2
2022-11-19 23:27,0,+18.2,+15.5,+23.7,+1.3,+2.0,+2.8,+3.3,+4.0,+4.3
2022-11-20 00:27,0,+18.2,+15.4,+23.7,+1.3,+1.8,+2.8,+3.3,+4.0,+4.2
2022-11-20 01:27,0,+18.1,+15.4,+23.6,+1.3,+1.8,+2.8,+3.3,+4.0,+4.2
2022-11-20 02:27,0,+18.1,+15.4,+23.6,+1.3,+1.8,+2.8,+3.3,+4.0,+4.2
2022-11-20 03:27,0,+18.1,+15.4,+23.6,+1.3,+1.8,+2.8,+3.3,+4.0,+4.3
2022-11-20 04:27,0,+18.1,+15.4,+23.6,+1.3,+1.8,+2.8,+3.3,+4.0,+4.2
2022-11-20 05:27,0,+18.1,+15.4,+23.6,+1.3,+1.8,+2.8,+3.2,+3.8,+4.2
2022-11-20 06:27,0,+18.1,+15.4,+23.6,+1.3,+1.8,+2.8,+3.3,+3.8,+4.2
2022-11-20 07:27,0,+18.1,+15.4,+23.5,+1.2,+1.8,+2.7,+3.2,+3.8,+4.2
2022-11-20 08:27,0,+18.1,+15.4,+23.5,+1.2,+1.7,+2.7,+3.2,+4.0,+4.2
2022-11-20 09:27,0,+18.1,+15.4,+23.5,+1.2,+1.7,+2.7,+3.2,+3.8,+4.2
2022-11-20 10:27,0,+18.1,+15.4,+23.5,+1.2,+1.7,+2.7,+3.2,+3.8,+4.2
2022-11-20 11:27,0,+18.0,+15.4,+23.5,+1.2,+1.7,+2.7,+3.2,+3.8,+4.1
2022-11-20 12:27,0,+18.0,+15.4,+23.5,+1.2,+1.7,+2.7,+3.2,+3.8,+4.2
2022-11-20 13:27,0,+18.1,+15.4,+23.5,+1.2,+1.7,+2.7,+3.2,+3.8,+4.1
2022-11-20 14:27,0,+18.1,+15.4,+23.5,+1.2,+1.7,+2.7,+3.2,+3.7,+4.1
2022-11-20 15:27,0,+18.1,+15.4,+23.5,+1.2,+1.7,+2.7,+3.2,+3.8,+4.1
2022-11-20 16:27,0,+18.1,+15.4,+23.5,+1.2,+1.7,+2.7,+3.2,+3.7,+4.1
2022-11-20 17:27,0,+18.1,+15.4,+23.5,+1.3,+1.7,+2.7,+3.1,+3.8,+4.2
2022-11-20 18:27,0,+18.1,+15.4,+23.4,+1.3,+1.7,+2.6,+3.1,+3.7,+4.1
2022-11-20 19:27,0,+18.1,+15.4,+23.9,+1.2,+1.7,+2.6,+3.1,+3.7,+4.1
2022-11-20 20:27,0,+18.1,+15.4,+24.0,+1.2,+1.7,+2.6,+3.1,+3.7,+4.1
2022-11-20 21:27,0,+18.1,+15.4,+23.9,+1.2,+1.7,+2.7,+3.1,+3.7,+4.1
2022-11-20 22:27,0,+18.1,+15.4,+24.0,+1.2,+1.7,+2.6,+3.1,+3.7,+4.1
2022-11-20 23:27,0,+18.1,+15.4,+24.0,+1.2,+1.7,+2.6,+3.1,+3.7,+4.1
2022-11-21 00:27,0,+18.1,+15.4,+24.0,+1.3,+1.7,+2.6,+3.1,+3.7,+4.0
2022-11-21 01:27,0,+18.1,+15.4,+23.9,+1.3,+1.7,+2.6,+3.1,+3.7,+4.0
2022-11-21 02:27,0,+18.1,+15.4,+24.1,+1.2,+1.7,+2.6,+3.1,+3.7,+4.0
2022-11-21 03:27,0,+18.1,+15.4,+24.2,+1.2,+1.7,+2.6,+3.1,+3.7,+4.1
2022-11-21 04:27,0,+18.1,+15.4,+24.1,+1.3,+1.7,+2.6,+3.1,+3.7,+4.1
2022-11-21 05:27,0,+18.1,+15.3,+24.0,+1.2,+1.6,+2.6,+3.1,+3.7,+4.0
2022-11-21 06:27,0,+18.1,+15.3,+23.3,+1.3,+1.7,+2.6,+3.1,+3.6,+4.0
2022-11-21 07:27,0,+18.1,+15.3,+24.0,+1.3,+1.7,+2.6,+3.1,+3.7,+4.0
2022-11-21 08:27,0,+18.1,+15.3,+23.9,+1.2,+1.7,+2.6,+3.1,+3.7,+4.0
2022-11-21 09:27,0,+18.1,+15.3,+23.9,+1.2,+1.7,+2.6,+3.1,+3.6,+4.0
2022-11-21 10:27,0,+18.1,+15.3,+23.8,+1.2,+1.7,+2.6,+3.1,+3.7,+4.0
2022-11-21 11:27,0,+18.1,+15.3,+24.3,+1.2,+1.7,+2.6,+3.1,+3.6,+4.0
2022-11-21 12:27,0,+18.1,+15.3,+23.2,+1.2,+1.6,+2.6,+3.0,+3.6,+3.8
2022-11-21 13:27,0,+18.1,+15.3,+23.2,+1.2,+1.7,+2.6,+3.0,+3.6,+4.0
2022-11-21 14:27,0,+18.1,+15.3,+23.2,+1.2,+1.7,+2.6,+3.0,+3.6,+4.0
2022-11-21 15:27,0,+18.1,+15.3,+23.2,+1.2,+1.6,+2.6,+3.0,+3.6,+4.0
2022-11-21 16:27,0,+18.1,+15.3,+23.2,+1.2,+1.7,+2.5,+3.0,+3.6,+4.0
2022-11-21 17:27,0,+18.1,+15.3,+23.2,+1.3,+1.7,+2.6,+3.0,+3.6,+3.8
2022-11-21 18:27,0,+18.1,+15.3,+23.2,+1.3,+1.7,+2.5,+3.0,+3.6,+4.0
2022-11-21 19:27,0,+18.1,+15.3,+23.1,+1.3,+1.6,+2.5,+3.0,+3.6,+3.8
2022-11-21 20:27,0,+18.1,+15.3,+23.1,+1.2,+1.6,+2.5,+3.0,+3.6,+3.8
2022-11-21 21:27,0,+18.1,+15.3,+23.1,+1.3,+1.7,+2.5,+3.0,+3.6,+3.8
2022-11-21 22:27,0,+18.1,+15.3,+23.1,+1.3,+1.6,+2.5,+3.0,+3.5,+3.8
2022-11-21 23:27,0,+18.1,+15.3,+23.1,+1.3,+1.7,+2.5,+3.0,+3.6,+4.0
2022-11-22 00:27,0,+18.0,+15.3,+23.1,+1.3,+1.7,+2.5,+3.0,+3.6,+3.8
2022-11-22 01:27,0,+18.0,+15.3,+23.1,+1.3,+1.6,+2.5,+3.0,+3.6,+3.8
2022-11-22 02:27,0,+18.0,+15.3,+23.1,+1.2,+1.7,+2.5,+3.0,+3.6,+3.8
2022-11-22 03:27,0,+18.0,+15.3,+23.1,+1.3,+1.7,+2.5,+3.0,+3.6,+3.8
2022-11-22 04:27,0,+18.0,+15.3,+23.1,+1.2,+1.7,+2.5,+3.0,+3.5,+3.8
2022-11-22 05:27,0,+18.0,+15.3,+23.9,+1.3,+1.7,+2.5,+3.0,+3.6,+3.8
2022-11-22 06:27,0,+18.0,+15.3,+23.9,+1.2,+1.6,+2.5,+3.0,+3.5,+3.8
2022-11-22 07:27,0,+18.0,+15.3,+23.6,+1.2,+1.6,+2.5,+2.8,+3.5,+3.8
2022-11-22 08:27,0,+18.0,+15.3,+23.4,+1.3,+1.6,+2.5,+3.0,+3.5,+3.8
2022-11-22 09:27,0,+18.0,+15.3,+23.4,+1.3,+1.6,+2.5,+2.8,+3.5,+3.8
2022-11-22 10:27,0,+18.0,+15.3,+23.3,+1.3,+1.6,+2.5,+3.0,+3.6,+3.8
2022-11-22 11:27,0,+18.0,+15.3,+23.4,+1.3,+1.7,+2.5,+2.8,+3.5,+3.7
2022-11-22 12:27,0,+18.0,+15.3,+23.6,+1.3,+1.7,+2.5,+2.8,+3.5,+3.7
2022-11-22 13:27,0,+18.0,+15.3,+23.5,+1.3,+1.6,+2.5,+2.8,+3.5,+3.8
2022-11-22 14:27,0,+18.0,+15.3,+23.5,+1.3,+1.6,+2.5,+2.8,+3.5,+3.8
2022-11-22 15:27,0,+18.0,+15.3,+23.5,+1.3,+1.6,+2.5,+2.8,+3.5,+3.7
2022-11-22 16:27,0,+18.0,+15.3,+23.3,+1.3,+1.6,+2.5,+2.8,+3.5,+3.8
2022-11-22 17:27,0,+18.0,+15.3,+23.4,+1.3,+1.7,+2.5,+2.8,+3.5,+3.7
2022-11-22 18:27,0,+18.0,+15.3,+23.3,+1.3,+1.6,+2.5,+2.8,+3.5,+3.7
2022-11-22 19:27,0,+18.0,+15.3,+23.0,+1.3,+1.7,+2.5,+2.8,+3.5,+3.7
2022-11-22 20:27,0,+18.0,+15.3,+23.0,+1.5,+1.7,+2.5,+2.8,+3.5,+3.8
2022-11-22 21:27,0,+18.0,+15.3,+23.0,+1.3,+1.6,+2.5,+2.8,+3.5,+3.7
2022-11-22 22:27,0,+18.0,+15.3,+23.0,+1.3,+1.6,+2.5,+2.8,+3.5,+3.7
2022-11-22 23:27,0,+18.0,+15.3,+23.0,+1.3,+1.7,+2.5,+2.8,+3.3,+3.8
2022-11-23 00:27,0,+18.0,+15.3,+23.0,+1.3,+1.7,+2.5,+2.8,+3.5,+3.7
2022-11-23 01:27,0,+18.0,+15.3,+23.0,+1.3,+1.6,+2.5,+2.8,+3.5,+3.7
2022-11-23 02:27,0,+18.0,+15.3,+23.0,+1.3,+1.7,+2.5,+2.8,+3.3,+3.7
2022-11-23 03:27,0,+18.0,+15.3,+23.0,+1.3,+1.7,+2.5,+2.8,+3.5,+3.7
2022-11-23 04:27,0,+18.0,+15.3,+23.3,+1.3,+1.6,+2.5,+2.8,+3.5,+3.7
2022-11-23 05:27,0,+18.0,+15.3,+23.1,+1.3,+1.6,+2.5,+2.8,+3.3,+3.7
2022-11-23 06:27,0,+18.0,+15.3,+23.1,+1.3,+1.6,+2.5,+2.8,+3.5,+3.7
2022-11-23 07:27,0,+18.0,+15.3,+23.1,+1.3,+1.6,+2.5,+2.8,+3.3,+3.7
2022-11-23 08:27,0,+18.0,+15.3,+23.1,+1.3,+1.6,+2.5,+2.8,+3.3,+3.7
2022-11-23 09:27,0,+18.0,+15.3,+23.5,+1.3,+1.7,+2.5,+2.7,+3.3,+3.7
2022-11-23 10:27,0,+18.0,+15.3,+22.9,+1.2,+1.7,+2.3,+2.8,+3.3,+3.7
2022-11-23 11:27,0,+18.0,+15.3,+23.1,+1.3,+1.6,+2.5,+2.8,+3.3,+3.7
2022-11-23 12:27,0,+18.0,+15.3,+23.1,+1.3,+1.6,+2.3,+2.8,+3.5,+3.7
2022-11-23 13:27,0,+18.0,+15.3,+23.1,+1.3,+1.6,+2.5,+2.8,+3.3,+3.7
2022-11-23 14:27,0,+18.0,+15.3,+23.1,+1.3,+1.6,+2.5,+2.8,+3.3,+3.6
2022-11-23 15:27,0,+18.0,+15.3,+23.1,+1.3,+1.6,+2.5,+2.7,+3.3,+3.7
2022-11-23 16:27,0,+18.0,+15.3,+23.1,+1.3,+1.6,+2.5,+2.7,+3.3,+3.7
2022-11-23 17:27,0,+18.0,+15.3,+23.1,+1.3,+1.7,+2.3,+2.8,+3.3,+3.7
2022-11-23 18:27,0,+18.0,+15.3,+23.1,+1.3,+1.6,+2.5,+2.8,+3.3,+3.6
2022-11-23 19:27,0,+18.0,+15.3,+23.1,+1.3,+1.6,+2.3,+2.8,+3.3,+3.7
2022-11-23 20:27,0,+18.0,+15.3,+23.0,+1.5,+1.7,+2.3,+2.8,+3.3,+3.6
2022-11-23 21:27,0,+18.0,+15.3,+23.0,+1.5,+1.7,+2.5,+2.7,+3.3,+3.6
2022-11-23 22:27,0,+18.0,+15.3,+23.0,+1.5,+1.6,+2.3,+2.8,+3.3,+3.7
2022-11-23 23:27,0,+18.1,+15.3,+23.0,+1.5,+1.6,+2.3,+2.7,+3.3,+3.6
2022-11-24 00:27,0,+18.0,+15.3,+23.0,+1.5,+1.6,+2.3,+2.8,+3.3,+3.7
2022-11-24 01:27,0,+18.0,+15.3,+23.0,+1.5,+1.7,+2.3,+2.8,+3.3,+3.6
2022-11-24 02:27,0,+18.0,+15.3,+23.7,+1.3,+1.6,+2.5,+2.8,+3.3,+3.7
2022-11-24 03:27,0,+18.0,+15.3,+23.4,+1.5,+1.6,+2.5,+2.8,+3.3,+3.6
2022-11-24 04:27,0,+18.0,+15.3,+23.3,+1.5,+1.6,+2.5,+2.7,+3.3,+3.6
2022-11-24 05:27,0,+18.0,+15.2,+23.1,+1.5,+1.7,+2.5,+2.7,+3.3,+3.7
2022-11-24 06:27,0,+18.0,+15.2,+23.1,+1.5,+1.7,+2.3,+2.7,+3.3,+3.6
2022-11-24 07:27,0,+18.0,+15.2,+23.1,+1.5,+1.7,+2.5,+2.7,+3.3,+3.6
2022-11-24 08:27,0,+18.0,+15.3,+23.9,+1.5,+1.7,+2.3,+2.7,+3.3,+3.6
2022-11-24 09:27,0,+18.0,+15.2,+23.5,+1.3,+1.7,+2.3,+2.7,+3.3,+3.6
2022-11-24 10:27,0,+18.0,+15.3,+23.2,+1.5,+1.6,+2.5,+2.7,+3.2,+3.6
2022-11-24 11:27,0,+18.0,+15.3,+23.2,+1.5,+1.7,+2.5,+2.7,+3.3,+3.6
2022-11-24 12:27,0,+18.0,+15.3,+23.2,+1.5,+1.7,+2.5,+2.7,+3.3,+3.6
2022-11-24 13:27,0,+18.0,+15.3,+23.2,+1.5,+1.7,+2.5,+2.7,+3.3,+3.6
2022-11-24 14:27,0,+18.0,+15.3,+23.9,+1.5,+1.7,+2.3,+2.7,+3.2,+3.6
2022-11-24 15:27,0,+18.0,+15.3,+23.2,+1.5,+1.7,+2.5,+2.7,+3.3,+3.6
2022-11-24 16:27,0,+18.0,+15.3,+23.2,+1.5,+1.6,+2.5,+2.7,+3.3,+3.6
2022-11-24 17:27,0,+18.0,+15.3,+23.2,+1.5,+1.7,+2.3,+2.7,+3.3,+3.6
2022-11-24 18:27,0,+18.1,+15.3,+23.4,+1.6,+1.7,+2.5,+2.7,+3.2,+3.5
2022-11-24 19:27,0,+18.0,+15.3,+23.2,+1.6,+1.7,+2.5,+2.7,+3.3,+3.6
2022-11-24 20:27,0,+18.0,+15.3,+23.2,+1.5,+1.7,+2.5,+2.7,+3.3,+3.6
2022-11-24 21:27,0,+18.0,+15.3,+23.3,+1.5,+1.7,+2.5,+2.7,+3.2,+3.6
2022-11-24 22:27,0,+18.0,+15.3,+23.2,+1.5,+1.7,+2.5,+2.7,+3.2,+3.6
2022-11-24 23:27,0,+18.0,+15.3,+23.2,+1.5,+1.7,+2.5,+2.8,+3.2,+3.6
2022-11-25 00:27,0,+18.0,+15.3,+23.2,+1.6,+1.7,+2.5,+2.7,+3.2,+3.6
2022-11-25 01:27,0,+18.0,+15.3,+23.2,+1.6,+1.7,+2.3,+2.7,+3.3,+3.6
2022-11-25 02:27,0,+18.0,+15.3,+24.0,+1.5,+1.7,+2.5,+2.7,+3.2,+3.6
2022-11-25 03:27,0,+18.0,+15.3,+23.2,+1.5,+1.7,+2.5,+2.7,+3.2,+3.6
2022-11-25 04:27,0,+18.0,+15.3,+23.2,+1.5,+1.7,+2.5,+2.7,+3.2,+3.6
2022-11-25 05:27,0,+18.0,+15.3,+23.2,+1.5,+1.7,+2.5,+2.7,+3.2,+3.6
2022-11-25 06:27,0,+18.0,+15.3,+23.4,+1.5,+1.7,+2.5,+2.7,+3.2,+3.6
2022-11-25 07:27,0,+18.0,+15.3,+23.3,+1.5,+1.7,+2.5,+2.7,+3.2,+3.6
2022-11-25 08:27,0,+18.0,+15.3,+23.1,+1.5,+1.7,+2.5,+2.7,+3.2,+3.6
2022-11-25 09:27,0,+18.0,+15.3,+23.8,+1.5,+1.7,+2.5,+2.7,+3.2,+3.6
2022-11-25 10:27,0,+18.0,+15.3,+23.2,+1.5,+1.7,+2.5,+2.7,+3.3,+3.6
2022-11-25 11:27,0,+18.0,+15.3,+23.2,+1.5,+1.7,+2.3,+2.7,+3.2,+3.6
2022-11-25 12:27,0,+18.0,+15.3,+23.3,+1.5,+1.7,+2.5,+2.7,+3.2,+3.6
2022-11-25 13:27,0,+18.1,+15.3,+23.2,+1.5,+1.7,+2.5,+2.7,+3.2,+3.6
2022-11-25 14:27,0,+18.1,+15.3,+23.2,+1.5,+1.7,+2.5,+2.7,+3.2,+3.5
2022-11-25 15:27,0,+18.1,+15.3,+23.5,+1.5,+1.7,+2.5,+2.7,+3.2,+3.6
2022-11-25 16:27,0,+18.1,+15.3,+23.2,+1.6,+1.7,+2.3,+2.7,+3.2,+3.6
2022-11-25 17:27,0,+18.1,+15.3,+23.2,+1.5,+1.7,+2.3,+2.7,+3.2,+3.6
2022-11-25 18:27,0,+18.1,+15.3,+23.2,+1.5,+1.7,+2.5,+2.7,+3.3,+3.5
2022-11-25 19:27,0,+18.1,+15.3,+23.2,+1.6,+1.7,+2.5,+2.7,+3.2,+3.6
2022-11-25 20:27,0,+18.1,+15.3,+23.2,+1.6,+1.7,+2.5,+2.7,+3.2,+3.6
2022-11-25 21:27,0,+18.1,+15.3,+23.2,+1.6,+1.7,+2.3,+2.7,+3.2,+3.5
2022-11-25 22:27,0,+18.1,+15.3,+23.2,+1.6,+1.7,+2.5,+2.7,+3.2,+3.6
2022-11-25 23:27,0,+18.1,+15.3,+23.2,+1.6,+1.7,+2.3,+2.7,+3.2,+3.5
2022-11-26 00:27,0,+18.0,+15.3,+23.2,+1.6,+1.7,+2.5,+2.7,+3.2,+3.6
2022-11-26 01:27,0,+18.0,+15.3,+23.2,+1.6,+1.7,+2.5,+2.7,+3.2,+3.5
2022-11-26 02:27,0,+18.0,+15.3,+23.2,+1.6,+1.7,+2.5,+2.7,+3.2,+3.5
2022-11-26 03:27,0,+18.1,+15.3,+23.2,+1.6,+1.8,+2.5,+2.7,+3.2,+3.5
2022-11-26 04:27,0,+18.1,+15.3,+23.2,+1.6,+1.8,+2.3,+2.7,+3.2,+3.6
2022-11-26 05:27,0,+18.1,+15.3,+23.2,+1.6,+1.8,+2.5,+2.7,+3.2,+3.5
2022-11-26 06:27,0,+18.1,+15.3,+23.2,+1.6,+1.8,+2.5,+2.7,+3.2,+3.5
2022-11-26 07:27,0,+18.1,+15.3,+23.2,+1.7,+1.8,+2.5,+2.7,+3.2,+3.5
2022-11-26 08:27,0,+18.1,+15.3,+23.2,+1.7,+1.8,+2.5,+2.7,+3.2,+3.5
2022-11-26 09:27,0,+18.1,+15.3,+23.2,+1.7,+1.8,+2.3,+2.7,+3.2,+3.5
2022-11-26 10:27,0,+18.1,+15.3,+23.2,+1.6,+1.8,+2.5,+2.7,+3.2,+3.5
2022-11-26 11:27,0,+18.1,+15.3,+23.2,+1.7,+1.8,+2.5,+2.7,+3.2,+3.6
2022-11-26 12:27,0,+18.1,+15.3,+23.2,+1.7,+1.8,+2.5,+2.7,+3.2,+3.5
2022-11-26 13:27,0,+18.1,+15.3,+23.2,+1.7,+1.8,+2.5,+2.7,+3.2,+3.5
2022-11-26 14:27,0,+18.2,+15.3,+23.2,+1.7,+1.8,+2.5,+2.7,+3.2,+3.5
2022-11-26 15:27,0,+18.2,+15.4,+23.2,+1.7,+1.8,+2.5,+2.7,+3.2,+3.5
2022-11-26 16:27,0,+18.2,+15.4,+23.3,+1.8,+1.8,+2.5,+2.7,+3.2,+3.5
2022-11-26 17:27,0,+18.3,+15.4,+23.3,+1.8,+1.8,+2.5,+2.7,+3.2,+3.5
2022-11-26 18:27,0,+18.3,+15.4,+23.3,+1.7,+1.8,+2.5,+2.7,+3.2,+3.5
2022-11-26 19:27,0,+18.3,+15.4,+23.3,+1.7,+1.8,+2.5,+2.7,+3.2,+3.6
2022-11-26 20:27,0,+18.3,+15.4,+23.3,+1.8,+2.0,+2.5,+2.7,+3.2,+3.5
2022-11-26 21:27,0,+18.3,+15.4,+23.3,+1.8,+1.8,+2.5,+2.7,+3.2,+3.5
2022-11-26 22:27,0,+18.3,+15.4,+23.3,+1.8,+2.0,+2.5,+2.7,+3.2,+3.5
2022-11-26 23:27,0,+18.3,+15.4,+23.4,+1.8,+2.0,+2.6,+2.7,+3.2,+3.5
2022-11-27 00:27,0,+18.3,+15.5,+23.4,+1.8,+2.0,+2.5,+2.7,+3.2,+3.5
2022-11-27 01:27,0,+18.3,+15.5,+23.4,+1.8,+2.0,+2.5,+2.7,+3.2,+3.5
2022-11-27 02:27,0,+18.3,+15.5,+23.4,+1.8,+2.0,+2.5,+2.7,+3.2,+3.5
2022-11-27 03:27,0,+18.3,+15.5,+23.4,+1.8,+1.8,+2.5,+2.7,+3.2,+3.5
2022-11-27 04:27,0,+18.3,+15.5,+23.5,+1.7,+1.8,+2.5,+2.7,+3.2,+3.5
2022-11-27 05:27,0,+18.3,+15.5,+23.5,+1.7,+2.0,+2.6,+2.7,+3.2,+3.5
2022-11-27 06:27,0,+18.3,+15.5,+23.5,+1.7,+2.0,+2.6,+2.7,+3.2,+3.5
2022-11-27 07:27,0,+18.3,+15.5,+23.5,+1.7,+1.8,+2.5,+2.7,+3.2,+3.5
2022-11-27 08:27,0,+18.3,+15.5,+23.5,+1.7,+1.8,+2.5,+2.7,+3.2,+3.5
2022-11-27 09:27,0,+18.3,+15.5,+23.5,+1.7,+1.8,+2.5,+2.7,+3.2,+3.5
2022-11-27 10:27,0,+18.3,+15.5,+23.5,+1.7,+1.8,+2.5,+2.8,+3.2,+3.5
2022-11-27 11:27,0,+18.3,+15.5,+23.5,+1.7,+1.8,+2.5,+2.7,+3.2,+3.5
2022-11-27 12:27,0,+18.3,+15.5,+23.5,+1.7,+1.8,+2.5,+2.7,+3.2,+3.5
2022-11-27 13:27,0,+18.3,+15.5,+23.5,+1.7,+1.8,+2.5,+2.7,+3.2,+3.5
2022-11-27 14:27,0,+18.3,+15.5,+23.5,+1.7,+1.8,+2.5,+2.7,+3.2,+3.6
2022-11-27 15:27,0,+18.3,+15.6,+23.5,+1.7,+1.8,+2.5,+2.8,+3.2,+3.5
2022-11-27 16:27,0,+18.3,+15.6,+23.5,+1.7,+1.8,+2.5,+2.7,+3.2,+3.6
2022-11-27 17:27,0,+18.2,+15.6,+23.5,+1.7,+1.8,+2.5,+2.7,+3.2,+3.5
2022-11-27 18:27,0,+18.2,+15.6,+23.5,+1.7,+1.8,+2.5,+2.7,+3.2,+3.5
2022-11-27 19:27,0,+18.2,+15.6,+23.5,+1.7,+1.8,+2.5,+2.7,+3.1,+3.5
2022-11-27 20:27,0,+18.3,+15.6,+23.5,+1.7,+1.8,+2.6,+2.7,+3.2,+3.5
2022-11-27 21:27,0,+18.2,+15.5,+23.5,+1.6,+1.8,+2.5,+2.7,+3.2,+3.5
2022-11-27 22:27,0,+18.2,+15.5,+23.5,+1.6,+1.8,+2.5,+2.7,+3.2,+3.5
2022-11-27 23:27,0,+18.2,+15.5,+23.5,+1.7,+1.8,+2.5,+2.7,+3.2,+3.5
2022-11-28 00:27,0,+18.2,+15.5,+23.5,+1.6,+1.8,+2.5,+2.7,+3.2,+3.5
2022-11-28 01:27,0,+18.2,+15.5,+23.5,+1.6,+1.8,+2.5,+2.7,+3.2,+3.5
2022-11-28 02:27,0,+18.2,+15.5,+23.5,+1.6,+1.8,+2.5,+2.7,+3.1,+3.5
2022-11-28 03:27,0,+18.2,+15.5,+23.5,+1.5,+1.8,+2.5,+2.7,+3.2,+3.5
2022-11-28 04:27,0,+18.2,+15.5,+23.5,+1.5,+1.8,+2.5,+2.7,+3.2,+3.5
2022-11-28 05:27,0,+18.2,+15.5,+23.5,+1.5,+1.7,+2.5,+2.7,+3.2,+3.5
2022-11-28 06:27,0,+18.2,+15.5,+23.5,+1.5,+1.7,+2.3,+2.7,+3.1,+3.5
2022-11-28 07:27,0,+18.2,+15.5,+23.5,+1.5,+1.7,+2.5,+2.7,+3.1,+3.5
2022-11-28 08:27,0,+18.2,+15.5,+23.5,+1.5,+1.7,+2.5,+2.7,+3.2,+3.5
2022-11-28 09:27,0,+18.2,+15.5,+23.5,+1.5,+1.7,+2.5,+2.7,+3.1,+3.5
2022-11-28 10:27,0,+18.2,+15.5,+23.5,+1.5,+1.7,+2.3,+2.7,+3.1,+3.5
2022-11-28 11:27,0,+18.2,+15.5,+23.5,+1.5,+1.7,+2.5,+2.7,+3.1,+3.5
2022-11-28 12:27,0,+18.2,+15.5,+23.5,+1.5,+1.7,+2.3,+2.7,+3.1,+3.5
2022-11-28 13:27,0,+18.2,+15.5,+23.5,+1.5,+1.7,+2.3,+2.6,+3.1,+3.5
2022-11-28 14:27,0,+18.2,+15.5,+23.5,+1.5,+1.7,+2.3,+2.7,+3.2,+3.5
2022-11-28 15:27,0,+18.2,+15.6,+23.5,+1.5,+1.7,+2.3,+2.6,+3.2,+3.5
2022-11-28 16:27,0,+18.2,+15.6,+23.5,+1.5,+1.7,+2.3,+2.6,+3.1,+3.5
2022-11-28 17:27,0,+18.2,+15.5,+23.5,+1.5,+1.7,+2.3,+2.6,+3.1,+3.3
2022-11-28 18:27,0,+18.2,+15.5,+23.5,+1.5,+1.7,+2.3,+2.7,+3.1,+3.5
2022-11-28 19:27,0,+18.2,+15.5,+23.5,+1.5,+1.7,+2.3,+2.6,+3.1,+3.5
2022-11-28 20:27,0,+18.2,+15.6,+23.5,+1.5,+1.7,+2.3,+2.6,+3.1,+3.3
2022-11-28 21:27,0,+18.2,+15.5,+23.5,+1.5,+1.7,+2.3,+2.6,+3.1,+3.5
2022-11-28 22:27,0,+18.2,+15.5,+23.5,+1.5,+1.6,+2.3,+2.6,+3.1,+3.3
2022-11-28 23:27,0,+18.2,+15.6,+23.5,+1.5,+1.7,+2.3,+2.6,+3.1,+3.3
2022-11-29 00:27,0,+18.2,+15.5,+23.5,+1.5,+1.7,+2.3,+2.6,+3.1,+3.3
2022-11-29 01:27,0,+18.2,+15.5,+23.5,+1.5,+1.7,+2.3,+2.6,+3.1,+3.3
2022-11-29 02:27,0,+18.2,+15.5,+23.5,+1.5,+1.7,+2.3,+2.6,+3.1,+3.3
2022-11-29 03:27,0,+18.2,+15.5,+23.5,+1.5,+1.7,+2.3,+2.6,+3.1,+3.3
2022-11-29 04:27,0,+18.2,+15.5,+23.5,+1.5,+1.7,+2.3,+2.6,+3.1,+3.3
2022-11-29 05:27,0,+18.2,+15.5,+23.4,+1.3,+1.6,+2.3,+2.6,+3.1,+3.3
2022-11-29 06:27,0,+18.2,+15.5,+23.4,+1.5,+1.7,+2.3,+2.6,+3.1,+3.3
2022-11-29 07:27,0,+18.2,+15.5,+23.4,+1.3,+1.6,+2.3,+2.6,+3.1,+3.3
2022-11-29 08:27,0,+18.2,+15.5,+23.4,+1.3,+1.7,+2.3,+2.6,+3.1,+3.3
2022-11-29 09:27,0,+18.1,+15.5,+23.4,+1.3,+1.6,+2.2,+2.6,+3.1,+3.3
2022-11-29 10:27,0,+18.1,+15.5,+23.4,+1.3,+1.6,+2.2,+2.6,+3.1,+3.3
2022-11-29 11:27,0,+18.1,+15.5,+23.4,+1.3,+1.6,+2.3,+2.6,+3.1,+3.3
2022-11-29 12:27,0,+18.1,+15.5,+23.4,+1.3,+1.6,+2.3,+2.6,+3.1,+3.3
2022-11-29 13:27,0,+18.1,+15.5,+23.4,+1.3,+1.6,+2.2,+2.6,+3.1,+3.3
2022-11-29 14:27,0,+18.1,+15.5,+23.4,+1.3,+1.6,+2.3,+2.6,+3.1,+3.3
2022-11-29 15:27,0,+18.1,+15.5,+23.4,+1.3,+1.6,+2.3,+2.6,+3.1,+3.3
2022-11-29 16:27,0,+18.1,+15.5,+23.4,+1.3,+1.6,+2.2,+2.6,+3.1,+3.3
2022-11-29 17:27,0,+18.1,+15.5,+23.4,+1.2,+1.6,+2.3,+2.5,+3.0,+3.3
2022-11-29 18:27,0,+18.1,+15.5,+23.4,+1.3,+1.6,+2.2,+2.5,+3.0,+3.3
2022-11-29 19:27,0,+18.1,+15.5,+23.4,+1.2,+1.6,+2.3,+2.6,+3.1,+3.2
2022-11-29 20:27,0,+18.1,+15.5,+23.4,+1.2,+1.6,+2.2,+2.6,+3.0,+3.3
2022-11-29 21:27,0,+18.1,+15.5,+23.4,+1.2,+1.5,+2.2,+2.5,+3.0,+3.2
2022-11-29 22:27,0,+18.1,+15.5,+23.4,+1.2,+1.5,+2.2,+2.5,+3.1,+3.3
2022-11-29 23:27,0,+18.1,+15.5,+23.4,+1.2,+1.5,+2.2,+2.5,+3.0,+3.3
2022-11-30 00:27,0,+18.1,+15.5,+23.4,+1.2,+1.5,+2.2,+2.5,+3.0,+3.3
2022-11-30 01:27,0,+18.1,+15.5,+23.4,+1.1,+1.6,+2.2,+2.6,+3.0,+3.3
2022-11-30 02:27,0,+18.1,+15.5,+23.3,+1.1,+1.5,+2.2,+2.5,+3.0,+3.3
2022-11-30 03:27,0,+18.1,+15.6,+23.3,+1.1,+1.5,+2.2,+2.5,+3.0,+3.3
2022-11-30 04:27,0,+18.1,+15.6,+23.3,+1.2,+1.5,+2.2,+2.6,+3.0,+3.3
2022-11-30 05:27,0,+18.1,+15.6,+23.3,+1.1,+1.5,+2.2,+2.5,+3.0,+3.2
2022-11-30 06:27,0,+18.1,+15.6,+23.3,+1.1,+1.3,+2.2,+2.5,+3.0,+3.3
2022-11-30 07:27,0,+18.1,+15.6,+23.3,+1.0,+1.3,+2.1,+2.5,+3.0,+3.2
2022-11-30 08:27,0,+18.1,+15.6,+23.3,+1.0,+1.3,+2.2,+2.5,+3.0,+3.2
2022-11-30 09:27,0,+18.1,+15.6,+23.3,+1.0,+1.3,+2.1,+2.5,+3.0,+3.3
2022-11-30 10:27,0,+18.0,+15.6,+23.3,+1.0,+1.3,+2.1,+2.5,+3.0,+3.2
2022-11-30 11:27,0,+18.0,+15.6,+23.3,+0.8,+1.3,+2.1,+2.5,+3.0,+3.2
2022-11-30 12:27,0,+18.0,+15.5,+23.3,+1.0,+1.2,+2.1,+2.5,+3.0,+3.2
2022-11-30 13:27,0,+18.0,+15.5,+23.3,+0.8,+1.3,+2.1,+2.5,+3.0,+3.2
2022-11-30 14:27,0,+18.0,+15.5,+23.3,+0.8,+1.2,+2.1,+2.3,+3.0,+3.2
2022-11-30 15:27,0,+18.0,+15.5,+23.2,+0.8,+1.2,+2.1,+2.3,+3.0,+3.2
2022-11-30 16:27,0,+18.0,+15.5,+23.2,+0.8,+1.3,+2.0,+2.5,+2.8,+3.2
2022-11-30 17:27,0,+18.0,+15.5,+23.2,+0.8,+1.2,+2.1,+2.5,+2.8,+3.2
2022-11-30 18:27,0,+18.0,+15.5,+23.2,+0.8,+1.2,+2.0,+2.3,+3.0,+3.2
2022-11-30 19:27,0,+18.0,+15.5,+23.2,+0.7,+1.2,+2.0,+2.3,+3.0,+3.2
2022-11-30 20:27,0,+18.0,+15.5,+23.2,+0.7,+1.2,+2.0,+2.3,+3.0,+3.2
2022-11-30 21:27,0,+18.0,+15.5,+23.2,+0.7,+1.1,+2.0,+2.3,+2.8,+3.1
2022-11-30 22:27,0,+18.0,+15.5,+23.2,+0.6,+1.1,+2.0,+2.3,+2.8,+3.2
2022-11-30 23:27,0,+17.9,+15.5,+23.2,+0.6,+1.1,+2.0,+2.3,+2.8,+3.2
2022-12-01 00:27,0,+17.9,+15.5,+23.2,+0.7,+1.2,+2.0,+2.3,+2.8,+3.1
2022-12-01 01:27,0,+17.9,+15.5,+23.1,+0.6,+1.1,+2.0,+2.3,+2.8,+3.1
2022-12-01 02:27,0,+17.9,+15.5,+23.1,+0.7,+1.1,+2.0,+2.3,+2.8,+3.1
2022-12-01 03:27,0,+17.9,+15.5,+23.1,+0.6,+1.1,+2.0,+2.3,+2.8,+3.1
2022-12-01 04:27,0,+17.9,+15.5,+23.1,+0.6,+1.1,+2.0,+2.2,+2.8,+3.1
2022-12-01 05:27,0,+17.9,+15.5,+23.1,+0.6,+1.1,+2.0,+2.2,+2.8,+3.1
2022-12-01 06:27,0,+17.9,+15.5,+23.1,+0.6,+1.0,+1.8,+2.3,+2.8,+3.1
2022-12-01 07:27,0,+17.9,+15.5,+23.1,+0.5,+1.0,+1.8,+2.2,+2.8,+3.1
2022-12-01 08:27,0,+17.8,+15.5,+23.1,+0.5,+1.0,+1.8,+2.2,+2.8,+3.1
2022-12-01 09:27,0,+17.8,+15.5,+23.1,+0.6,+1.0,+1.8,+2.3,+2.8,+3.1
2022-12-01 10:27,0,+17.8,+15.4,+23.1,+0.5,+1.0,+1.8,+2.2,+2.8,+3.1
2022-12-01 11:27,0,+17.8,+15.4,+23.1,+0.5,+1.0,+1.8,+2.2,+2.7,+3.1
2022-12-01 12:27,0,+17.8,+15.4,+23.1,+0.5,+1.0,+1.8,+2.2,+2.7,+3.0
2022-12-01 13:27,0,+17.8,+15.4,+23.7,+0.6,+1.0,+1.8,+2.2,+2.7,+3.1
2022-12-01 14:27,0,+17.8,+15.4,+23.6,+0.6,+1.0,+1.8,+2.2,+2.8,+3.0
2022-12-01 15:27,0,+17.8,+15.4,+23.5,+0.5,+1.0,+1.7,+2.2,+2.8,+3.0
2022-12-01 16:27,0,+17.8,+15.4,+23.1,+0.5,+1.0,+1.8,+2.2,+2.7,+3.1
2022-12-01 17:27,0,+17.8,+15.4,+23.1,+0.5,+1.0,+1.8,+2.2,+2.7,+3.1
2022-12-01 18:27,0,+17.8,+15.4,+23.1,+0.5,+1.0,+1.8,+2.2,+2.7,+3.1
2022-12-01 19:27,0,+17.8,+15.4,+23.1,+0.5,+1.0,+1.7,+2.2,+2.7,+3.0
2022-12-01 20:27,0,+17.8,+15.4,+23.0,+0.5,+1.0,+1.8,+2.1,+2.7,+3.1
2022-12-01 21:27,0,+17.8,+15.4,+23.2,+0.5,+1.0,+1.7,+2.2,+2.7,+3.0
2022-12-01 22:27,0,+17.8,+15.4,+23.0,+0.5,+0.8,+1.7,+2.1,+2.7,+3.0
2022-12-01 23:27,0,+17.8,+15.4,+23.0,+0.6,+0.8,+1.7,+2.1,+2.7,+3.0
2022-12-02 00:27,0,+17.8,+15.4,+23.0,+0.5,+1.0,+1.7,+2.1,+2.7,+3.0
2022-12-02 01:27,0,+17.8,+15.4,+23.0,+0.5,+0.8,+1.7,+2.1,+2.7,+3.0
2022-12-02 02:27,0,+17.8,+15.4,+22.9,+0.5,+1.0,+1.7,+2.1,+2.7,+3.0
2022-12-02 03:27,0,+17.8,+15.4,+22.9,+0.5,+0.8,+1.7,+2.1,+2.7,+3.0
2022-12-02 04:27,0,+17.8,+15.4,+22.9,+0.5,+1.0,+1.7,+2.1,+2.7,+3.0
2022-12-02 05:27,0,+17.8,+15.4,+22.9,+0.5,+0.8,+1.7,+2.1,+2.7,+3.0
2022-12-02 06:27,0,+17.8,+15.4,+22.9,+0.5,+0.8,+1.7,+2.1,+2.7,+3.0
2022-12-02 07:27,0,+17.8,+15.4,+22.9,+0.6,+0.8,+1.7,+2.1,+2.7,+3.0
2022-12-02 08:27,0,+17.8,+15.4,+23.2,+0.5,+0.8,+1.7,+2.1,+2.6,+3.0
2022-12-02 09:27,0,+17.8,+15.4,+23.4,+0.5,+0.8,+1.7,+2.1,+2.6,+3.0
2022-12-02 10:27,0,+17.8,+15.4,+23.0,+0.5,+1.0,+1.7,+2.1,+2.7,+3.0
2022-12-02 11:27,0,+17.8,+15.4,+23.0,+0.5,+0.8,+1.7,+2.1,+2.6,+3.0
2022-12-02 12:27,0,+17.8,+15.3,+23.0,+0.6,+0.8,+1.7,+2.1,+2.6,+3.0
2022-12-02 13:27,0,+17.8,+15.3,+23.0,+0.5,+0.8,+1.7,+2.1,+2.6,+3.0
2022-12-02 14:27,0,+17.8,+15.3,+23.0,+0.6,+0.8,+1.7,+2.1,+2.6,+3.0