
2022-10-21 17:01,0,+8.4,+6.0,+19.7,+9.5,+9.5,+7.5,+8.5,+7.5,+7.5
2022-10-21 18:01,0,+8.0,+5.4,+20.3,+7.5,+7.0,+5.5,+7.5,+7.0,+7.0
2022-10-21 19:01,0,+8.0,+5.4,+20.7,+7.5,+7.0,+5.5,+7.5,+7.0,+7.0
2022-10-21 20:01,0,+8.2,+5.4,+21.0,+7.5,+7.0,+5.5,+7.5,+6.5,+7.0
2022-10-21 21:01,0,+8.3,+5.5,+21.3,+7.0,+7.0,+5.5,+7.5,+6.5,+7.0
2022-10-21 22:01,0,+8.2,+5.4,+21.6,+7.0,+7.0,+6.0,+7.5,+7.0,+7.0
2022-10-21 23:01,0,+8.2,+5.4,+21.8,+7.0,+7.0,+6.0,+7.5,+7.0,+7.0
2022-10-22 00:01,0,+8.5,+5.4,+22.0,+7.0,+7.0,+6.0,+7.5,+7.0,+7.0
2022-10-22 01:01,0,+8.5,+5.4,+22.2,+7.0,+7.0,+6.0,+7.5,+7.0,+7.0
2022-10-22 02:01,0,+8.0,+5.4,+22.3,+7.0,+7.0,+6.0,+7.5,+7.0,+7.0
2022-10-22 03:01,0,+8.9,+5.5,+22.5,+7.0,+7.0,+6.0,+8.0,+7.0,+7.0
2022-10-22 04:01,0,+8.8,+5.5,+22.6,+7.0,+7.0,+6.0,+7.5,+7.0,+7.0
2022-10-22 05:01,0,+8.8,+5.5,+22.8,+7.0,+7.0,+6.0,+8.0,+7.0,+7.0
2022-10-22 06:01,0,+8.7,+5.5,+22.9,+7.0,+7.0,+6.0,+8.0,+7.0,+7.0
2022-10-22 07:01,0,+8.6,+5.5,+23.0,+7.0,+7.0,+6.0,+8.0,+7.0,+7.0
2022-10-22 08:01,0,+8.7,+5.5,+23.1,+7.0,+7.0,+6.0,+8.0,+7.0,+7.0
2022-10-22 09:01,0,+8.7,+5.5,+23.2,+7.0,+7.0,+6.0,+8.0,+7.0,+7.0
2022-10-22 09:50,0,+8.3,+5.5,+23.2,+6.5,+7.0,+6.0,+8.0,+7.0,+7.0
2022-10-22 10:50,0,+8.3,+5.5,+23.3,+7.0,+7.0,+6.0,+8.0,+7.0,+7.0
2022-10-22 11:50,0,+8.1,+5.5,+23.4,+7.0,+7.0,+6.0,+8.0,+7.0,+7.0
2022-10-22 12:50,0,+8.3,+5.5,+23.5,+7.5,+7.0,+6.0,+8.0,+7.0,+7.0
2022-10-22 13:50,0,+8.8,+5.5,+23.6,+7.5,+7.5,+6.0,+8.0,+7.0,+7.0
2022-10-22 14:50,0,+8.8,+5.5,+23.6,+8.0,+7.5,+6.0,+8.0,+7.0,+7.0
2022-10-22 15:50,0,+8.7,+5.5,+23.7,+8.0,+7.5,+6.0,+8.0,+7.0,+7.0
2022-10-22 16:50,0,+8.7,+5.5,+23.8,+8.0,+7.5,+6.0,+8.0,+7.0,+7.0
2022-10-22 17:50,0,+8.8,+5.5,+23.8,+8.0,+7.5,+6.0,+8.0,+7.0,+7.0
2022-10-22 18:50,0,+8.8,+5.5,+23.9,+8.0,+8.0,+6.0,+8.0,+7.0,+7.0
2022-10-22 19:50,0,+8.7,+5.5,+23.9,+8.0,+8.0,+6.0,+8.0,+7.0,+7.0
2022-10-22 20:50,0,+8.9,+5.6,+24.0,+8.0,+8.0,+6.0,+8.0,+7.0,+7.0
2022-10-22 21:50,0,+8.6,+5.6,+24.0,+8.0,+8.0,+6.0,+8.0,+7.0,+7.0
2022-10-22 22:50,0,+8.7,+5.6,+24.1,+8.0,+8.0,+6.5,+8.0,+7.0,+7.0
2022-10-22 23:50,0,+8.2,+5.6,+24.1,+7.5,+8.0,+6.5,+8.0,+7.0,+7.0
2022-10-23 00:50,0,+8.2,+5.6,+24.2,+7.0,+7.5,+6.5,+8.0,+7.0,+7.0
2022-10-23 01:50,0,+8.5,+5.6,+24.2,+7.5,+7.5,+6.5,+8.0,+7.0,+7.0
2022-10-23 02:50,0,+9.0,+5.6,+24.2,+7.5,+7.5,+6.5,+8.0,+7.0,+7.0
2022-10-23 03:50,0,+8.3,+5.6,+24.3,+7.5,+7.5,+6.0,+8.0,+7.0,+7.0
2022-10-23 04:50,0,+8.8,+5.6,+24.3,+7.5,+7.5,+6.0,+8.0,+7.0,+7.0
2022-10-23 05:50,0,+9.0,+5.6,+24.3,+7.0,+7.5,+6.0,+8.0,+7.0,+7.0
2022-10-23 06:50,0,+8.9,+5.6,+24.4,+7.0,+7.5,+6.0,+8.0,+7.0,+7.0
2022-10-23 07:50,0,+8.9,+5.6,+24.4,+7.0,+7.5,+6.0,+8.0,+7.0,+7.0
2022-10-23 08:50,0,+8.8,+5.6,+24.4,+7.0,+7.5,+6.0,+8.0,+7.5,+7.0
2022-10-23 09:50,0,+9.0,+5.6,+24.4,+7.0,+7.5,+6.0,+8.0,+7.5,+7.0
2022-10-23 10:50,0,+9.1,+5.6,+24.5,+7.5,+7.5,+6.0,+8.0,+7.5,+7.0
2022-10-23 11:50,0,+8.7,+5.6,+24.5,+7.5,+7.5,+6.0,+8.0,+7.0,+7.0
2022-10-23 12:50,0,+8.9,+5.6,+24.5,+8.0,+7.5,+6.0,+8.0,+7.5,+7.0
2022-10-23 13:50,0,+8.9,+5.6,+24.6,+8.0,+7.5,+6.0,+8.0,+7.5,+7.0
2022-10-23 14:50,0,+8.9,+5.6,+24.6,+8.5,+8.0,+6.0,+8.0,+7.0,+7.0
2022-10-23 15:50,0,+9.0,+5.7,+24.6,+8.5,+8.0,+6.5,+8.0,+7.0,+7.0
2022-10-23 16:50,0,+8.9,+5.7,+24.7,+9.0,+8.0,+6.5,+8.5,+7.5,+7.0
2022-10-23 17:50,0,+8.8,+5.7,+24.7,+9.0,+8.5,+6.5,+8.0,+7.5,+7.0
2022-10-23 18:50,0,+8.7,+5.7,+24.8,+9.0,+8.5,+6.5,+8.5,+7.5,+7.0
2022-10-23 19:50,0,+8.8,+5.7,+24.8,+9.0,+8.5,+6.5,+8.5,+7.5,+7.0
2022-10-23 20:50,0,+8.9,+5.7,+24.8,+9.0,+8.5,+7.0,+8.5,+7.5,+7.0
2022-10-23 21:50,0,+8.8,+5.7,+24.8,+9.0,+8.5,+7.0,+8.5,+7.5,+7.5
2022-10-23 22:50,0,+8.8,+5.7,+24.9,+9.0,+8.5,+7.0,+8.5,+7.5,+7.0
2022-10-23 23:50,0,+10.8,+24.1,+30.7,+9.5,+9.0,+7.0,+8.5,+7.5,+7.5
2022-10-24 00:50,0,+10.2,+11.1,+30.4,+9.5,+9.0,+7.0,+8.5,+7.5,+7.5
2022-10-24 01:50,0,+9.7,+10.7,+30.3,+9.5,+9.0,+7.0,+8.0,+7.5,+7.5
2022-10-24 02:50,0,+11.5,+12.8,+30.5,+9.5,+9.0,+7.5,+8.5,+7.5,+7.5
2022-10-24 03:50,0,+10.7,+10.7,+30.4,+9.5,+9.0,+7.0,+8.5,+7.5,+7.5
2022-10-24 04:50,0,+10.2,+10.7,+30.4,+9.5,+9.0,+7.5,+9.0,+7.5,+7.5
2022-10-24 05:50,0,+10.5,+10.7,+30.4,+9.5,+9.0,+7.0,+9.0,+7.5,+7.5
2022-10-24 06:50,0,+9.9,+10.7,+30.4,+9.5,+9.0,+7.5,+9.0,+7.5,+7.5
2022-10-24 07:50,0,+9.8,+10.7,+30.4,+9.5,+9.0,+8.0,+9.0,+7.5,+7.5
2022-10-24 08:50,0,+9.6,+10.7,+30.4,+9.5,+9.5,+7.5,+8.5,+8.0,+7.5
2022-10-24 09:50,0,+9.6,+10.7,+30.4,+10.0,+9.5,+8.0,+9.0,+8.0,+7.5
2022-10-24 10:50,0,+9.6,+10.7,+30.4,+10.0,+9.5,+8.0,+9.0,+8.0,+7.5
2022-10-24 11:50,0,+9.7,+10.8,+30.4,+10.0,+9.5,+7.5,+9.0,+8.0,+7.5
2022-10-24 12:50,0,+9.6,+10.8,+30.5,+10.0,+9.5,+8.0,+9.0,+8.0,+7.5
2022-10-24 13:50,0,+9.8,+10.8,+30.5,+10.0,+9.5,+7.5,+8.5,+8.0,+7.5
2022-10-24 14:50,0,+9.4,+10.8,+30.5,+10.0,+9.5,+7.5,+9.0,+8.0,+7.5
2022-10-24 15:50,0,+9.4,+10.8,+30.5,+10.0,+9.5,+8.0,+9.5,+8.0,+7.5
2022-10-24 16:50,0,+9.5,+10.8,+30.5,+10.0,+9.5,+7.5,+9.5,+8.0,+8.0
2022-10-24 17:50,0,+9.4,+10.8,+30.5,+10.0,+9.5,+8.0,+9.5,+8.0,+8.0
2022-10-24 18:50,0,+9.6,+10.8,+30.5,+9.5,+9.5,+7.5,+9.5,+8.0,+8.0
2022-10-24 19:50,0,+9.6,+10.8,+30.5,+9.5,+9.5,+8.0,+9.5,+8.0,+8.0
2022-10-24 20:50,0,+9.6,+10.8,+30.5,+9.5,+9.5,+8.0,+9.0,+8.0,+8.0
2022-10-24 21:50,0,+9.6,+10.8,+30.5,+9.0,+9.5,+7.5,+9.5,+8.0,+8.0
2022-10-24 22:50,0,+9.5,+10.8,+30.5,+9.0,+9.5,+7.5,+9.5,+8.0,+8.0
2022-10-24 23:50,0,+9.5,+10.8,+30.5,+9.0,+9.0,+7.5,+9.5,+8.0,+8.0
2022-10-25 00:50,0,+9.4,+10.8,+30.5,+9.0,+9.0,+7.5,+9.5,+8.0,+8.0
2022-10-25 01:50,0,+9.4,+10.8,+30.5,+9.0,+9.0,+8.0,+9.5,+8.0,+8.0
2022-10-25 02:50,0,+9.3,+10.8,+30.6,+8.5,+9.0,+8.0,+9.0,+8.0,+8.0
2022-10-25 03:50,0,+9.3,+10.8,+30.6,+8.5,+9.0,+8.0,+9.0,+8.5,+8.0
2022-10-25 04:50,0,+9.3,+10.8,+30.6,+8.5,+9.0,+8.0,+9.0,+8.0,+8.0
2022-10-25 05:50,0,+9.5,+10.8,+30.6,+8.5,+9.0,+7.5,+9.0,+8.0,+8.0
2022-10-25 06:50,0,+9.7,+10.8,+30.6,+8.5,+8.5,+7.5,+9.0,+8.0,+8.0
2022-10-25 07:50,0,+9.8,+10.8,+30.6,+8.0,+8.5,+7.5,+9.0,+8.0,+8.0
2022-10-25 08:50,0,+9.7,+10.8,+30.6,+8.0,+8.5,+7.5,+9.0,+8.0,+8.0
2022-10-25 09:50,0,+9.7,+10.8,+30.6,+8.0,+8.5,+7.5,+9.5,+8.0,+8.0
2022-10-25 10:50,0,+9.5,+10.8,+30.6,+8.0,+8.5,+7.0,+9.0,+8.0,+8.0
2022-10-25 11:50,0,+9.6,+10.8,+30.6,+8.0,+8.5,+7.0,+8.5,+8.0,+8.0
2022-10-25 12:50,0,+9.7,+10.8,+30.6,+8.0,+8.5,+7.0,+8.5,+8.0,+8.0
2022-10-25 13:50,0,+9.6,+10.8,+30.6,+8.0,+8.5,+7.0,+9.0,+8.0,+8.0
2022-10-25 14:50,0,+9.8,+10.8,+30.7,+8.0,+8.5,+7.0,+9.0,+8.0,+8.0
2022-10-25 15:50,0,+9.7,+10.8,+30.7,+8.0,+8.5,+7.0,+9.0,+8.0,+8.0
2022-10-25 16:50,0,+9.6,+10.8,+30.7,+8.0,+8.5,+7.0,+9.0,+8.0,+8.0
2022-10-25 17:50,0,+9.7,+10.8,+30.7,+8.0,+8.0,+7.0,+9.0,+8.0,+8.0
2022-10-25 18:50,0,+9.6,+10.8,+30.7,+8.0,+8.0,+7.5,+9.0,+8.0,+8.0
2022-10-25 19:50,0,+9.7,+10.7,+30.7,+8.0,+8.0,+7.5,+9.0,+8.0,+8.0
2022-10-25 20:50,0,+9.7,+10.7,+30.7,+7.5,+8.0,+7.0,+9.0,+8.0,+8.0
2022-10-25 21:50,0,+9.7,+10.7,+30.7,+7.5,+8.0,+7.0,+8.5,+8.0,+8.0
2022-10-25 22:50,0,+9.7,+10.7,+30.7,+7.5,+8.0,+7.0,+9.0,+8.0,+8.0
2022-10-25 23:50,0,+9.8,+10.7,+30.7,+7.5,+8.0,+7.0,+8.5,+8.0,+8.0
2022-10-26 00:50,0,+9.9,+10.7,+30.7,+7.5,+8.0,+6.5,+9.0,+8.0,+8.0
2022-10-26 01:50,0,+9.9,+10.7,+30.7,+7.5,+8.0,+7.0,+9.0,+8.0,+8.0
2022-10-26 02:50,0,+9.3,+10.7,+30.7,+7.0,+7.5,+6.5,+8.5,+8.0,+8.0
2022-10-26 03:50,0,+9.2,+10.7,+30.7,+7.0,+7.5,+6.5,+9.0,+8.0,+8.0
2022-10-26 04:50,0,+9.2,+10.7,+30.7,+7.0,+7.5,+6.5,+9.0,+8.0,+8.0
2022-10-26 05:50,0,+10.0,+10.7,+30.8,+7.0,+7.5,+6.5,+9.0,+8.0,+8.0
2022-10-26 06:50,0,+9.2,+10.6,+30.8,+7.0,+7.5,+7.0,+9.0,+8.0,+8.0
2022-10-26 07:50,0,+10.1,+10.6,+30.8,+7.0,+7.5,+6.5,+8.5,+8.0,+7.5
2022-10-26 08:50,0,+9.7,+10.6,+30.8,+7.0,+7.5,+6.5,+8.5,+8.0,+7.5
2022-10-26 09:50,0,+9.7,+10.6,+30.8,+6.5,+7.5,+6.5,+8.5,+8.0,+8.0
2022-10-26 10:50,0,+9.7,+10.6,+30.8,+7.0,+7.5,+6.5,+8.5,+8.0,+7.5
2022-10-26 11:50,0,+9.7,+10.6,+30.8,+7.0,+7.5,+6.5,+8.5,+8.0,+7.5
2022-10-26 12:50,0,+9.7,+10.6,+30.8,+7.0,+7.5,+6.5,+8.5,+8.0,+7.5
2022-10-26 13:50,0,+10.1,+10.6,+30.8,+7.0,+7.5,+6.5,+8.0,+8.0,+7.5
2022-10-26 14:50,0,+9.6,+10.7,+30.8,+7.0,+7.5,+6.5,+8.5,+8.0,+7.5
2022-10-26 15:50,0,+9.6,+10.7,+30.8,+7.0,+7.5,+6.5,+8.5,+8.0,+7.5
2022-10-26 16:50,0,+9.7,+10.6,+30.8,+7.0,+7.5,+6.5,+8.5,+8.0,+7.5
2022-10-26 17:50,0,+9.6,+10.6,+30.9,+7.0,+7.5,+6.5,+8.5,+7.5,+7.5
2022-10-26 18:50,0,+9.5,+10.6,+30.9,+7.0,+7.5,+6.5,+8.5,+7.5,+7.5
2022-10-26 19:50,0,+9.6,+10.6,+30.9,+6.5,+7.5,+6.5,+8.5,+7.5,+7.5
2022-10-26 20:50,0,+9.7,+10.6,+30.9,+6.5,+7.5,+6.5,+8.5,+7.5,+7.5
2022-10-26 21:50,0,+9.7,+10.6,+30.9,+6.5,+7.0,+6.0,+8.5,+7.5,+7.5
2022-10-26 22:50,0,+9.7,+10.6,+30.9,+6.5,+7.0,+6.0,+8.5,+7.5,+7.5
2022-10-26 23:50,0,+9.8,+10.6,+30.9,+6.0,+7.0,+6.0,+8.5,+7.5,+7.5
2022-10-27 00:50,0,+9.5,+10.6,+30.9,+6.0,+7.0,+6.0,+8.5,+7.5,+7.5
2022-10-27 01:50,0,+9.9,+10.6,+30.9,+6.0,+7.0,+6.0,+8.5,+7.5,+7.5
2022-10-27 02:50,0,+9.8,+10.6,+30.9,+6.0,+6.5,+6.0,+8.0,+7.5,+7.5
2022-10-27 03:50,0,+10.0,+10.6,+30.9,+5.5,+6.5,+6.0,+8.5,+7.5,+7.5
2022-10-27 04:50,0,+9.5,+10.6,+30.9,+5.5,+6.5,+6.0,+8.0,+7.5,+7.5
2022-10-27 05:50,0,+9.9,+10.6,+30.9,+5.5,+6.5,+6.0,+8.0,+7.5,+7.5
2022-10-27 06:50,0,+10.0,+10.6,+30.9,+5.5,+6.5,+6.0,+8.0,+7.5,+7.5
2022-10-27 07:50,0,+9.8,+10.6,+30.9,+5.0,+6.5,+5.5,+8.0,+7.5,+7.5
2022-10-27 08:50,0,+9.7,+10.6,+30.9,+5.5,+6.5,+5.5,+8.0,+7.5,+7.5
2022-10-27 09:50,0,+10.2,+10.6,+31.0,+5.5,+6.5,+5.5,+8.0,+7.5,+7.5
2022-10-27 10:50,0,+9.8,+10.6,+31.0,+5.5,+6.0,+5.5,+8.0,+7.5,+7.5
2022-10-27 11:50,0,+9.9,+10.6,+31.0,+6.0,+6.5,+5.5,+8.0,+7.5,+7.5
2022-10-27 12:50,0,+9.8,+10.6,+31.0,+6.0,+6.5,+5.5,+8.0,+7.5,+7.0
2022-10-27 13:50,0,+9.9,+10.6,+31.0,+6.5,+6.5,+5.5,+8.0,+7.5,+7.5
2022-10-27 14:50,0,+9.6,+10.6,+31.0,+6.0,+6.5,+5.5,+8.0,+7.0,+7.0
2022-10-27 15:50,0,+9.6,+10.6,+31.0,+7.0,+6.5,+5.5,+8.0,+7.0,+7.0
2022-10-27 16:50,0,+9.7,+10.6,+31.0,+7.0,+7.0,+5.5,+7.5,+7.0,+7.0
2022-10-27 17:50,0,+9.9,+10.6,+31.0,+7.0,+7.0,+5.5,+8.0,+7.0,+7.0
2022-10-27 18:50,0,+10.0,+10.7,+31.1,+7.0,+7.0,+5.5,+8.0,+7.0,+7.0
2022-10-27 19:50,0,+10.0,+10.7,+31.1,+7.0,+7.0,+6.0,+8.0,+7.0,+7.0
2022-10-27 20:50,0,+10.1,+10.7,+31.1,+7.0,+7.0,+6.0,+8.0,+7.0,+7.0
2022-10-27 21:50,0,+9.9,+10.7,+31.1,+7.0,+7.0,+6.0,+8.0,+7.0,+7.0
2022-10-27 22:50,0,+9.9,+10.7,+31.1,+7.0,+7.0,+6.0,+8.0,+7.0,+7.0
2022-10-27 23:50,0,+9.8,+10.7,+31.1,+7.0,+7.0,+6.0,+8.0,+7.0,+7.0
2022-10-28 00:50,0,+9.8,+10.7,+31.1,+7.0,+7.0,+6.0,+8.0,+7.5,+7.0
2022-10-28 01:50,0,+9.8,+10.7,+31.1,+7.0,+7.0,+6.0,+8.0,+7.0,+7.0
2022-10-28 02:50,0,+9.6,+10.7,+31.1,+7.0,+7.0,+6.0,+8.0,+7.0,+7.0
2022-10-28 03:50,0,+9.6,+10.7,+31.2,+7.0,+7.0,+6.0,+8.0,+7.0,+7.0
2022-10-28 04:50,0,+9.8,+10.7,+31.2,+7.0,+7.5,+6.0,+7.5,+7.0,+7.0
2022-10-28 05:50,0,+9.8,+10.7,+31.2,+7.0,+7.5,+6.0,+8.0,+7.0,+7.0
2022-10-28 06:50,0,+10.0,+10.6,+31.2,+7.0,+7.0,+6.0,+8.0,+7.0,+7.0
2022-10-28 07:50,0,+10.0,+10.6,+31.2,+6.5,+7.0,+6.0,+8.0,+7.5,+7.0
2022-10-28 08:50,0,+9.9,+10.6,+31.2,+6.5,+7.0,+6.0,+8.0,+7.0,+7.0
2022-10-28 09:50,0,+10.0,+10.6,+31.2,+7.0,+7.0,+6.0,+8.0,+7.5,+7.0
2022-10-28 10:50,0,+9.9,+10.7,+31.2,+7.0,+7.0,+6.0,+8.0,+7.5,+7.0
2022-10-28 11:50,0,+9.7,+10.7,+31.2,+7.0,+7.0,+6.0,+8.0,+7.0,+7.0
2022-10-28 12:50,0,+9.9,+10.7,+31.2,+7.0,+7.0,+6.0,+8.0,+7.0,+7.0
2022-10-28 13:50,0,+9.9,+10.7,+31.2,+7.5,+7.5,+6.0,+8.0,+7.5,+7.0
2022-10-28 14:50,0,+9.9,+10.7,+31.2,+7.5,+7.5,+6.0,+8.0,+7.5,+7.0
2022-10-28 15:50,0,+9.5,+10.7,+31.2,+7.5,+7.5,+6.0,+8.0,+7.0,+7.0
2022-10-28 16:50,0,+9.8,+10.7,+31.3,+7.5,+7.5,+6.0,+8.0,+7.0,+7.0
2022-10-28 17:50,0,+9.7,+10.7,+31.3,+7.5,+7.5,+6.0,+8.0,+7.0,+7.0
2022-10-28 18:50,0,+9.8,+10.7,+31.3,+7.5,+7.5,+6.0,+8.0,+7.0,+7.0
2022-10-28 19:50,0,+9.9,+10.7,+31.3,+7.5,+7.5,+6.0,+8.0,+7.5,+7.0
2022-10-28 20:50,0,+9.7,+10.7,+31.3,+7.5,+7.5,+6.5,+8.0,+7.5,+7.0
2022-10-28 21:50,0,+9.5,+10.7,+31.3,+7.5,+7.5,+6.0,+8.0,+7.5,+7.0
2022-10-28 22:50,0,+9.8,+10.7,+31.3,+7.5,+7.5,+6.0,+8.0,+7.5,+7.0
2022-10-28 23:50,0,+9.8,+10.7,+31.3,+7.5,+7.5,+6.0,+8.0,+7.5,+7.0
2022-10-29 00:50,0,+9.5,+10.7,+31.3,+7.5,+7.5,+6.0,+8.0,+7.5,+7.0
2022-10-29 01:50,0,+9.7,+10.7,+31.3,+7.5,+7.5,+6.0,+8.0,+7.5,+7.0
2022-10-29 02:50,0,+9.4,+10.7,+31.3,+7.5,+7.5,+6.0,+8.0,+7.5,+7.0
2022-10-29 03:50,0,+9.8,+10.7,+31.3,+7.5,+7.5,+6.0,+8.0,+7.5,+7.0
2022-10-29 04:50,0,+9.6,+10.7,+31.3,+7.5,+7.5,+6.0,+8.0,+7.5,+7.0
2022-10-29 05:50,0,+9.5,+10.7,+31.3,+7.5,+7.5,+6.0,+8.0,+7.5,+7.0
2022-10-29 06:50,0,+9.7,+10.7,+31.3,+7.5,+7.5,+6.0,+8.0,+7.5,+7.0
2022-10-29 07:50,0,+9.8,+10.7,+31.3,+7.0,+7.5,+6.0,+8.5,+7.5,+7.0
2022-10-29 08:50,0,+9.5,+10.7,+31.3,+7.0,+7.5,+6.0,+8.0,+7.5,+7.0
2022-10-29 09:50,0,+9.7,+10.7,+31.4,+7.0,+7.5,+6.0,+8.0,+7.5,+7.0
2022-10-29 10:50,0,+10.1,+10.7,+31.4,+7.0,+7.5,+6.0,+8.5,+7.5,+7.0
2022-10-29 11:50,0,+9.9,+10.7,+31.4,+7.5,+7.5,+6.0,+8.0,+7.5,+7.0
2022-10-29 12:50,0,+9.9,+10.7,+31.4,+7.5,+7.5,+6.0,+8.0,+7.5,+7.0
2022-10-29 13:50,0,+9.8,+10.7,+31.4,+8.0,+7.5,+6.0,+8.5,+7.5,+7.0
2022-10-29 14:50,0,+9.8,+10.7,+31.4,+8.0,+7.5,+6.0,+8.0,+7.5,+7.0
2022-10-29 15:50,0,+9.8,+10.7,+31.4,+8.0,+8.0,+6.5,+8.0,+7.5,+7.0
2022-10-29 16:50,0,+9.8,+10.7,+31.4,+8.0,+8.0,+6.5,+8.0,+7.5,+7.0
2022-10-29 17:50,0,+9.9,+10.7,+31.4,+8.0,+8.0,+6.5,+8.5,+7.5,+7.0
2022-10-29 18:50,0,+9.6,+10.7,+31.4,+8.0,+8.0,+6.5,+8.5,+7.5,+7.0
2022-10-29 19:50,0,+9.8,+10.7,+31.4,+8.0,+8.0,+6.5,+8.5,+7.5,+7.0
2022-10-29 20:50,0,+9.8,+10.7,+31.4,+8.0,+8.0,+6.5,+8.5,+7.5,+7.5
2022-10-29 21:50,0,+9.8,+10.7,+31.5,+8.0,+8.0,+6.5,+8.5,+7.5,+7.0
2022-10-29 22:50,0,+9.7,+10.7,+31.5,+8.0,+8.0,+6.5,+8.5,+7.5,+7.5
2022-10-29 23:50,0,+9.6,+10.7,+31.5,+7.5,+8.0,+6.5,+8.5,+7.5,+7.5
2022-10-30 00:50,0,+9.6,+10.7,+31.5,+8.0,+8.0,+6.5,+8.5,+7.5,+7.5
2022-10-30 01:50,0,+9.6,+10.7,+31.5,+7.0,+8.0,+6.5,+8.5,+7.5,+7.5
2022-10-30 02:50,0,+9.6,+10.7,+31.5,+7.5,+8.0,+6.5,+8.5,+7.5,+7.5
2022-10-30 03:50,0,+9.6,+10.7,+31.5,+7.5,+8.0,+6.5,+8.0,+7.5,+7.5
2022-10-30 04:50,0,+9.9,+10.7,+31.5,+7.5,+7.5,+6.5,+8.5,+7.5,+7.5
2022-10-30 05:50,0,+9.6,+10.7,+31.5,+7.5,+7.5,+6.5,+8.5,+7.5,+7.5
2022-10-30 06:50,0,+9.8,+10.7,+31.5,+7.0,+7.5,+6.5,+8.5,+7.5,+7.5
2022-10-30 07:50,0,+9.9,+10.7,+31.5,+7.0,+7.5,+6.5,+8.5,+7.5,+7.5
2022-10-30 08:50,0,+10.0,+10.7,+31.5,+7.0,+7.5,+7.0,+8.5,+7.5,+7.5
2022-10-30 09:50,0,+10.1,+10.7,+31.5,+7.0,+7.5,+6.5,+8.5,+7.5,+7.5
2022-10-30 10:50,0,+10.1,+10.7,+31.5,+7.0,+7.5,+6.0,+8.5,+7.5,+7.5
2022-10-30 11:50,0,+10.0,+10.7,+31.5,+7.0,+7.5,+6.0,+8.5,+7.5,+7.5
2022-10-30 12:50,0,+10.0,+10.7,+31.5,+7.5,+7.5,+6.0,+8.5,+7.5,+7.5
2022-10-30 13:50,0,+9.9,+10.7,+31.5,+7.5,+7.5,+6.0,+8.5,+7.5,+7.5
2022-10-30 14:50,0,+10.1,+10.7,+31.5,+7.0,+7.5,+6.0,+8.5,+7.5,+7.5
2022-10-30 15:50,0,+9.9,+10.7,+31.5,+7.5,+7.5,+6.0,+8.5,+7.5,+7.0
2022-10-30 16:50,0,+10.0,+10.7,+31.5,+7.5,+7.5,+6.5,+8.5,+7.5,+7.5
2022-10-30 17:50,0,+10.0,+10.7,+31.5,+7.5,+7.5,+6.5,+8.5,+7.5,+7.5
2022-10-30 18:50,0,+10.1,+10.7,+31.5,+7.5,+7.5,+6.5,+8.5,+7.5,+7.5
2022-10-30 19:50,0,+9.9,+10.7,+31.5,+7.5,+7.5,+6.5,+8.5,+7.5,+7.5
2022-10-30 20:50,0,+10.2,+10.7,+31.5,+7.0,+7.5,+6.5,+8.5,+7.5,+7.5
2022-10-30 21:50,0,+10.3,+10.7,+31.5,+7.0,+7.5,+6.5,+8.5,+7.5,+7.5
2022-10-30 22:50,0,+10.2,+10.7,+31.5,+6.5,+7.5,+6.5,+8.5,+7.5,+7.5
2022-10-30 23:50,0,+10.3,+10.7,+31.5,+7.0,+7.5,+6.0,+8.5,+7.5,+7.5
2022-10-31 00:50,0,+10.2,+10.7,+31.5,+6.5,+7.5,+6.0,+8.5,+7.5,+7.5
2022-10-31 01:50,0,+10.3,+10.7,+31.5,+6.5,+7.0,+6.0,+8.5,+7.5,+7.5
2022-10-31 02:50,0,+10.1,+10.7,+31.5,+6.5,+7.0,+6.0,+8.5,+7.5,+7.0
2022-10-31 03:50,0,+10.4,+10.7,+31.5,+6.0,+7.0,+6.0,+8.5,+7.5,+7.0
2022-10-31 04:50,0,+10.5,+10.6,+31.1,+6.5,+7.0,+6.0,+8.0,+7.5,+7.5
2022-10-31 05:50,0,+10.1,+10.6,+31.0,+6.0,+7.0,+6.0,+8.0,+7.5,+7.5
2022-10-31 06:50,0,+10.1,+10.6,+31.0,+6.0,+7.0,+6.0,+8.0,+7.5,+7.0
2022-10-31 07:50,0,+10.1,+10.6,+31.0,+5.5,+6.5,+6.0,+8.0,+7.5,+7.0
2022-10-31 08:50,0,+9.8,+10.5,+31.0,+6.0,+6.5,+6.0,+8.0,+7.5,+7.0
2022-10-31 09:50,0,+9.7,+10.5,+31.0,+5.5,+6.5,+6.0,+8.0,+7.5,+7.0
2022-10-31 10:50,0,+9.9,+10.5,+31.0,+6.0,+6.5,+5.5,+8.0,+7.5,+7.0
2022-10-31 11:50,0,+9.7,+10.5,+31.0,+6.5,+6.5,+5.5,+8.0,+7.0,+7.0
2022-10-31 12:50,0,+9.7,+10.5,+31.0,+6.5,+6.5,+5.5,+8.0,+7.0,+7.0
2022-10-31 13:50,0,+9.7,+10.5,+31.0,+7.0,+6.5,+5.5,+8.0,+7.0,+7.0
2022-10-31 14:50,0,+9.7,+10.5,+31.0,+6.5,+7.0,+5.5,+7.5,+7.0,+7.0
2022-10-31 15:50,0,+10.2,+10.5,+31.0,+7.5,+7.0,+6.0,+8.0,+7.0,+7.0
2022-10-31 16:50,0,+9.7,+10.5,+31.0,+7.5,+7.0,+6.0,+8.0,+7.0,+7.0
2022-10-31 17:50,0,+9.7,+10.6,+31.0,+7.5,+7.5,+6.0,+8.0,+7.0,+7.0
2022-10-31 18:50,0,+9.7,+10.4,+31.0,+7.5,+7.5,+6.0,+8.0,+7.0,+7.0
2022-10-31 19:50,0,+9.7,+10.4,+31.0,+7.5,+7.5,+6.0,+8.0,+7.0,+7.0
2022-10-31 20:50,0,+9.7,+10.4,+31.0,+7.5,+7.5,+6.0,+7.5,+7.0,+7.0
2022-10-31 21:50,0,+10.2,+10.4,+31.0,+7.5,+7.5,+6.0,+8.0,+7.0,+7.0
2022-10-31 22:50,0,+10.3,+10.4,+31.0,+7.0,+7.5,+6.0,+8.0,+7.0,+7.0
2022-10-31 23:50,0,+10.2,+10.4,+30.8,+6.5,+7.5,+6.0,+8.0,+7.0,+7.0
2022-11-01 00:50,0,+10.4,+10.4,+30.7,+7.0,+7.5,+6.0,+7.5,+7.0,+7.0
2022-11-01 01:50,0,+10.4,+10.4,+30.7,+7.0,+7.0,+6.0,+8.0,+7.0,+7.0
2022-11-01 02:50,0,+10.1,+10.4,+30.7,+7.0,+7.0,+6.0,+8.0,+7.0,+7.0
2022-11-01 03:50,0,+10.1,+10.4,+30.7,+6.5,+7.0,+6.5,+8.0,+7.0,+7.0
2022-11-01 04:50,0,+10.2,+10.4,+30.6,+6.5,+7.0,+6.0,+8.0,+7.0,+7.0
2022-11-01 05:50,0,+10.2,+10.3,+30.6,+6.5,+7.0,+6.0,+8.0,+7.0,+7.0
2022-11-01 06:50,0,+10.6,+10.3,+30.6,+6.5,+7.0,+6.0,+8.0,+7.0,+7.0
2022-11-01 07:50,0,+10.4,+10.3,+30.5,+6.0,+7.0,+6.0,+8.0,+7.0,+7.0
2022-11-01 08:50,0,+10.5,+10.3,+30.4,+5.5,+7.0,+6.0,+7.5,+7.0,+7.0
2022-11-01 09:50,0,+10.2,+10.3,+30.3,+5.5,+6.5,+6.0,+8.0,+7.0,+7.0
2022-11-01 10:50,0,+10.2,+10.3,+30.3,+6.0,+6.5,+5.5,+7.5,+7.0,+7.0
2022-11-01 11:50,0,+10.3,+10.3,+30.3,+6.5,+6.5,+5.5,+8.0,+7.0,+7.0
2022-11-01 12:50,0,+10.2,+10.3,+30.2,+6.5,+6.5,+5.5,+8.0,+7.0,+7.0
2022-11-01 13:50,0,+10.2,+10.3,+30.2,+7.0,+7.0,+5.5,+8.0,+7.0,+7.0
2022-11-01 14:50,0,+10.2,+10.3,+30.2,+6.5,+7.0,+5.5,+8.0,+7.0,+7.0
2022-11-01 15:50,0,+10.2,+10.4,+30.2,+7.5,+7.0,+6.0,+8.0,+7.0,+7.0
2022-11-01 16:50,0,+10.2,+10.4,+30.2,+7.5,+7.0,+6.0,+8.0,+7.0,+7.0
2022-11-01 17:50,0,+10.2,+10.4,+30.2,+7.5,+7.5,+6.0,+8.0,+7.0,+7.0
2022-11-01 18:50,0,+10.1,+10.4,+30.2,+7.5,+7.5,+6.0,+8.0,+7.0,+7.0
2022-11-01 19:50,0,+10.2,+10.4,+30.2,+7.0,+7.5,+6.0,+8.0,+7.0,+7.0
2022-11-01 20:50,0,+10.3,+10.4,+30.2,+7.0,+7.5,+6.0,+8.0,+7.0,+7.0
2022-11-01 21:50,0,+10.2,+10.4,+30.2,+7.5,+7.5,+6.0,+8.0,+7.0,+7.0
2022-11-01 22:50,0,+10.2,+10.4,+30.2,+7.5,+7.5,+6.0,+8.0,+7.0,+7.0
2022-11-01 23:50,0,+10.2,+10.4,+30.2,+7.0,+7.5,+6.0,+8.0,+7.0,+7.0
2022-11-02 00:50,0,+10.1,+10.4,+30.2,+6.5,+7.5,+6.0,+8.0,+7.0,+7.0
2022-11-02 01:50,0,+10.1,+10.4,+30.2,+6.5,+7.5,+6.5,+8.0,+7.0,+7.0
2022-11-02 02:50,0,+10.5,+10.4,+30.2,+7.0,+7.0,+6.0,+8.0,+7.0,+7.0
2022-11-02 03:50,0,+10.1,+10.4,+30.2,+7.0,+7.0,+6.0,+8.0,+7.0,+7.0
2022-11-02 04:50,0,+10.2,+10.4,+30.2,+6.5,+7.0,+6.0,+8.0,+7.0,+7.0
2022-11-02 05:50,0,+10.2,+10.4,+30.2,+7.0,+7.0,+6.0,+8.0,+7.0,+7.0
2022-11-02 06:50,0,+10.2,+10.4,+30.3,+7.0,+7.0,+6.0,+8.0,+7.0,+7.0
2022-11-02 07:50,0,+10.3,+10.4,+30.2,+7.0,+7.0,+6.0,+8.0,+7.0,+7.0
2022-11-02 08:50,0,+10.3,+10.4,+30.2,+6.5,+7.0,+6.0,+8.0,+7.0,+7.0
2022-11-02 09:50,0,+10.4,+10.4,+30.3,+7.0,+7.0,+6.0,+8.0,+7.0,+7.0
2022-11-02 10:50,0,+10.3,+10.4,+30.3,+7.0,+7.0,+6.0,+8.0,+7.0,+7.0
2022-11-02 11:50,0,+10.2,+10.4,+30.3,+7.0,+7.0,+6.0,+8.0,+7.0,+7.0
2022-11-02 12:50,0,+10.2,+10.4,+30.3,+7.5,+7.0,+6.0,+8.0,+7.0,+7.0
2022-11-02 13:50,0,+10.2,+10.4,+30.3,+8.0,+7.5,+6.0,+8.0,+7.0,+7.0
2022-11-02 14:50,0,+10.2,+10.4,+30.3,+8.5,+7.5,+6.0,+8.0,+7.0,+7.0
2022-11-02 15:50,0,+10.2,+10.4,+30.3,+8.5,+8.0,+6.0,+8.0,+7.0,+7.0
2022-11-02 16:50,0,+10.1,+10.5,+30.4,+8.5,+8.0,+6.5,+8.0,+7.0,+7.0
2022-11-02 17:50,0,+10.2,+10.5,+30.4,+9.0,+8.0,+6.5,+8.0,+7.0,+7.0
2022-11-02 18:50,0,+10.1,+10.5,+30.4,+9.0,+8.5,+6.5,+8.0,+7.0,+7.0
2022-11-02 19:50,0,+10.2,+10.5,+30.4,+9.0,+8.5,+6.5,+8.0,+7.0,+7.0
2022-11-02 20:50,0,+10.0,+10.5,+30.4,+9.0,+8.5,+6.5,+8.5,+7.5,+7.0
2022-11-02 21:50,0,+10.1,+10.5,+30.4,+9.0,+8.5,+6.5,+8.5,+7.5,+7.0
2022-11-02 22:50,0,+10.1,+10.5,+30.4,+9.0,+8.5,+6.5,+8.0,+7.5,+7.0
2022-11-02 23:50,0,+10.2,+10.5,+30.4,+9.0,+8.5,+6.5,+8.5,+7.5,+7.0
2022-11-03 00:50,0,+9.9,+10.5,+30.4,+8.5,+8.5,+6.5,+8.0,+7.5,+7.0
2022-11-03 01:50,0,+10.1,+10.5,+30.4,+8.5,+8.5,+6.5,+8.0,+7.5,+7.0
2022-11-03 02:50,0,+10.2,+10.5,+30.4,+8.5,+8.5,+7.0,+8.5,+7.5,+7.0
2022-11-03 03:50,0,+10.2,+10.5,+30.4,+8.5,+8.5,+7.0,+8.5,+7.5,+7.0
2022-11-03 04:50,0,+10.1,+10.5,+30.4,+8.5,+8.5,+7.0,+8.0,+7.5,+7.0
2022-11-03 05:50,0,+10.2,+10.5,+30.4,+8.5,+8.5,+7.0,+8.5,+7.5,+7.0
2022-11-03 06:50,0,+10.2,+10.5,+30.4,+8.5,+8.5,+7.0,+8.0,+7.5,+7.5
2022-11-03 07:50,0,+10.1,+10.5,+30.4,+8.0,+8.5,+7.0,+8.5,+7.5,+7.5
2022-11-03 08:50,0,+10.1,+10.5,+30.4,+8.0,+8.5,+6.5,+8.5,+7.5,+7.5
2022-11-03 09:50,0,+10.2,+10.5,+30.4,+8.0,+8.0,+6.5,+8.0,+7.5,+7.5
2022-11-03 10:50,0,+10.2,+10.5,+30.4,+8.0,+8.0,+6.5,+8.0,+7.5,+7.5
2022-11-03 11:50,0,+10.0,+10.5,+30.4,+8.0,+8.0,+6.5,+8.5,+7.5,+7.5
2022-11-03 12:50,0,+10.0,+10.5,+30.4,+8.5,+8.5,+6.5,+8.5,+7.5,+7.5
2022-11-03 13:50,0,+10.0,+10.5,+30.4,+8.5,+8.5,+7.0,+8.5,+7.5,+7.5
2022-11-03 14:50,0,+10.0,+10.5,+30.5,+9.0,+8.5,+7.0,+8.5,+7.5,+7.5
2022-11-03 15:50,0,+10.3,+10.5,+30.5,+9.0,+8.5,+7.0,+8.5,+7.5,+7.5
2022-11-03 16:50,0,+10.1,+10.5,+30.5,+9.0,+8.5,+7.0,+8.0,+7.5,+7.5
2022-11-03 17:50,0,+10.3,+10.5,+30.5,+9.0,+8.5,+7.5,+8.5,+7.5,+7.5
2022-11-03 18:50,0,+10.2,+10.5,+30.5,+8.5,+8.5,+7.0,+8.5,+7.5,+7.5
2022-11-03 19:50,0,+12.2,+12.1,+30.5,+8.5,+8.5,+7.0,+8.5,+7.5,+7.5
2022-11-03 20:50,0,+12.3,+12.4,+30.5,+8.5,+8.5,+7.5,+8.5,+7.5,+7.5
2022-11-03 21:50,0,+11.1,+10.5,+30.4,+8.0,+8.5,+7.0,+8.5,+7.5,+7.5
2022-11-03 22:50,0,+11.1,+10.5,+30.4,+8.0,+8.5,+7.0,+8.5,+7.5,+7.5
2022-11-03 23:50,0,+10.3,+10.5,+30.4,+8.0,+8.0,+7.0,+8.5,+7.5,+7.5
2022-11-04 00:50,0,+10.5,+10.5,+30.4,+7.5,+8.0,+7.0,+8.5,+7.5,+7.5
2022-11-04 01:50,0,+10.3,+10.5,+30.4,+7.5,+8.0,+7.0,+8.5,+7.5,+7.5
2022-11-04 02:50,0,+10.3,+10.5,+30.4,+7.5,+8.0,+6.5,+8.5,+7.5,+7.5
2022-11-04 03:50,0,+10.4,+10.5,+30.4,+7.5,+8.0,+6.5,+8.5,+7.5,+7.5
2022-11-04 04:50,0,+10.5,+10.5,+30.4,+7.5,+8.0,+6.5,+8.0,+7.5,+7.5
2022-11-04 05:50,0,+10.5,+10.5,+30.4,+7.0,+7.5,+6.5,+8.5,+7.5,+7.5
2022-11-04 06:50,0,+10.4,+10.5,+30.4,+7.0,+7.5,+7.0,+8.5,+7.5,+7.5
2022-11-04 07:50,0,+10.6,+10.5,+30.4,+7.0,+7.5,+6.5,+8.0,+7.5,+7.5
2022-11-04 08:50,0,+10.7,+10.5,+30.4,+7.0,+7.5,+6.5,+8.5,+7.5,+7.5
2022-11-04 09:50,0,+10.1,+10.5,+30.4,+6.5,+7.5,+6.5,+8.5,+7.5,+7.5
2022-11-04 10:50,0,+10.0,+10.5,+30.4,+6.5,+7.5,+6.5,+8.5,+7.5,+7.5
2022-11-04 11:50,0,+10.0,+10.5,+30.4,+6.5,+7.0,+6.0,+8.5,+7.5,+7.5
2022-11-04 12:50,0,+10.7,+10.5,+30.4,+6.5,+7.0,+6.0,+8.5,+7.5,+7.5
2022-11-04 13:50,0,+10.0,+10.5,+30.4,+6.5,+7.0,+6.0,+8.5,+7.5,+7.5
2022-11-04 14:50,0,+10.0,+10.5,+30.4,+6.0,+7.0,+6.0,+8.5,+7.5,+7.5
2022-11-04 15:50,0,+10.6,+10.5,+30.5,+6.0,+7.0,+6.0,+8.5,+7.5,+7.5
2022-11-04 16:50,0,+10.0,+10.5,+30.4,+6.5,+7.0,+6.0,+8.5,+7.5,+7.5
2022-11-04 17:50,0,+10.0,+10.5,+30.4,+6.0,+7.0,+6.0,+8.5,+7.5,+7.5
2022-11-04 18:50,0,+10.6,+10.5,+30.5,+6.0,+7.0,+6.0,+8.0,+7.5,+7.5
2022-11-04 19:50,0,+10.0,+10.5,+30.5,+5.5,+7.0,+6.0,+8.0,+7.5,+7.5
2022-11-04 20:50,0,+10.0,+10.5,+30.5,+5.5,+7.0,+6.0,+8.0,+7.5,+7.0
2022-11-04 21:50,0,+10.0,+10.5,+30.4,+6.0,+6.5,+5.5,+7.5,+7.5,+7.0
2022-11-04 22:50,0,+10.7,+10.5,+30.5,+5.5,+6.5,+5.5,+8.0,+7.5,+7.0
2022-11-04 23:50,0,+10.4,+10.5,+30.4,+5.0,+6.5,+5.5,+8.0,+7.5,+7.0
2022-11-05 00:50,0,+10.5,+10.5,+30.4,+5.0,+6.5,+5.5,+8.0,+7.5,+7.0
2022-11-05 01:50,0,+10.5,+10.5,+30.4,+5.0,+6.5,+5.5,+8.0,+7.5,+7.0
2022-11-05 02:50,0,+10.5,+10.5,+30.4,+5.0,+6.0,+5.5,+8.0,+7.5,+7.0
2022-11-05 03:50,0,+10.5,+10.5,+30.4,+5.0,+6.0,+5.5,+8.0,+7.0,+7.0
2022-11-05 04:50,0,+10.6,+10.4,+30.4,+4.5,+6.0,+5.5,+8.0,+7.0,+7.0
2022-11-05 05:50,0,+10.7,+10.4,+30.4,+4.5,+6.0,+5.5,+8.0,+7.0,+7.0
2022-11-05 06:50,0,+10.6,+10.4,+30.4,+5.0,+6.0,+5.5,+7.5,+7.0,+7.0
2022-11-05 07:50,0,+10.7,+10.4,+30.4,+4.5,+5.5,+5.0,+7.5,+7.0,+7.0
2022-11-05 08:50,0,+10.8,+10.4,+30.4,+4.0,+5.5,+5.0,+7.5,+7.0,+7.0
2022-11-05 09:50,0,+10.7,+10.4,+30.4,+4.0,+5.5,+5.0,+7.5,+7.0,+7.0
2022-11-05 10:50,0,+10.7,+10.4,+30.4,+4.0,+5.5,+5.0,+7.5,+7.0,+7.0
2022-11-05 11:50,0,+10.4,+10.4,+30.4,+4.5,+5.5,+5.0,+7.5,+7.0,+7.0
2022-11-05 12:50,0,+10.0,+10.4,+30.4,+4.5,+5.5,+5.0,+7.5,+7.0,+7.0
2022-11-05 13:50,0,+10.1,+10.5,+30.4,+4.5,+5.5,+5.0,+7.5,+7.0,+7.0
2022-11-05 14:50,0,+10.1,+10.5,+30.4,+5.0,+5.5,+5.0,+7.5,+7.0,+7.0
2022-11-05 15:50,0,+10.1,+10.5,+30.4,+5.0,+5.5,+5.0,+7.5,+7.0,+7.0
2022-11-05 16:50,0,+10.1,+10.5,+30.4,+5.0,+5.5,+5.0,+7.5,+6.5,+6.5
2022-11-05 17:50,0,+10.1,+10.5,+30.4,+5.5,+5.5,+5.0,+7.5,+6.5,+7.0
2022-11-05 18:50,0,+10.6,+10.5,+30.4,+5.0,+5.5,+5.0,+7.5,+6.5,+6.5
2022-11-05 19:50,0,+9.8,+10.5,+30.4,+5.5,+5.5,+5.0,+7.0,+6.5,+6.5
2022-11-05 20:50,0,+9.9,+10.5,+30.4,+5.5,+5.5,+5.0,+7.5,+6.5,+6.5
2022-11-05 21:50,0,+9.9,+10.5,+30.4,+5.0,+5.5,+5.0,+7.5,+6.5,+6.5
2022-11-05 22:50,0,+9.9,+10.5,+30.4,+4.5,+5.5,+5.0,+7.0,+6.5,+6.5
2022-11-05 23:50,0,+10.5,+10.5,+30.4,+5.0,+5.5,+5.0,+7.0,+6.5,+6.5
2022-11-06 00:50,0,+9.9,+10.5,+30.4,+5.0,+5.5,+5.0,+7.0,+6.5,+6.5
2022-11-06 01:50,0,+9.9,+10.5,+30.4,+4.5,+5.5,+5.0,+7.0,+6.5,+6.5
2022-11-06 01:50,0,+9.9,+10.5,+30.4,+4.5,+5.5,+5.0,+7.0,+6.5,+6.5
2022-11-06 02:50,0,+10.5,+10.5,+30.4,+4.5,+5.5,+4.5,+7.0,+6.5,+6.5
2022-11-06 03:50,0,+10.3,+10.5,+30.4,+4.5,+5.5,+5.0,+7.0,+6.5,+6.5
2022-11-06 04:50,0,+11.0,+10.5,+30.4,+5.0,+5.5,+5.0,+7.0,+6.5,+6.5
2022-11-06 05:50,0,+10.4,+10.5,+30.4,+4.5,+5.5,+5.0,+7.0,+6.5,+6.5
2022-11-06 06:50,0,+10.3,+10.5,+30.4,+5.0,+5.5,+5.0,+7.0,+6.5,+6.5
2022-11-06 07:50,0,+10.5,+10.5,+30.4,+5.5,+5.5,+4.5,+7.0,+6.5,+6.5
2022-11-06 08:50,0,+10.6,+10.5,+30.4,+5.0,+5.5,+4.5,+7.0,+6.5,+6.5
2022-11-06 09:50,0,+10.6,+10.5,+30.4,+5.0,+5.5,+4.5,+7.0,+6.5,+6.5
2022-11-06 10:50,0,+10.3,+10.5,+30.4,+5.0,+5.5,+4.5,+7.0,+6.5,+6.5
2022-11-06 11:50,0,+10.4,+10.5,+30.4,+5.5,+5.5,+4.5,+7.0,+6.5,+6.5
2022-11-06 12:50,0,+10.5,+10.5,+30.4,+5.0,+5.5,+5.0,+7.0,+6.5,+6.5
2022-11-06 13:50,0,+10.5,+10.5,+30.4,+5.5,+5.5,+5.0,+7.0,+6.5,+6.5
2022-11-06 14:50,0,+10.5,+10.5,+30.4,+5.5,+5.5,+4.5,+7.0,+6.5,+6.5
2022-11-06 15:50,0,+10.3,+10.6,+30.4,+5.5,+5.5,+5.0,+7.0,+6.5,+6.5
2022-11-06 16:50,0,+10.6,+10.6,+30.4,+5.0,+5.5,+5.0,+7.0,+6.5,+6.5
2022-11-06 17:50,0,+10.5,+10.6,+30.4,+5.0,+5.5,+5.0,+7.0,+6.5,+6.5
2022-11-06 18:50,0,+10.4,+10.5,+30.4,+4.5,+5.5,+5.0,+7.0,+6.5,+6.5
2022-11-06 19:50,0,+10.3,+10.6,+30.4,+4.5,+5.5,+5.0,+7.0,+6.5,+6.5
2022-11-06 20:50,0,+10.5,+10.5,+30.4,+4.5,+5.5,+4.5,+7.0,+6.5,+6.5
2022-11-06 21:50,0,+10.5,+10.6,+30.4,+5.0,+5.5,+4.5,+7.0,+6.5,+6.5
2022-11-06 22:50,0,+10.4,+10.6,+30.4,+4.5,+5.5,+4.5,+7.0,+6.5,+6.5
2022-11-06 23:50,0,+10.5,+10.6,+30.4,+4.5,+5.5,+4.5,+7.0,+6.5,+6.0
2022-11-07 00:50,0,+10.4,+10.6,+30.4,+4.5,+5.5,+4.5,+7.0,+6.5,+6.0
2022-11-07 01:50,0,+10.4,+10.6,+30.4,+4.5,+5.5,+4.5,+7.0,+6.5,+6.0
2022-11-07 02:50,0,+10.5,+10.6,+30.4,+4.5,+5.5,+4.5,+7.0,+6.0,+6.0
2022-11-07 03:50,0,+10.6,+10.6,+30.4,+4.0,+5.0,+4.5,+7.0,+6.0,+6.0
2022-11-07 04:50,0,+10.3,+10.5,+30.4,+4.0,+5.0,+4.5,+7.0,+6.0,+6.0
2022-11-07 05:50,0,+10.5,+10.5,+30.4,+4.0,+5.0,+4.5,+7.0,+6.0,+6.0
2022-11-07 06:50,0,+10.5,+10.5,+30.4,+4.5,+5.0,+4.5,+7.0,+6.0,+6.0
2022-11-07 07:50,0,+10.5,+10.5,+30.4,+4.0,+5.0,+4.5,+7.0,+6.0,+6.0
2022-11-07 08:50,0,+10.5,+10.5,+30.4,+4.0,+5.0,+4.5,+6.5,+6.0,+6.0
2022-11-07 09:50,0,+10.5,+10.5,+30.4,+4.0,+5.0,+4.5,+6.5,+6.0,+6.0
2022-11-07 10:50,0,+10.6,+10.5,+30.4,+4.5,+5.0,+4.5,+6.5,+6.0,+6.0
2022-11-07 11:50,0,+10.5,+10.5,+30.4,+4.5,+5.0,+4.5,+6.5,+6.0,+6.0
2022-11-07 12:50,0,+10.4,+10.5,+30.4,+4.5,+5.0,+4.5,+6.5,+6.0,+6.0
2022-11-07 13:50,0,+10.4,+10.6,+30.4,+4.5,+5.0,+4.5,+6.5,+6.0,+6.0
2022-11-07 14:50,0,+10.3,+10.6,+30.4,+4.5,+5.0,+4.5,+6.5,+6.0,+6.0
2022-11-07 15:50,0,+10.4,+10.6,+30.4,+4.5,+5.5,+4.5,+6.5,+6.0,+6.0
2022-11-07 16:50,0,+10.5,+10.6,+30.4,+4.5,+5.5,+4.5,+6.5,+6.0,+6.0
2022-11-07 17:50,0,+10.3,+10.6,+30.4,+4.5,+5.5,+4.5,+6.5,+6.0,+6.0
2022-11-07 18:50,0,+10.4,+10.6,+30.4,+4.5,+5.5,+4.5,+6.5,+6.0,+6.0
2022-11-07 19:50,0,+10.4,+10.6,+30.4,+4.5,+5.5,+4.5,+6.5,+6.0,+6.0
2022-11-07 20:50,0,+10.5,+10.6,+30.4,+4.5,+5.5,+4.5,+6.5,+6.0,+6.0
2022-11-07 21:50,0,+10.7,+10.6,+30.4,+4.5,+5.0,+4.5,+6.5,+6.0,+6.0
2022-11-07 22:50,0,+10.5,+10.6,+30.4,+4.5,+5.0,+4.5,+6.5,+6.0,+6.0
2022-11-07 23:50,0,+10.5,+10.6,+30.4,+5.0,+5.0,+4.5,+6.5,+6.0,+6.0
2022-11-08 00:50,0,+10.4,+10.6,+30.4,+4.5,+5.0,+4.5,+6.5,+6.0,+6.0
2022-11-08 01:50,0,+10.6,+10.6,+30.4,+4.5,+5.0,+4.5,+6.5,+6.0,+6.0
2022-11-08 02:50,0,+10.5,+10.6,+30.4,+4.5,+5.0,+4.5,+6.5,+6.0,+6.0
2022-11-08 03:50,0,+10.5,+10.6,+30.4,+4.5,+5.0,+4.5,+6.5,+6.0,+6.0
2022-11-08 04:50,0,+10.6,+10.6,+30.5,+4.5,+5.0,+4.5,+6.5,+6.0,+6.0
2022-11-08 05:50,0,+10.6,+10.6,+30.5,+4.5,+5.0,+4.5,+6.5,+6.0,+6.0
2022-11-08 06:50,0,+10.7,+10.6,+30.5,+4.5,+5.0,+4.5,+6.5,+6.0,+6.0
2022-11-08 07:50,0,+10.6,+10.6,+30.5,+4.5,+5.0,+4.5,+6.5,+6.0,+6.0
2022-11-08 08:50,0,+10.8,+10.6,+30.5,+4.5,+5.0,+4.5,+6.5,+6.0,+6.0
2022-11-08 09:50,0,+10.6,+10.6,+30.5,+4.5,+5.0,+4.5,+6.5,+6.0,+6.0
2022-11-08 10:50,0,+10.6,+10.6,+30.5,+4.5,+5.0,+4.5,+6.5,+6.0,+6.0
2022-11-08 11:50,0,+10.5,+10.6,+30.5,+4.5,+5.0,+4.5,+6.5,+6.0,+6.0
2022-11-08 12:50,0,+10.7,+10.6,+30.5,+5.0,+5.5,+4.5,+6.5,+6.0,+6.0
2022-11-08 13:50,0,+10.5,+10.6,+30.5,+5.0,+5.5,+4.5,+6.5,+6.0,+6.0
2022-11-08 14:50,0,+10.5,+10.6,+30.5,+5.0,+5.5,+4.5,+6.5,+6.0,+6.0
2022-11-08 15:50,0,+11.5,+10.7,+30.5,+5.0,+5.5,+4.5,+6.5,+6.0,+6.0
2022-11-08 16:50,0,+10.9,+10.6,+30.5,+5.5,+5.5,+4.5,+6.5,+6.0,+6.0
2022-11-08 17:50,0,+10.6,+10.6,+30.5,+5.0,+5.5,+4.5,+6.5,+6.0,+6.0
2022-11-08 18:50,0,+10.5,+10.6,+30.5,+5.5,+5.5,+4.5,+6.5,+6.0,+6.0
2022-11-08 19:50,0,+10.5,+10.6,+30.5,+5.0,+5.5,+4.5,+6.5,+6.0,+6.0
2022-11-08 20:50,0,+10.6,+10.6,+30.5,+5.0,+5.5,+4.5,+6.5,+6.0,+6.0
2022-11-08 21:50,0,+10.7,+10.6,+30.5,+5.0,+5.5,+4.5,+6.5,+6.0,+6.0
2022-11-08 22:50,0,+10.7,+10.6,+30.5,+5.0,+5.5,+4.5,+6.5,+6.0,+6.0
2022-11-08 23:50,0,+10.7,+10.6,+30.6,+5.5,+5.5,+4.5,+6.5,+6.0,+6.0
2022-11-09 00:50,0,+10.7,+10.6,+30.6,+5.5,+5.5,+4.5,+6.5,+6.0,+6.0
2022-11-09 01:50,0,+10.4,+10.6,+30.6,+5.5,+5.5,+4.5,+6.5,+6.0,+6.0
2022-11-09 02:50,0,+10.7,+10.6,+30.6,+5.5,+5.5,+4.5,+6.5,+6.0,+6.0
2022-11-09 03:50,0,+10.7,+10.6,+30.6,+6.0,+6.0,+4.5,+6.5,+6.0,+6.0
2022-11-09 04:50,0,+10.8,+10.6,+30.6,+5.5,+6.0,+4.5,+6.5,+6.0,+6.0
2022-11-09 05:50,0,+10.8,+10.6,+30.6,+6.0,+6.0,+4.5,+6.5,+6.0,+6.0
2022-11-09 06:50,0,+10.6,+10.6,+30.6,+5.5,+6.0,+4.5,+6.5,+6.0,+6.0
2022-11-09 07:50,0,+10.4,+10.7,+30.6,+5.5,+6.0,+4.5,+6.5,+6.0,+6.0
2022-11-09 08:50,0,+10.8,+10.7,+30.6,+6.0,+6.0,+4.5,+7.0,+6.0,+6.0
2022-11-09 09:50,0,+10.6,+10.7,+30.6,+6.0,+6.0,+5.0,+7.0,+6.0,+6.0
2022-11-09 10:50,0,+10.7,+10.7,+30.6,+5.5,+6.0,+5.0,+7.0,+6.0,+6.0
2022-11-09 11:50,0,+13.3,+16.4,+30.8,+6.0,+6.0,+4.5,+7.0,+6.0,+6.0
2022-11-09 12:50,0,+14.8,+30.7,+31.3,+6.0,+6.0,+5.0,+7.0,+6.0,+6.0
2022-11-09 13:50,0,+13.7,+18.5,+31.3,+6.0,+6.0,+5.0,+7.0,+6.0,+6.0
2022-11-09 14:50,0,+12.7,+13.4,+31.3,+6.0,+6.0,+5.0,+7.0,+6.0,+6.0
2022-11-09 15:50,0,+12.2,+12.1,+31.2,+6.5,+6.0,+5.0,+7.0,+6.0,+6.0
2022-11-09 16:50,0,+12.0,+12.0,+31.3,+6.0,+6.5,+5.0,+7.0,+6.0,+6.0
2022-11-09 17:50,0,+11.7,+12.0,+31.3,+6.5,+6.5,+5.0,+7.0,+6.0,+6.0
2022-11-09 18:50,0,+11.8,+12.0,+31.3,+6.5,+6.5,+5.0,+7.0,+6.0,+6.0
2022-11-09 19:50,0,+11.7,+12.0,+31.3,+6.0,+6.5,+5.0,+7.0,+6.0,+6.0
2022-11-09 20:50,0,+11.6,+12.0,+31.3,+6.0,+6.0,+5.0,+7.0,+6.0,+6.0
2022-11-09 21:50,0,+11.5,+12.0,+31.4,+6.0,+6.0,+5.0,+7.0,+6.0,+6.0
2022-11-09 22:50,0,+11.5,+12.0,+31.4,+6.0,+6.0,+5.0,+7.0,+6.0,+6.0
2022-11-09 23:50,0,+11.6,+12.0,+31.4,+5.5,+6.0,+5.0,+7.0,+6.0,+6.0
2022-11-10 00:50,0,+11.6,+12.0,+31.4,+5.5,+6.0,+5.0,+7.0,+6.0,+6.0
2022-11-10 01:50,0,+11.8,+12.0,+31.4,+5.5,+6.0,+5.0,+7.0,+6.0,+6.0
2022-11-10 02:50,0,+14.6,+20.8,+31.7,+5.5,+6.0,+5.0,+7.0,+6.0,+6.0
2022-11-10 03:50,0,+13.8,+16.3,+31.6,+5.0,+6.0,+5.0,+7.0,+6.0,+6.0
2022-11-10 04:50,0,+13.5,+13.5,+31.5,+5.5,+6.0,+5.0,+7.0,+6.0,+6.0
2022-11-10 05:50,0,+16.3,+26.7,+31.8,+5.0,+6.0,+5.0,+7.0,+6.0,+6.0
2022-11-10 06:50,0,+15.8,+30.4,+31.9,+5.0,+6.0,+5.0,+7.0,+6.0,+6.0
2022-11-10 07:50,0,+15.3,+27.9,+31.9,+5.0,+6.0,+5.0,+7.0,+6.0,+6.0
2022-11-10 08:50,0,+17.4,+37.5,+32.1,+4.5,+5.5,+4.5,+7.0,+6.0,+6.0
2022-11-10 09:50,0,+19.0,+37.5,+32.1,+4.5,+5.5,+4.5,+7.0,+6.0,+6.0
2022-11-10 10:50,0,+24.7,+37.2,+32.2,+4.5,+5.5,+4.5,+7.0,+6.0,+6.0
2022-11-10 11:50,0,+25.9,+37.0,+32.2,+4.5,+5.5,+4.5,+7.0,+6.0,+6.0
2022-11-10 12:50,0,+28.7,+36.8,+32.2,+4.5,+5.5,+4.5,+7.0,+6.0,+6.0
2022-11-10 13:50,0,+29.5,+36.5,+32.2,+5.0,+5.5,+4.5,+6.5,+6.0,+6.0
2022-11-10 14:50,0,+33.0,+36.4,+32.2,+5.0,+5.5,+4.5,+6.5,+6.0,+6.0
2022-11-10 15:50,0,+36.6,+36.5,+32.2,+4.5,+5.5,+4.5,+6.5,+6.0,+6.0
2022-11-10 16:50,0,+39.3,+36.5,+32.2,+4.5,+5.5,+4.5,+6.5,+6.0,+6.0
2022-11-10 17:50,0,+41.7,+36.5,+32.3,+5.0,+5.5,+4.5,+6.5,+6.0,+6.0
2022-11-10 18:50,0,+43.0,+36.5,+32.3,+4.5,+5.5,+4.5,+6.5,+6.0,+6.0
2022-11-10 19:50,0,+43.1,+36.5,+32.3,+4.5,+5.5,+4.5,+6.5,+6.0,+6.0
2022-11-10 20:50,0,+43.2,+36.5,+32.3,+5.0,+5.5,+4.5,+6.5,+6.0,+6.0
2022-11-10 21:50,0,+43.2,+36.5,+32.3,+4.5,+5.0,+4.5,+6.5,+6.0,+6.0
2022-11-10 22:50,0,+43.2,+36.5,+32.4,+4.5,+5.0,+4.5,+6.5,+6.0,+6.0
2022-11-10 23:50,0,+43.2,+36.5,+32.4,+5.0,+5.0,+4.5,+6.5,+6.0,+6.0
2022-11-11 00:50,0,+43.2,+36.5,+32.4,+4.5,+5.0,+4.0,+6.5,+6.0,+6.0
2022-11-11 01:50,0,+43.2,+36.5,+32.4,+4.5,+5.0,+4.5,+6.5,+6.0,+6.0
2022-11-11 02:50,0,+43.2,+36.5,+32.4,+5.0,+5.0,+4.0,+6.5,+6.0,+5.5
2022-11-11 03:50,0,+43.2,+36.5,+32.4,+5.0,+5.0,+4.5,+6.5,+5.5,+6.0
2022-11-11 04:50,0,+43.2,+36.5,+32.4,+5.0,+5.0,+4.0,+6.5,+6.0,+6.0
2022-11-11 05:50,0,+42.4,+36.4,+32.4,+4.5,+5.0,+4.0,+6.5,+5.5,+5.5
2022-11-11 06:50,0,+41.9,+36.4,+32.4,+4.5,+5.0,+4.0,+6.5,+6.0,+5.5
2022-11-11 07:50,0,+40.5,+36.4,+32.4,+4.0,+5.0,+4.0,+6.5,+5.5,+5.5
2022-11-11 08:50,0,+39.7,+36.4,+32.4,+4.5,+5.0,+4.0,+6.5,+5.5,+5.5
2022-11-11 09:50,0,+39.1,+36.4,+32.4,+4.0,+5.0,+4.0,+6.5,+5.5,+5.5
2022-11-11 10:50,0,+37.9,+36.4,+32.4,+4.0,+5.0,+4.0,+6.5,+5.5,+5.5
2022-11-11 11:50,0,+37.1,+36.4,+32.4,+4.0,+5.0,+4.0,+6.5,+5.5,+5.5
2022-11-11 12:50,0,+36.5,+36.3,+32.4,+4.0,+5.0,+4.0,+6.5,+5.5,+5.5
2022-11-11 13:50,0,+35.5,+36.3,+32.4,+4.0,+5.0,+4.0,+6.5,+5.5,+5.5
2022-11-11 14:50,0,+34.9,+36.3,+32.4,+4.0,+5.0,+4.0,+6.5,+5.5,+5.5
2022-11-11 15:50,0,+34.4,+36.4,+32.5,+4.0,+5.0,+4.0,+6.5,+5.5,+5.5
2022-11-11 16:50,0,+33.3,+36.3,+32.5,+4.0,+5.0,+4.0,+6.5,+5.5,+5.5
2022-11-11 17:50,0,+33.1,+36.3,+32.5,+4.0,+5.0,+4.0,+6.5,+5.5,+5.5
2022-11-11 18:50,0,+32.9,+36.3,+32.5,+4.0,+5.0,+4.0,+6.5,+5.5,+5.5
2022-11-11 19:50,0,+32.8,+36.3,+32.5,+4.0,+5.0,+4.0,+6.0,+5.5,+5.5
2022-11-11 20:50,0,+30.4,+36.3,+32.5,+4.0,+5.0,+4.0,+6.0,+5.5,+5.5
2022-11-11 21:50,0,+29.1,+36.3,+32.5,+4.0,+5.0,+4.0,+6.0,+5.5,+5.5
2022-11-11 22:50,0,+28.7,+36.3,+32.5,+4.0,+4.5,+4.0,+6.0,+5.5,+5.5
2022-11-11 23:50,0,+26.2,+36.3,+32.5,+4.0,+4.5,+4.0,+6.0,+5.5,+5.5
2022-11-12 00:50,0,+25.4,+36.3,+32.5,+4.0,+4.5,+4.0,+6.0,+5.5,+5.5
2022-11-12 01:50,0,+24.7,+36.3,+32.5,+4.0,+4.5,+4.0,+6.0,+5.5,+5.5
2022-11-12 02:50,0,+23.1,+36.3,+32.5,+3.5,+4.5,+4.0,+6.0,+5.5,+5.5
2022-11-12 03:50,0,+21.8,+36.3,+32.5,+4.0,+4.5,+4.0,+6.0,+5.5,+5.5
2022-11-12 04:50,0,+21.5,+36.2,+32.5,+3.5,+4.5,+4.0,+6.0,+5.5,+5.5
2022-11-12 05:50,0,+20.1,+36.2,+32.5,+3.5,+4.5,+3.5,+6.0,+6.0,+5.5
2022-11-12 06:50,0,+19.3,+36.2,+32.5,+3.5,+4.5,+3.5,+6.0,+5.5,+5.5
2022-11-12 07:50,0,+18.4,+36.2,+32.5,+4.0,+4.5,+3.5,+6.0,+5.5,+5.5
2022-11-12 08:50,0,+17.4,+36.1,+32.5,+4.0,+4.5,+3.5,+6.0,+5.5,+5.5
2022-11-12 09:50,0,+16.4,+36.0,+32.5,+3.5,+4.5,+3.5,+6.0,+5.5,+5.5
2022-11-12 10:50,0,+16.0,+35.6,+32.5,+3.5,+4.5,+3.5,+6.0,+5.5,+5.5
2022-11-12 11:50,0,+15.7,+35.1,+32.5,+3.5,+4.5,+3.5,+6.0,+5.5,+5.5
2022-11-12 12:50,0,+15.6,+34.9,+32.5,+3.5,+4.5,+3.5,+6.0,+5.5,+5.5
2022-11-12 13:50,0,+15.4,+34.7,+32.5,+3.5,+4.5,+3.5,+6.0,+5.0,+5.5
2022-11-12 14:50,0,+15.3,+34.3,+32.5,+3.5,+4.5,+3.5,+6.0,+5.5,+5.5
2022-11-12 15:50,0,+15.2,+33.7,+32.5,+3.5,+4.5,+3.5,+6.0,+5.0,+5.5
2022-11-12 16:50,0,+15.1,+33.3,+32.5,+3.5,+4.5,+3.5,+6.0,+5.0,+5.5
2022-11-12 17:50,0,+15.5,+32.7,+32.4,+3.5,+4.5,+3.5,+6.0,+5.0,+5.0
2022-11-12 18:50,0,+15.4,+32.0,+32.4,+3.5,+4.5,+3.5,+6.0,+5.0,+5.5
2022-11-12 19:50,0,+15.5,+31.4,+32.4,+3.5,+4.0,+3.5,+5.5,+5.0,+5.0
2022-11-12 20:50,0,+14.9,+31.0,+32.4,+3.5,+4.0,+3.5,+5.5,+5.0,+5.0
2022-11-12 21:50,0,+14.7,+30.7,+32.4,+3.5,+4.0,+3.5,+5.5,+5.0,+5.0
2022-11-12 22:50,0,+14.6,+30.5,+32.4,+3.0,+4.0,+3.5,+5.5,+5.0,+5.0
2022-11-12 23:50,0,+14.7,+30.2,+32.4,+3.0,+4.0,+3.5,+5.5,+5.0,+5.0
2022-11-13 00:50,0,+14.4,+30.0,+32.4,+3.0,+4.0,+3.5,+5.5,+5.0,+5.0
2022-11-13 01:50,0,+14.3,+29.7,+32.4,+3.0,+4.0,+3.5,+5.5,+5.0,+5.0
2022-11-13 02:50,0,+14.3,+29.1,+32.4,+3.0,+4.0,+3.5,+5.5,+5.0,+5.0
2022-11-13 03:50,0,+14.1,+28.8,+32.4,+3.0,+4.0,+3.5,+5.5,+5.0,+5.0
2022-11-13 04:50,0,+14.1,+28.6,+32.4,+3.0,+4.0,+3.5,+5.5,+5.0,+5.0
2022-11-13 05:50,0,+14.0,+28.4,+32.4,+3.0,+4.0,+3.5,+5.5,+5.0,+5.0
2022-11-13 06:50,0,+13.9,+28.2,+32.4,+3.0,+4.0,+3.5,+5.5,+5.0,+5.0
2022-11-13 07:50,0,+13.9,+28.0,+32.4,+3.0,+4.0,+3.0,+5.5,+5.0,+5.0
2022-11-13 08:50,0,+14.0,+27.9,+32.4,+3.0,+4.0,+3.0,+5.5,+5.5,+5.0
2022-11-13 09:50,0,+14.1,+27.7,+32.4,+3.0,+4.0,+3.0,+5.5,+5.0,+5.0
2022-11-13 10:50,0,+14.0,+27.5,+32.4,+3.0,+3.5,+3.0,+5.5,+5.0,+5.0
2022-11-13 11:50,0,+13.9,+27.3,+32.4,+3.0,+4.0,+3.0,+5.5,+5.5,+5.0
2022-11-13 12:50,0,+13.2,+27.1,+32.4,+3.0,+3.5,+3.0,+5.5,+5.0,+5.0
2022-11-13 13:50,0,+13.1,+27.0,+32.4,+3.0,+3.5,+3.0,+5.5,+5.0,+5.0
2022-11-13 14:50,0,+13.1,+26.8,+32.4,+3.5,+4.0,+3.0,+5.5,+5.0,+5.0
2022-11-13 15:50,0,+13.1,+26.8,+32.4,+3.0,+3.5,+3.0,+5.5,+5.0,+5.0
2022-11-13 16:50,0,+13.1,+26.7,+32.4,+3.0,+4.0,+3.0,+5.5,+5.0,+5.0
2022-11-13 17:50,0,+13.1,+26.7,+32.4,+3.0,+3.5,+3.0,+5.0,+5.0,+5.0
2022-11-13 18:50,0,+13.0,+26.7,+32.4,+3.0,+3.5,+3.0,+5.5,+5.0,+5.0
2022-11-13 19:50,0,+13.0,+26.7,+32.4,+3.0,+3.5,+3.0,+5.0,+4.5,+5.0
2022-11-13 20:50,0,+13.0,+26.6,+32.4,+3.0,+3.5,+3.0,+5.0,+5.0,+5.0
2022-11-13 21:50,0,+13.0,+26.6,+32.4,+3.0,+3.5,+3.0,+5.0,+4.5,+5.0
2022-11-13 22:50,0,+13.0,+26.6,+32.4,+2.5,+3.5,+3.0,+5.0,+4.5,+5.0
2022-11-13 23:50,0,+12.9,+26.5,+32.4,+3.0,+3.5,+3.0,+5.0,+4.5,+5.0
2022-11-14 00:50,0,+12.9,+26.5,+32.4,+2.5,+3.5,+3.0,+5.0,+4.5,+5.0
2022-11-14 01:50,0,+13.5,+26.5,+32.4,+2.5,+3.5,+3.0,+5.0,+4.5,+5.0
2022-11-14 02:50,0,+12.9,+26.5,+32.4,+2.5,+3.5,+3.0,+5.0,+4.5,+4.5
2022-11-14 03:50,0,+12.9,+26.4,+32.4,+2.5,+3.5,+3.0,+5.0,+4.5,+4.5
2022-11-14 04:50,0,+12.8,+26.4,+32.4,+2.5,+3.5,+3.0,+5.0,+4.5,+4.5
2022-11-14 05:50,0,+12.8,+26.4,+32.4,+2.5,+3.5,+3.0,+5.0,+4.5,+4.5
2022-11-14 06:50,0,+12.8,+26.4,+32.4,+2.5,+3.5,+3.0,+5.0,+4.5,+4.5
2022-11-14 07:50,0,+12.8,+26.4,+32.4,+2.5,+3.5,+3.0,+5.0,+4.5,+4.5
2022-11-14 08:50,0,+12.8,+26.4,+32.4,+2.5,+3.5,+3.0,+5.0,+4.5,+4.5
2022-11-14 09:50,0,+13.4,+26.3,+32.4,+2.5,+3.5,+3.0,+5.0,+4.5,+4.5
2022-11-14 10:50,0,+12.7,+26.3,+32.4,+2.5,+3.5,+3.0,+5.0,+4.5,+4.5
2022-11-14 11:50,0,+12.7,+26.3,+32.4,+3.0,+3.5,+3.0,+5.0,+4.5,+4.5
2022-11-14 12:50,0,+12.7,+26.3,+32.5,+3.0,+3.5,+3.0,+5.0,+4.5,+4.5
2022-11-14 13:50,0,+12.7,+26.3,+32.5,+3.0,+3.5,+3.0,+5.0,+4.5,+4.5
2022-11-14 14:50,0,+12.7,+26.3,+32.5,+3.0,+3.5,+3.0,+5.0,+4.5,+4.5
2022-11-14 15:50,0,+12.7,+26.3,+32.5,+3.0,+3.5,+2.5,+5.0,+5.0,+4.5
2022-11-14 16:50,0,+12.7,+26.3,+32.5,+3.0,+3.5,+3.0,+5.0,+4.5,+4.5
2022-11-14 17:50,0,+12.6,+26.3,+32.5,+3.0,+3.5,+3.0,+5.0,+4.5,+4.5
2022-11-14 18:50,0,+12.6,+26.2,+32.5,+3.0,+3.5,+3.0,+5.0,+4.5,+4.5
2022-11-14 19:50,0,+13.2,+26.2,+32.5,+3.0,+3.5,+3.0,+5.0,+4.5,+4.5
2022-11-14 20:50,0,+13.1,+26.2,+32.5,+3.0,+3.5,+3.0,+5.0,+4.5,+4.5
2022-11-14 21:50,0,+13.1,+26.2,+32.5,+3.0,+3.5,+3.0,+5.0,+4.5,+4.5
2022-11-14 22:50,0,+13.1,+26.2,+32.5,+3.0,+3.5,+3.0,+5.0,+4.5,+4.5
2022-11-14 23:50,0,+13.0,+26.2,+32.5,+3.0,+3.5,+3.0,+5.0,+4.5,+4.5
2022-11-15 00:50,0,+13.1,+26.2,+32.5,+3.0,+3.5,+3.0,+5.0,+4.5,+4.5
2022-11-15 01:50,0,+13.0,+26.2,+32.5,+3.0,+3.5,+3.0,+5.0,+4.5,+4.5
2022-11-15 02:50,0,+13.1,+26.2,+32.6,+3.0,+3.5,+3.0,+5.0,+4.5,+4.5
2022-11-15 03:50,0,+13.0,+26.1,+32.6,+3.0,+3.5,+3.0,+5.0,+4.5,+4.5
2022-11-15 04:50,0,+13.2,+26.0,+32.6,+3.0,+3.5,+3.0,+5.0,+4.5,+4.5
2022-11-15 05:50,0,+13.4,+26.0,+32.6,+3.0,+3.5,+3.0,+5.0,+4.5,+4.5
2022-11-15 06:50,0,+12.5,+26.0,+32.6,+3.0,+3.5,+3.0,+5.0,+4.5,+4.5
2022-11-15 07:50,0,+12.5,+26.0,+32.6,+3.0,+3.5,+3.0,+5.0,+4.5,+4.5
2022-11-15 08:50,0,+12.5,+26.0,+32.6,+3.0,+3.5,+3.0,+5.0,+5.0,+4.5
2022-11-15 09:50,0,+12.5,+26.0,+32.6,+3.0,+3.5,+3.0,+5.0,+5.0,+4.5
2022-11-15 10:50,0,+12.5,+25.7,+32.6,+3.0,+3.5,+3.0,+5.0,+4.5,+4.5
2022-11-15 11:50,0,+12.5,+25.7,+32.6,+3.0,+3.5,+3.0,+5.0,+4.5,+4.5
2022-11-15 12:50,0,+12.5,+25.7,+32.6,+3.0,+3.5,+3.0,+5.0,+4.5,+4.5
2022-11-15 13:50,0,+12.5,+25.7,+32.7,+3.0,+3.5,+3.0,+5.0,+4.5,+4.5
2022-11-15 14:50,0,+12.5,+25.7,+32.7,+3.0,+3.5,+3.0,+5.0,+4.5,+4.5
2022-11-15 15:50,0,+12.5,+25.7,+32.7,+3.0,+3.5,+3.0,+5.0,+4.5,+4.5
2022-11-15 16:50,0,+12.5,+25.7,+32.7,+3.0,+3.5,+3.0,+5.0,+4.5,+4.5
2022-11-15 17:50,0,+12.5,+25.7,+32.7,+3.0,+3.5,+3.0,+5.0,+4.5,+4.5
2022-11-15 18:50,0,+12.5,+25.7,+32.7,+3.0,+3.5,+3.0,+5.0,+4.5,+4.5
2022-11-15 19:50,0,+12.5,+25.7,+32.7,+3.0,+3.5,+3.0,+5.0,+4.5,+4.5
2022-11-15 20:50,0,+12.5,+25.7,+32.7,+3.0,+3.5,+3.0,+5.0,+4.5,+4.5
2022-11-15 21:50,0,+13.0,+25.7,+32.7,+3.0,+3.5,+3.0,+5.0,+4.5,+4.5
2022-11-15 22:50,0,+12.9,+25.7,+32.7,+3.0,+4.0,+3.0,+5.0,+5.0,+4.5
2022-11-15 23:50,0,+13.8,+25.7,+32.7,+3.0,+3.5,+3.0,+5.0,+4.5,+4.5
2022-11-16 00:50,0,+13.4,+25.7,+32.7,+3.0,+3.5,+3.0,+5.0,+4.5,+4.5
2022-11-16 01:50,0,+13.0,+25.7,+32.7,+3.0,+3.5,+3.0,+5.0,+4.5,+4.5
2022-11-16 02:50,0,+13.0,+25.7,+32.7,+3.0,+3.5,+3.0,+5.0,+4.5,+4.5
2022-11-16 03:50,0,+13.0,+25.7,+32.7,+3.0,+3.5,+3.0,+5.0,+4.5,+4.5
2022-11-16 04:50,0,+12.5,+25.7,+32.7,+3.0,+3.5,+3.0,+5.0,+4.5,+4.5
2022-11-16 05:50,0,+12.5,+25.7,+32.7,+3.0,+3.5,+3.0,+5.0,+4.5,+4.5
2022-11-16 06:50,0,+12.5,+25.6,+32.7,+3.0,+3.5,+3.0,+5.0,+4.5,+4.5
2022-11-16 07:50,0,+12.5,+25.6,+32.7,+3.0,+3.5,+3.0,+5.0,+4.5,+4.5
2022-11-16 08:50,0,+12.9,+25.6,+32.7,+3.0,+3.5,+3.0,+5.0,+4.5,+4.5
2022-11-16 09:50,0,+12.5,+25.6,+32.7,+3.0,+3.5,+3.0,+5.0,+4.5,+4.5
2022-11-16 10:50,0,+12.5,+25.6,+32.7,+3.0,+3.5,+3.0,+5.0,+4.5,+4.5
2022-11-16 11:50,0,+12.5,+25.6,+32.8,+3.0,+3.5,+3.0,+5.0,+4.5,+4.5
2022-11-16 12:50,0,+12.5,+25.6,+32.8,+3.0,+3.5,+3.0,+5.0,+4.5,+4.5
2022-11-16 13:50,0,+12.9,+25.6,+32.8,+3.0,+3.5,+3.0,+5.0,+4.5,+4.5
2022-11-16 14:50,0,+12.5,+25.6,+32.8,+3.0,+3.5,+3.0,+5.0,+4.5,+4.5
2022-11-16 15:50,0,+12.5,+25.6,+32.8,+3.0,+3.5,+3.0,+5.0,+4.5,+4.5
2022-11-16 16:50,0,+12.5,+25.6,+32.8,+3.0,+3.5,+3.0,+5.0,+4.5,+4.5
2022-11-16 17:50,0,+12.5,+25.6,+32.8,+3.0,+3.5,+3.0,+5.0,+4.5,+4.5
2022-11-16 18:50,0,+12.5,+25.6,+32.8,+3.0,+3.5,+3.0,+5.0,+4.5,+4.5
2022-11-16 19:50,0,+12.5,+25.6,+32.8,+3.0,+4.0,+3.0,+5.0,+4.5,+4.5
2022-11-16 20:50,0,+12.5,+25.6,+32.8,+3.0,+3.5,+3.0,+5.0,+4.5,+4.5
2022-11-16 21:50,0,+12.5,+25.6,+32.8,+3.0,+3.5,+3.0,+5.0,+4.5,+4.5
2022-11-16 22:50,0,+12.8,+25.6,+32.8,+3.0,+3.5,+3.0,+5.0,+4.5,+4.5
2022-11-16 23:50,0,+12.7,+25.6,+32.8,+3.0,+3.5,+3.0,+5.0,+4.5,+4.5
2022-11-17 00:50,0,+12.8,+25.6,+32.8,+3.0,+3.5,+3.0,+5.0,+4.5,+4.5
2022-11-17 01:50,0,+12.8,+25.6,+32.8,+3.0,+3.5,+3.0,+5.0,+4.0,+4.5
2022-11-17 02:50,0,+12.8,+25.6,+32.8,+3.0,+3.5,+3.0,+5.0,+4.0,+4.5
2022-11-17 03:50,0,+12.8,+25.5,+32.8,+3.0,+3.5,+3.0,+5.0,+4.5,+4.5
2022-11-17 04:50,0,+12.8,+25.5,+32.8,+3.0,+3.5,+3.0,+5.0,+4.5,+4.5
2022-11-17 05:50,0,+12.8,+25.5,+32.8,+3.0,+3.5,+3.0,+5.0,+4.0,+4.5
2022-11-17 06:50,0,+12.8,+25.5,+32.8,+3.0,+3.5,+3.0,+5.0,+4.5,+4.5
2022-11-17 07:50,0,+12.8,+25.4,+32.8,+3.0,+3.5,+3.0,+5.0,+4.0,+4.5
2022-11-17 08:50,0,+12.8,+25.4,+32.8,+3.5,+3.5,+3.0,+5.0,+4.5,+4.5
2022-11-17 09:50,0,+13.0,+25.4,+32.8,+3.0,+3.5,+3.0,+5.0,+4.0,+4.5
2022-11-17 10:50,0,+13.0,+25.4,+32.8,+3.0,+3.5,+3.0,+5.0,+4.0,+4.5
2022-11-17 11:50,0,+12.8,+25.4,+32.8,+3.0,+3.5,+3.0,+5.0,+4.0,+4.5
2022-11-17 12:50,0,+12.3,+25.4,+32.8,+3.0,+3.5,+3.0,+5.0,+4.5,+4.5
2022-11-17 13:50,0,+12.3,+25.4,+32.8,+3.0,+3.5,+3.0,+5.0,+4.0,+4.5
2022-11-17 14:50,0,+12.3,+25.4,+32.8,+3.0,+3.5,+2.5,+5.0,+4.0,+4.5
2022-11-17 15:50,0,+12.3,+25.4,+32.8,+3.0,+3.5,+3.0,+5.0,+4.0,+4.0
2022-11-17 16:50,0,+12.3,+25.4,+32.8,+3.0,+3.5,+3.0,+5.0,+4.0,+4.0
2022-11-17 17:50,0,+12.3,+25.4,+32.8,+3.0,+3.5,+3.0,+5.0,+4.0,+4.5
2022-11-17 18:50,0,+12.5,+25.4,+32.8,+3.0,+3.5,+3.0,+5.0,+4.0,+4.5
2022-11-17 19:50,0,+12.8,+25.4,+32.8,+3.0,+3.5,+3.0,+5.0,+4.0,+4.5
2022-11-17 20:50,0,+12.3,+25.4,+32.8,+3.0,+3.5,+3.0,+5.0,+4.0,+4.5
2022-11-17 21:50,0,+12.3,+25.4,+32.8,+3.0,+3.5,+3.0,+5.0,+4.0,+4.5
2022-11-17 22:50,0,+12.3,+25.4,+32.8,+3.0,+3.5,+3.0,+5.0,+4.0,+4.5
2022-11-17 23:50,0,+12.3,+25.4,+32.8,+3.0,+3.5,+3.0,+5.0,+4.0,+4.5
2022-11-18 00:50,0,+12.3,+25.4,+32.8,+3.0,+3.5,+3.0,+5.0,+4.0,+4.0
2022-11-18 01:50,0,+12.3,+25.4,+32.8,+3.0,+3.5,+3.0,+5.0,+4.0,+4.0
2022-11-18 02:50,0,+12.3,+25.4,+32.8,+3.0,+3.5,+3.0,+5.0,+4.0,+4.0
2022-11-18 03:50,0,+12.3,+25.4,+32.8,+3.0,+3.5,+2.5,+5.0,+4.0,+4.0
2022-11-18 04:50,0,+12.3,+25.4,+32.8,+3.0,+3.5,+2.5,+5.0,+4.0,+4.0
2022-11-18 05:50,0,+12.8,+25.4,+32.8,+3.0,+3.5,+3.0,+5.0,+4.0,+4.5
2022-11-18 06:50,0,+12.7,+25.4,+32.8,+3.0,+3.5,+2.5,+5.0,+4.5,+4.0
2022-11-18 07:50,0,+12.7,+25.4,+32.8,+3.0,+3.5,+2.5,+5.0,+4.0,+4.0
2022-11-18 08:50,0,+12.7,+25.4,+32.8,+3.0,+3.5,+3.0,+5.0,+4.0,+4.0
2022-11-18 09:50,0,+12.6,+25.4,+32.8,+3.0,+3.5,+2.5,+5.0,+4.0,+4.0
2022-11-18 10:50,0,+12.7,+25.4,+32.8,+3.0,+3.5,+2.5,+5.0,+4.0,+4.0
2022-11-18 11:50,0,+12.6,+25.3,+32.8,+3.0,+3.5,+2.5,+5.0,+4.0,+4.0
2022-11-18 12:50,0,+12.7,+25.3,+32.8,+3.0,+3.5,+2.5,+5.0,+4.0,+4.0
2022-11-18 13:50,0,+12.7,+25.3,+32.8,+3.0,+3.5,+3.0,+5.0,+4.0,+4.0
2022-11-18 14:50,0,+12.7,+25.3,+32.8,+3.0,+3.5,+2.5,+5.0,+4.0,+4.0
2022-11-18 15:50,0,+12.6,+25.3,+32.8,+3.0,+3.5,+2.5,+5.0,+4.0,+4.0
2022-11-18 16:50,0,+12.6,+25.3,+32.8,+3.0,+3.5,+2.5,+5.0,+4.0,+4.0
2022-11-18 17:50,0,+12.7,+25.3,+32.8,+3.0,+3.5,+2.5,+5.0,+4.0,+4.0
2022-11-18 18:50,0,+12.6,+25.3,+32.8,+3.0,+3.5,+2.5,+5.0,+4.0,+4.0
2022-11-18 19:50,0,+12.6,+25.3,+32.8,+3.0,+3.5,+2.5,+5.0,+4.0,+4.0
2022-11-18 20:50,0,+12.2,+25.3,+32.8,+3.0,+3.5,+2.5,+4.5,+4.0,+4.0
2022-11-18 21:50,0,+12.2,+25.3,+32.8,+3.0,+3.5,+2.5,+5.0,+4.0,+4.0
2022-11-18 22:50,0,+12.2,+25.3,+32.8,+3.0,+3.5,+2.5,+5.0,+4.0,+4.0
2022-11-18 23:50,0,+12.2,+25.3,+32.8,+3.0,+3.5,+2.5,+5.0,+4.0,+4.0
2022-11-19 00:50,0,+12.2,+25.3,+32.8,+3.0,+3.5,+2.5,+5.0,+4.0,+4.0
2022-11-19 01:50,0,+12.2,+25.3,+32.8,+3.0,+3.5,+2.5,+5.0,+4.0,+4.0
2022-11-19 02:50,0,+12.2,+25.3,+32.8,+3.0,+3.5,+2.5,+4.5,+4.0,+4.0
2022-11-19 03:50,0,+12.2,+25.3,+32.8,+3.0,+3.5,+2.5,+5.0,+4.0,+4.0
2022-11-19 04:50,0,+12.2,+25.3,+32.8,+3.0,+3.5,+2.5,+5.0,+4.0,+4.0
2022-11-19 05:50,0,+12.6,+25.3,+32.8,+3.0,+3.5,+2.5,+5.0,+4.0,+4.0
2022-11-19 06:50,0,+12.6,+25.3,+32.8,+3.0,+3.5,+2.5,+4.5,+4.0,+4.0
2022-11-19 07:50,0,+12.6,+25.3,+32.8,+2.5,+3.5,+2.5,+4.5,+4.0,+4.0
2022-11-19 08:50,0,+12.7,+25.1,+32.8,+3.0,+3.5,+2.5,+4.5,+4.5,+4.0
2022-11-19 09:50,0,+12.6,+25.0,+32.8,+3.0,+3.5,+2.5,+4.5,+4.0,+4.0
2022-11-19 10:50,0,+12.6,+25.0,+32.9,+2.5,+3.5,+2.5,+4.5,+4.0,+4.0
2022-11-19 11:50,0,+12.7,+25.0,+32.9,+2.5,+3.5,+2.5,+4.5,+4.0,+4.0
2022-11-19 12:50,0,+12.6,+25.0,+32.9,+2.5,+3.5,+2.5,+4.5,+4.0,+4.0
2022-11-19 13:50,0,+12.7,+25.0,+32.9,+2.5,+3.5,+2.5,+4.5,+4.0,+4.0
2022-11-19 14:50,0,+12.8,+25.0,+32.9,+2.5,+3.5,+2.5,+4.5,+4.0,+4.0
2022-11-19 15:50,0,+12.7,+25.0,+32.9,+2.5,+3.5,+2.5,+4.5,+4.0,+4.0
2022-11-19 16:50,0,+12.2,+25.0,+32.9,+3.0,+3.5,+2.5,+4.5,+4.0,+4.0
2022-11-19 17:50,0,+12.2,+25.0,+32.9,+2.5,+3.5,+2.5,+4.5,+4.0,+4.0
2022-11-19 18:50,0,+12.2,+25.0,+32.9,+2.5,+3.5,+2.5,+4.5,+4.5,+4.0
2022-11-19 19:50,0,+12.2,+25.0,+32.9,+2.5,+3.5,+2.5,+4.5,+4.5,+4.0
2022-11-19 20:50,0,+12.2,+25.0,+32.9,+2.5,+3.5,+2.5,+4.5,+4.0,+4.0
2022-11-19 21:50,0,+12.2,+25.0,+32.9,+2.5,+3.5,+2.5,+4.5,+4.0,+4.0
2022-11-19 22:50,0,+12.2,+25.0,+32.9,+2.5,+3.5,+2.5,+4.5,+4.0,+4.0
2022-11-19 23:50,0,+12.2,+25.0,+32.9,+2.5,+3.5,+2.5,+4.5,+4.0,+4.0
2022-11-20 00:50,0,+12.2,+25.0,+32.9,+2.5,+3.5,+2.5,+4.5,+4.0,+4.0
2022-11-20 01:50,0,+12.1,+25.0,+32.9,+2.5,+3.5,+2.5,+4.5,+4.0,+4.0
2022-11-20 02:50,0,+12.1,+25.0,+32.9,+2.5,+3.5,+2.5,+4.5,+4.0,+4.0
2022-11-20 03:50,0,+12.2,+25.0,+32.9,+2.5,+3.5,+2.5,+4.5,+4.0,+4.0
2022-11-20 04:50,0,+12.2,+25.0,+32.9,+2.5,+3.5,+2.5,+4.5,+4.0,+4.0
2022-11-20 05:50,0,+12.2,+25.0,+32.9,+2.5,+3.5,+2.5,+4.5,+4.0,+4.0
2022-11-20 06:50,0,+12.1,+25.0,+32.9,+2.5,+3.5,+2.5,+4.5,+4.0,+4.0
2022-11-20 07:50,0,+12.1,+25.0,+32.9,+2.5,+3.5,+2.5,+4.5,+4.0,+4.0
2022-11-20 08:50,0,+12.1,+25.0,+32.9,+2.5,+3.5,+2.5,+4.5,+4.0,+4.0
2022-11-20 09:50,0,+12.1,+24.9,+32.9,+2.5,+3.5,+2.5,+4.5,+4.0,+4.0
2022-11-20 10:50,0,+12.1,+24.9,+32.9,+2.5,+3.5,+2.5,+4.5,+4.5,+4.0
2022-11-20 11:50,0,+12.1,+24.9,+32.9,+2.5,+3.0,+2.5,+4.5,+4.5,+4.0
2022-11-20 12:50,0,+12.1,+24.9,+32.9,+2.5,+3.0,+2.5,+4.5,+4.0,+4.0
2022-11-20 13:50,0,+12.1,+24.9,+32.9,+2.5,+3.0,+2.5,+4.5,+4.0,+4.0
2022-11-20 14:50,0,+12.1,+24.9,+32.9,+2.5,+3.5,+2.5,+4.5,+4.0,+4.0
2022-11-20 15:50,0,+12.1,+24.9,+32.9,+2.5,+3.0,+2.5,+4.5,+4.0,+4.0
2022-11-20 16:50,0,+12.1,+24.9,+32.9,+2.5,+3.0,+2.5,+4.5,+4.0,+4.0
2022-11-20 17:50,0,+12.1,+24.9,+32.9,+2.5,+3.5,+2.5,+4.5,+4.0,+4.0
2022-11-20 18:50,0,+12.1,+24.9,+32.9,+2.5,+3.0,+2.5,+4.5,+4.0,+4.0
2022-11-20 19:50,0,+12.1,+24.9,+32.9,+2.5,+3.0,+2.5,+4.5,+4.0,+4.0
2022-11-20 20:50,0,+12.1,+24.8,+32.9,+2.5,+3.0,+2.5,+4.5,+4.5,+4.0
2022-11-20 21:50,0,+12.1,+24.8,+32.9,+2.5,+3.5,+2.5,+4.5,+4.0,+4.0
2022-11-20 22:50,0,+12.1,+24.8,+32.9,+2.5,+3.0,+2.5,+4.5,+4.0,+4.0
2022-11-20 23:50,0,+12.5,+24.8,+32.9,+2.5,+3.0,+2.5,+4.5,+4.5,+4.0
2022-11-21 00:50,0,+12.5,+24.8,+32.9,+2.5,+3.0,+2.5,+4.5,+4.0,+4.0
2022-11-21 01:50,0,+12.6,+24.8,+32.9,+2.5,+3.5,+2.5,+4.5,+4.0,+4.0
2022-11-21 02:50,0,+12.6,+24.8,+32.9,+2.5,+3.0,+2.5,+4.5,+4.0,+4.0
2022-11-21 03:50,0,+12.5,+24.8,+32.9,+2.5,+3.0,+2.5,+4.5,+4.0,+4.0
2022-11-21 04:50,0,+12.5,+24.8,+32.9,+2.5,+3.0,+2.5,+4.5,+4.0,+4.0
2022-11-21 05:50,0,+12.5,+24.8,+32.9,+2.5,+3.0,+2.5,+4.5,+4.0,+4.0
2022-11-21 06:50,0,+12.6,+24.8,+32.9,+2.5,+3.0,+2.5,+4.5,+4.0,+4.0
2022-11-21 07:50,0,+12.5,+24.8,+32.9,+2.5,+3.0,+2.5,+4.5,+4.0,+4.0
2022-11-21 08:50,0,+12.5,+24.8,+32.9,+2.5,+3.0,+2.5,+4.5,+4.0,+4.0
2022-11-21 09:50,0,+12.5,+24.8,+32.9,+2.5,+3.0,+2.5,+4.5,+4.5,+4.0
2022-11-21 10:50,0,+12.3,+24.7,+33.0,+2.5,+3.0,+2.5,+4.5,+4.0,+4.0
2022-11-21 11:50,0,+12.5,+24.7,+33.0,+2.5,+3.0,+2.5,+4.5,+4.0,+4.0
2022-11-21 12:50,0,+12.1,+24.7,+33.0,+2.5,+3.0,+2.5,+4.5,+4.0,+4.0
2022-11-21 13:50,0,+12.1,+24.6,+33.0,+2.5,+3.0,+2.5,+4.5,+4.0,+4.0
2022-11-21 14:50,0,+12.1,+24.6,+33.0,+2.5,+3.0,+2.5,+4.5,+4.0,+4.0
2022-11-21 15:50,0,+12.1,+24.6,+33.0,+2.5,+3.0,+2.5,+4.5,+3.5,+4.0
2022-11-21 16:50,0,+12.5,+24.6,+33.0,+2.5,+3.0,+2.5,+4.5,+3.5,+4.0
2022-11-21 17:50,0,+12.5,+24.6,+33.0,+2.5,+3.0,+2.5,+4.5,+3.5,+4.0
2022-11-21 18:50,0,+12.5,+24.5,+33.0,+2.5,+3.0,+2.5,+4.5,+4.0,+4.0
2022-11-21 19:50,0,+12.5,+24.5,+33.0,+2.5,+3.0,+2.5,+4.5,+3.5,+4.0
2022-11-21 20:50,0,+12.5,+24.5,+33.0,+2.5,+3.0,+2.5,+4.5,+3.5,+4.0
2022-11-21 21:50,0,+12.5,+24.5,+33.0,+2.5,+3.0,+2.5,+4.5,+3.5,+4.0
2022-11-21 22:50,0,+12.5,+24.5,+33.0,+2.5,+3.0,+2.5,+4.5,+3.5,+4.0
2022-11-21 23:50,0,+12.6,+24.5,+33.0,+2.5,+3.0,+2.5,+4.5,+4.0,+4.0
2022-11-22 00:50,0,+12.6,+24.5,+33.0,+2.5,+3.0,+2.5,+4.5,+4.0,+4.0
2022-11-22 01:50,0,+12.5,+24.5,+33.0,+2.5,+3.0,+2.5,+4.5,+4.0,+4.0
2022-11-22 02:50,0,+12.5,+24.5,+33.0,+2.5,+3.0,+2.5,+4.5,+3.5,+4.0
2022-11-22 03:50,0,+12.5,+24.5,+33.0,+2.5,+3.0,+2.5,+4.5,+3.5,+4.0
2022-11-22 04:50,0,+12.5,+24.5,+33.0,+2.5,+3.0,+2.5,+4.5,+4.0,+4.0
2022-11-22 05:50,0,+12.4,+24.5,+33.0,+2.5,+3.0,+2.5,+4.5,+3.5,+4.0
2022-11-22 06:50,0,+12.5,+24.5,+33.0,+2.5,+3.0,+2.5,+4.5,+3.5,+4.0
2022-11-22 07:50,0,+12.5,+24.5,+33.0,+2.5,+3.0,+2.5,+4.5,+3.5,+4.0
2022-11-22 08:50,0,+12.5,+24.5,+33.0,+2.5,+3.0,+2.5,+4.5,+4.0,+4.0
2022-11-22 09:50,0,+12.5,+24.5,+33.0,+2.5,+3.0,+2.5,+4.5,+4.0,+4.0
2022-11-22 10:50,0,+12.5,+24.5,+33.0,+2.5,+3.0,+2.5,+4.5,+4.0,+3.5
2022-11-22 11:50,0,+12.5,+24.5,+33.0,+2.5,+3.0,+2.5,+4.5,+4.0,+4.0
2022-11-22 12:50,0,+12.5,+24.5,+33.1,+2.5,+3.0,+2.5,+4.5,+3.5,+4.0
2022-11-22 13:50,0,+12.5,+24.5,+33.1,+2.5,+3.0,+2.5,+4.5,+3.5,+3.5
2022-11-22 14:50,0,+12.5,+24.5,+33.1,+2.5,+3.0,+2.5,+4.5,+3.5,+4.0
2022-11-22 15:50,0,+12.5,+24.5,+33.1,+2.5,+3.0,+2.5,+4.5,+4.0,+3.5
2022-11-22 16:50,0,+12.4,+24.5,+33.1,+2.5,+3.0,+2.5,+4.5,+3.5,+4.0
2022-11-22 17:50,0,+12.4,+24.5,+33.1,+2.5,+3.0,+2.5,+4.5,+3.5,+4.0
2022-11-22 18:50,0,+12.5,+24.5,+33.1,+2.5,+3.0,+2.5,+4.5,+3.5,+4.0
2022-11-22 19:50,0,+12.5,+24.5,+33.1,+2.5,+3.0,+2.5,+4.5,+3.5,+4.0
2022-11-22 20:50,0,+12.4,+24.5,+33.1,+2.5,+3.0,+2.5,+4.5,+3.5,+3.5
2022-11-22 21:50,0,+12.5,+24.5,+33.1,+2.5,+3.0,+2.5,+4.5,+4.0,+4.0
2022-11-22 22:50,0,+12.4,+24.5,+33.1,+2.5,+3.0,+2.5,+4.5,+4.0,+4.0
2022-11-22 23:50,0,+12.6,+24.5,+33.1,+2.5,+3.0,+2.5,+4.5,+4.0,+3.5
2022-11-23 00:50,0,+12.7,+24.5,+33.1,+2.5,+3.0,+2.5,+4.5,+3.5,+3.5
2022-11-23 01:50,0,+12.7,+24.5,+33.1,+2.5,+3.0,+2.5,+4.5,+3.5,+4.0
2022-11-23 02:50,0,+12.5,+24.4,+33.1,+2.5,+3.0,+2.5,+4.5,+3.5,+3.5
2022-11-23 03:50,0,+12.0,+24.4,+33.1,+2.5,+3.0,+2.5,+4.5,+3.5,+3.5
2022-11-23 04:50,0,+12.0,+24.4,+33.1,+2.5,+3.0,+2.5,+4.5,+4.0,+3.5
2022-11-23 05:50,0,+12.0,+24.4,+33.1,+2.5,+3.0,+2.5,+4.5,+3.5,+3.5
2022-11-23 06:50,0,+12.0,+24.4,+33.1,+2.5,+3.0,+2.5,+4.5,+4.0,+3.5
2022-11-23 07:50,0,+12.0,+24.4,+33.1,+2.5,+3.0,+2.5,+4.5,+4.0,+3.5
2022-11-23 08:50,0,+12.0,+24.4,+33.1,+2.5,+3.0,+2.5,+4.5,+3.5,+3.5
2022-11-23 09:50,0,+12.0,+24.4,+33.1,+2.5,+3.0,+2.5,+4.5,+3.5,+3.5
2022-11-23 10:50,0,+12.0,+24.4,+33.1,+2.5,+3.0,+2.5,+4.5,+3.5,+3.5
2022-11-23 11:50,0,+12.0,+24.4,+33.1,+2.5,+3.0,+2.5,+4.5,+3.5,+3.5
2022-11-23 12:50,0,+12.0,+24.4,+33.1,+2.5,+3.0,+2.5,+4.5,+3.5,+3.5
2022-11-23 13:50,0,+12.0,+24.4,+33.1,+2.5,+3.0,+2.5,+4.5,+3.5,+3.5
2022-11-23 14:50,0,+12.0,+24.4,+33.1,+2.5,+3.0,+2.5,+4.5,+3.5,+3.5
2022-11-23 15:50,0,+12.0,+24.4,+33.1,+2.5,+3.0,+2.5,+4.5,+3.5,+3.5
2022-11-23 16:50,0,+12.0,+24.4,+33.1,+2.5,+3.0,+2.5,+4.5,+3.5,+3.5
2022-11-23 17:50,0,+12.0,+24.4,+33.1,+2.5,+3.0,+2.5,+4.5,+3.5,+3.5
2022-11-23 18:50,0,+12.0,+24.4,+33.1,+2.5,+3.0,+2.5,+4.5,+4.0,+3.5
2022-11-23 19:50,0,+12.0,+24.4,+33.1,+2.5,+3.0,+2.5,+4.5,+4.0,+3.5
2022-11-23 20:50,0,+12.0,+24.4,+33.1,+2.5,+3.0,+2.5,+4.5,+4.0,+3.5
2022-11-23 21:50,0,+12.0,+24.4,+33.1,+2.5,+3.0,+2.5,+4.5,+3.5,+3.5
2022-11-23 22:50,0,+12.0,+24.4,+33.1,+2.5,+3.0,+2.5,+4.5,+3.5,+3.5
2022-11-23 23:50,0,+12.0,+24.4,+33.1,+2.5,+3.0,+2.5,+4.5,+3.5,+3.5
2022-11-24 00:50,0,+12.0,+24.4,+33.1,+2.5,+3.0,+2.5,+4.5,+3.5,+3.5
2022-11-24 01:50,0,+12.0,+24.4,+33.1,+2.5,+3.0,+2.5,+4.5,+3.5,+3.5
2022-11-24 02:50,0,+12.0,+24.4,+33.1,+2.5,+3.0,+2.5,+4.5,+3.5,+3.5
2022-11-24 03:50,0,+12.0,+24.4,+33.1,+2.5,+3.0,+2.5,+4.5,+3.5,+3.5
2022-11-24 04:50,0,+12.0,+24.4,+33.1,+2.5,+3.0,+2.5,+4.5,+3.5,+3.5
2022-11-24 05:50,0,+12.0,+24.4,+33.1,+2.5,+3.0,+2.5,+4.5,+3.5,+3.5
2022-11-24 06:50,0,+12.0,+24.4,+33.1,+2.5,+3.0,+2.5,+4.5,+3.5,+3.5
2022-11-24 07:50,0,+12.0,+24.4,+33.1,+2.5,+3.0,+2.5,+4.5,+4.0,+3.5
2022-11-24 08:50,0,+12.0,+24.4,+33.1,+2.5,+3.0,+2.5,+4.5,+3.5,+3.5
2022-11-24 09:50,0,+12.0,+24.3,+33.1,+2.5,+3.0,+2.0,+4.5,+4.0,+3.5
2022-11-24 10:50,0,+12.0,+24.3,+33.2,+2.5,+3.0,+2.0,+4.5,+3.5,+3.5
2022-11-24 11:50,0,+12.0,+24.4,+33.2,+2.5,+3.0,+2.5,+4.5,+3.5,+3.5
2022-11-24 12:50,0,+12.0,+24.4,+33.2,+2.5,+3.0,+2.0,+4.5,+3.5,+3.5
2022-11-24 13:50,0,+12.5,+24.4,+33.2,+2.5,+3.0,+2.5,+4.5,+4.0,+3.5
2022-11-24 14:50,0,+12.3,+24.4,+33.2,+2.5,+3.0,+2.5,+4.0,+3.5,+3.5
2022-11-24 15:50,0,+12.5,+24.4,+33.2,+2.5,+3.0,+2.0,+4.0,+3.5,+3.5
2022-11-24 16:50,0,+12.4,+24.4,+33.2,+2.5,+3.0,+2.5,+4.5,+4.0,+3.5
2022-11-24 17:50,0,+12.5,+24.3,+33.2,+2.5,+3.0,+2.5,+4.5,+3.5,+3.5
2022-11-24 18:50,0,+12.5,+24.3,+33.2,+2.5,+3.0,+2.5,+4.5,+3.5,+3.5
2022-11-24 19:50,0,+12.5,+24.3,+33.2,+2.5,+3.0,+2.0,+4.5,+3.5,+3.5
2022-11-24 20:50,0,+12.5,+24.3,+33.2,+2.5,+3.0,+2.5,+4.5,+3.5,+3.5
2022-11-24 21:50,0,+12.5,+24.3,+33.2,+2.5,+3.0,+2.0,+4.5,+3.5,+3.5
2022-11-24 22:50,0,+12.0,+24.3,+33.2,+2.5,+3.0,+2.0,+4.0,+3.5,+3.5
2022-11-24 23:50,0,+12.3,+24.3,+33.2,+2.5,+3.0,+2.0,+4.5,+3.5,+3.5
2022-11-25 00:50,0,+12.5,+24.3,+33.2,+2.5,+3.0,+2.0,+4.0,+3.5,+3.5
2022-11-25 01:50,0,+12.5,+24.3,+33.2,+2.5,+3.0,+2.5,+4.5,+3.5,+3.5
2022-11-25 02:50,0,+12.3,+24.3,+33.2,+2.5,+3.0,+2.0,+4.0,+3.5,+3.5
2022-11-25 03:50,0,+12.7,+24.3,+33.2,+2.5,+3.0,+2.0,+4.0,+3.5,+3.5
2022-11-25 04:50,0,+12.7,+24.3,+33.2,+2.5,+3.0,+2.0,+4.0,+3.5,+3.5
2022-11-25 05:50,0,+12.6,+24.3,+33.2,+2.5,+3.0,+2.0,+4.0,+4.0,+3.5
2022-11-25 06:50,0,+12.5,+24.3,+33.2,+2.5,+3.0,+2.0,+4.0,+3.5,+3.5
2022-11-25 07:50,0,+12.5,+24.3,+33.2,+2.5,+3.0,+2.0,+4.0,+3.5,+3.5
2022-11-25 08:50,0,+12.6,+24.2,+33.2,+2.5,+3.0,+2.5,+4.5,+3.5,+3.5
2022-11-25 09:50,0,+12.5,+24.2,+33.2,+2.5,+3.0,+2.0,+4.0,+3.5,+3.5
2022-11-25 10:50,0,+12.5,+24.2,+33.2,+2.5,+3.0,+2.5,+4.5,+3.5,+3.5
2022-11-25 11:50,0,+12.5,+24.2,+33.2,+2.5,+3.0,+2.0,+4.0,+4.0,+3.5
2022-11-25 12:50,0,+12.5,+24.2,+33.2,+2.5,+3.0,+2.0,+4.0,+3.5,+3.5
2022-11-25 13:50,0,+12.5,+24.2,+33.2,+2.5,+3.0,+2.0,+4.0,+3.5,+3.5
2022-11-25 14:50,0,+12.5,+24.2,+33.2,+2.5,+3.0,+2.0,+4.0,+3.5,+3.5
2022-11-25 15:50,0,+12.5,+24.2,+33.2,+2.5,+3.0,+2.0,+4.0,+3.5,+3.5
2022-11-25 16:50,0,+12.5,+24.2,+33.2,+2.5,+3.0,+2.0,+4.0,+3.5,+3.5
2022-11-25 17:50,0,+12.5,+24.2,+33.2,+2.5,+3.0,+2.0,+4.0,+4.0,+3.5
2022-11-25 18:50,0,+12.5,+24.2,+33.2,+2.5,+3.0,+2.0,+4.0,+4.0,+3.5
2022-11-25 19:50,0,+12.5,+24.2,+33.2,+2.5,+3.0,+2.0,+4.0,+3.5,+3.5
2022-11-25 20:50,0,+12.5,+24.2,+33.2,+2.5,+3.0,+2.0,+4.0,+4.0,+3.5
2022-11-25 21:50,0,+12.5,+24.2,+33.2,+2.5,+3.0,+2.0,+4.0,+3.5,+3.5
2022-11-25 22:50,0,+12.5,+24.2,+33.2,+2.5,+3.0,+2.0,+4.0,+3.5,+3.5
2022-11-25 23:50,0,+12.4,+24.2,+33.2,+2.5,+3.0,+2.5,+4.0,+4.0,+3.5
2022-11-26 00:50,0,+12.3,+24.2,+33.2,+2.5,+3.0,+2.0,+4.0,+3.5,+3.5
2022-11-26 01:50,0,+12.5,+24.2,+33.2,+2.5,+3.0,+2.0,+4.0,+3.5,+3.5
2022-11-26 02:50,0,+12.5,+24.2,+33.2,+2.5,+3.0,+2.0,+4.0,+3.5,+3.5
2022-11-26 03:50,0,+12.5,+24.2,+33.2,+2.5,+3.0,+2.0,+4.0,+3.5,+3.5
2022-11-26 04:50,0,+12.7,+24.2,+33.2,+2.5,+3.0,+2.0,+4.0,+3.5,+3.5
2022-11-26 05:50,0,+12.6,+24.2,+33.2,+2.5,+3.0,+2.0,+4.0,+3.5,+3.5
2022-11-26 06:50,0,+12.5,+24.2,+33.2,+2.5,+3.0,+2.0,+4.0,+4.0,+3.5
2022-11-26 07:50,0,+12.5,+24.2,+33.2,+2.5,+3.0,+2.0,+4.0,+4.0,+3.5
2022-11-26 08:50,0,+12.5,+24.2,+33.2,+2.5,+3.0,+2.0,+4.0,+3.5,+3.5
2022-11-26 09:50,0,+12.5,+24.2,+33.2,+2.5,+3.0,+2.0,+4.0,+3.5,+3.5
2022-11-26 10:50,0,+12.5,+24.2,+33.2,+2.5,+3.0,+2.0,+4.0,+3.5,+3.5
2022-11-26 11:50,0,+12.6,+24.2,+33.2,+2.5,+3.0,+2.0,+4.0,+3.5,+3.5
2022-11-26 12:50,0,+12.6,+24.2,+33.2,+2.5,+3.0,+2.0,+4.0,+3.5,+3.5
2022-11-26 13:50,0,+12.8,+24.2,+33.2,+2.5,+3.0,+2.0,+4.0,+3.5,+3.5
2022-11-26 14:50,0,+12.8,+24.2,+33.3,+2.5,+3.0,+2.0,+4.0,+3.5,+3.5
2022-11-26 15:50,0,+12.9,+24.2,+33.3,+2.5,+3.0,+2.0,+4.0,+3.5,+3.5
2022-11-26 16:50,0,+12.8,+24.2,+33.3,+2.5,+3.0,+2.0,+4.0,+3.5,+3.5
2022-11-26 17:50,0,+12.8,+24.2,+33.3,+2.5,+3.0,+2.0,+4.0,+3.5,+3.5
2022-11-26 18:50,0,+12.9,+24.3,+33.3,+2.5,+3.0,+2.0,+4.0,+3.5,+3.5
2022-11-26 19:50,0,+12.7,+24.3,+33.3,+2.5,+3.0,+2.0,+4.0,+4.0,+3.5
2022-11-26 20:50,0,+12.7,+24.3,+33.3,+2.5,+3.0,+2.0,+4.0,+3.5,+3.5
2022-11-26 21:50,0,+12.7,+24.3,+33.3,+2.5,+3.0,+2.0,+4.0,+3.5,+3.5
2022-11-26 22:50,0,+12.7,+24.3,+33.3,+2.5,+3.0,+2.0,+4.0,+4.0,+3.5
2022-11-26 23:50,0,+12.7,+24.3,+33.3,+2.5,+3.0,+2.0,+4.0,+3.5,+3.5
2022-11-27 00:50,0,+12.5,+24.3,+33.3,+2.5,+3.0,+2.0,+4.0,+3.5,+3.5
2022-11-27 01:50,0,+12.6,+24.3,+33.3,+2.5,+3.0,+2.0,+4.0,+3.5,+3.5
2022-11-27 02:50,0,+12.6,+24.3,+33.3,+2.5,+3.0,+2.0,+4.0,+4.0,+3.5
2022-11-27 03:50,0,+12.6,+24.3,+33.3,+2.5,+3.0,+2.0,+4.0,+4.0,+3.5
2022-11-27 04:50,0,+12.5,+24.3,+33.3,+2.5,+3.0,+2.0,+4.0,+3.5,+3.5
2022-11-27 05:50,0,+12.5,+24.3,+33.3,+2.5,+3.0,+2.0,+4.0,+3.5,+3.5
2022-11-27 06:50,0,+12.5,+24.3,+33.3,+2.5,+3.0,+2.0,+4.0,+4.0,+3.5
2022-11-27 07:50,0,+12.6,+24.3,+33.3,+2.5,+3.0,+2.0,+4.0,+3.5,+3.5
2022-11-27 08:50,0,+12.8,+24.3,+33.3,+2.5,+3.0,+2.0,+4.0,+3.5,+3.5
2022-11-27 09:50,0,+12.8,+24.3,+33.3,+2.5,+3.0,+2.0,+4.0,+3.5,+3.5
2022-11-27 10:50,0,+12.6,+24.3,+33.3,+2.5,+3.0,+2.0,+4.0,+3.5,+3.5
2022-11-27 11:50,0,+12.3,+24.3,+33.3,+2.0,+3.0,+2.0,+4.0,+3.5,+3.5
2022-11-27 12:50,0,+12.3,+24.3,+33.3,+2.5,+3.0,+2.0,+4.0,+3.5,+3.5
2022-11-27 13:50,0,+12.3,+24.3,+33.3,+2.5,+3.0,+2.0,+4.0,+3.5,+3.5
2022-11-27 14:50,0,+12.3,+24.3,+33.3,+2.5,+3.0,+2.0,+4.0,+3.5,+3.5
2022-11-27 15:50,0,+12.3,+24.3,+33.3,+2.5,+3.0,+2.0,+4.0,+3.5,+3.5
2022-11-27 16:50,0,+12.3,+24.3,+33.3,+2.5,+3.0,+2.0,+4.0,+3.5,+3.5
2022-11-27 17:50,0,+12.3,+24.3,+33.3,+2.5,+3.0,+2.0,+4.0,+3.5,+3.5
2022-11-27 18:50,0,+12.3,+24.3,+33.3,+2.5,+3.0,+2.0,+4.0,+3.5,+3.5
2022-11-27 19:50,0,+12.3,+24.3,+33.3,+2.0,+3.0,+2.0,+4.0,+3.5,+3.5
2022-11-27 20:50,0,+12.3,+24.3,+33.3,+2.0,+3.0,+2.0,+4.0,+3.5,+3.5
2022-11-27 21:50,0,+12.3,+24.3,+33.3,+2.0,+3.0,+2.0,+4.0,+4.0,+3.5
2022-11-27 22:50,0,+12.3,+24.3,+33.3,+2.0,+3.0,+2.0,+4.0,+3.5,+3.5
2022-11-27 23:50,0,+12.3,+24.3,+33.3,+2.0,+3.0,+2.0,+4.0,+3.5,+3.5
2022-11-28 00:50,0,+12.3,+24.3,+33.3,+2.0,+2.5,+2.0,+4.0,+3.5,+3.5
2022-11-28 01:50,0,+12.3,+24.3,+33.3,+2.0,+2.5,+2.0,+4.0,+3.5,+3.5
2022-11-28 02:50,0,+12.3,+24.3,+33.3,+2.0,+2.5,+2.0,+4.0,+3.5,+3.5
2022-11-28 03:50,0,+12.3,+24.3,+33.3,+2.0,+2.5,+2.0,+4.0,+3.5,+3.5
2022-11-28 04:50,0,+12.3,+24.3,+33.3,+2.0,+2.5,+2.0,+4.0,+3.5,+3.5
2022-11-28 05:50,0,+12.6,+24.3,+33.3,+2.0,+2.5,+2.0,+4.0,+3.5,+3.5
2022-11-28 06:50,0,+12.7,+24.3,+33.3,+2.0,+2.5,+2.0,+4.0,+3.5,+3.5
2022-11-28 07:50,0,+12.3,+24.3,+33.3,+2.0,+2.5,+2.0,+4.0,+3.5,+3.5
2022-11-28 08:50,0,+12.3,+24.3,+33.3,+2.0,+2.5,+2.0,+4.0,+3.5,+3.5
2022-11-28 09:50,0,+12.3,+24.3,+33.3,+2.0,+2.5,+2.0,+4.0,+3.5,+3.5
2022-11-28 10:50,0,+12.3,+24.3,+33.3,+2.0,+2.5,+2.0,+4.0,+3.0,+3.5
2022-11-28 11:50,0,+12.3,+24.3,+33.3,+2.0,+2.5,+2.0,+4.0,+3.5,+3.5
2022-11-28 12:50,0,+12.3,+24.3,+33.3,+2.0,+2.5,+2.0,+4.0,+3.0,+3.5
2022-11-28 13:50,0,+12.7,+24.3,+33.3,+2.0,+2.5,+2.0,+4.0,+3.0,+3.5
2022-11-28 14:50,0,+12.7,+24.3,+33.3,+2.0,+2.5,+2.0,+4.0,+3.5,+3.5
2022-11-28 15:50,0,+12.6,+24.3,+33.3,+2.0,+2.5,+2.0,+4.0,+3.0,+3.5
2022-11-28 16:50,0,+12.6,+24.3,+33.3,+2.0,+2.5,+2.0,+4.0,+3.0,+3.5
2022-11-28 17:50,0,+12.6,+24.3,+33.3,+2.0,+2.5,+1.5,+4.0,+3.5,+3.5
2022-11-28 18:50,0,+12.6,+24.3,+33.3,+2.0,+2.5,+2.0,+4.0,+3.0,+3.5
2022-11-28 19:50,0,+12.7,+24.3,+33.3,+2.0,+2.5,+2.0,+4.0,+3.0,+3.0
2022-11-28 20:50,0,+12.7,+24.3,+33.3,+2.0,+2.5,+2.0,+4.0,+3.0,+3.0
2022-11-28 21:50,0,+12.7,+24.3,+33.3,+2.0,+2.5,+2.0,+4.0,+3.0,+3.0
2022-11-28 22:50,0,+12.6,+24.3,+33.3,+2.0,+2.5,+2.0,+4.0,+3.0,+3.5
2022-11-28 23:50,0,+12.5,+24.3,+33.3,+2.0,+2.5,+2.0,+4.0,+3.0,+3.0
2022-11-29 00:50,0,+12.5,+24.3,+33.3,+2.0,+2.5,+2.0,+4.0,+3.5,+3.0
2022-11-29 01:50,0,+12.5,+24.3,+33.3,+2.0,+2.5,+2.0,+4.0,+3.0,+3.0
2022-11-29 02:50,0,+12.5,+24.3,+33.3,+2.0,+2.5,+2.0,+4.0,+3.5,+3.0
2022-11-29 03:50,0,+12.3,+24.3,+33.3,+2.0,+2.5,+2.0,+4.0,+3.0,+3.0
2022-11-29 04:50,0,+12.5,+24.3,+33.3,+2.0,+2.5,+2.0,+4.0,+3.0,+3.0
2022-11-29 05:50,0,+12.6,+24.3,+33.3,+2.0,+2.5,+2.0,+4.0,+3.5,+3.0
2022-11-29 06:50,0,+12.6,+24.3,+33.3,+2.0,+2.5,+2.0,+4.0,+3.5,+3.0
2022-11-29 07:50,0,+12.6,+24.3,+33.3,+2.0,+2.5,+2.0,+4.0,+3.5,+3.0
2022-11-29 08:50,0,+12.7,+24.3,+33.3,+2.0,+2.5,+2.0,+4.0,+3.5,+3.0
2022-11-29 09:50,0,+12.9,+24.3,+33.3,+2.0,+2.5,+2.0,+4.0,+3.0,+3.0
2022-11-29 10:50,0,+12.7,+24.3,+33.3,+2.0,+2.5,+2.0,+4.0,+3.5,+3.0
2022-11-29 11:50,0,+12.7,+24.3,+33.3,+2.0,+2.5,+1.5,+4.0,+3.0,+3.0
2022-11-29 12:50,0,+12.6,+24.3,+33.3,+2.0,+2.5,+2.0,+3.5,+3.5,+3.0
2022-11-29 13:50,0,+12.7,+24.3,+33.3,+2.0,+2.5,+2.0,+4.0,+3.0,+3.0
2022-11-29 14:50,0,+12.7,+24.3,+33.3,+2.0,+2.5,+2.0,+4.0,+3.0,+3.0
2022-11-29 15:50,0,+12.5,+24.3,+33.3,+2.0,+2.5,+2.0,+4.0,+3.0,+3.0
2022-11-29 16:50,0,+12.7,+24.3,+33.3,+2.0,+2.5,+2.0,+3.5,+3.0,+3.0
2022-11-29 17:50,0,+12.7,+24.3,+33.3,+2.0,+2.5,+1.5,+3.5,+3.0,+3.0
2022-11-29 18:50,0,+12.7,+24.3,+33.3,+2.0,+2.5,+2.0,+3.5,+3.0,+3.0
2022-11-29 19:50,0,+12.7,+24.3,+33.3,+2.0,+2.5,+2.0,+3.5,+3.0,+3.0
2022-11-29 20:50,0,+12.5,+24.3,+33.3,+2.0,+2.5,+1.5,+3.5,+3.5,+3.0
2022-11-29 21:50,0,+12.8,+24.3,+33.3,+2.0,+2.5,+2.0,+3.5,+3.5,+3.0
2022-11-29 22:50,0,+12.9,+24.3,+33.3,+2.0,+2.5,+1.5,+3.5,+3.5,+3.0
2022-11-29 23:50,0,+12.3,+24.3,+33.3,+2.0,+2.5,+1.5,+3.5,+3.0,+3.0
2022-11-30 00:50,0,+12.2,+24.3,+33.3,+2.0,+2.5,+1.5,+3.5,+3.5,+3.0
2022-11-30 01:50,0,+12.2,+24.3,+33.3,+1.5,+2.5,+1.5,+3.5,+3.0,+3.0
2022-11-30 02:50,0,+12.2,+24.3,+33.3,+1.5,+2.5,+1.5,+3.5,+3.0,+3.0
2022-11-30 03:50,0,+12.2,+24.3,+33.3,+1.5,+2.5,+1.5,+3.5,+3.5,+3.0
2022-11-30 04:50,0,+12.2,+24.3,+33.3,+1.5,+2.5,+1.5,+3.5,+3.0,+3.0
2022-11-30 05:50,0,+12.2,+24.3,+33.3,+1.5,+2.5,+1.5,+3.5,+3.0,+3.0
2022-11-30 06:50,0,+12.2,+24.3,+33.3,+1.5,+2.5,+1.5,+3.5,+3.0,+3.0
2022-11-30 07:50,0,+12.2,+24.3,+33.3,+1.5,+2.5,+1.5,+3.5,+3.0,+3.0
2022-11-30 08:50,0,+12.2,+24.3,+33.3,+1.5,+2.5,+1.5,+3.5,+3.5,+3.0
2022-11-30 09:50,0,+12.2,+24.3,+33.3,+1.5,+2.5,+1.5,+3.5,+3.5,+3.0
2022-11-30 10:50,0,+12.2,+24.3,+33.3,+1.5,+2.5,+1.5,+3.5,+3.5,+3.0
2022-11-30 11:50,0,+12.2,+24.3,+33.3,+1.5,+2.5,+1.5,+3.5,+3.5,+3.0
2022-11-30 12:50,0,+12.2,+24.3,+33.3,+1.5,+2.5,+1.5,+3.5,+3.0,+3.0
2022-11-30 13:50,0,+12.2,+24.3,+33.3,+1.5,+2.0,+1.5,+3.5,+3.0,+3.0
2022-11-30 14:50,0,+12.2,+24.3,+33.3,+1.5,+2.0,+1.5,+3.5,+3.0,+3.0
2022-11-30 15:50,0,+12.2,+24.3,+33.3,+1.5,+2.0,+1.5,+3.5,+3.5,+3.0
2022-11-30 16:50,0,+12.2,+24.3,+33.3,+1.5,+2.0,+1.5,+3.5,+3.0,+3.0
2022-11-30 17:50,0,+12.2,+24.2,+33.3,+1.5,+2.0,+1.5,+3.5,+3.0,+3.0
2022-11-30 18:50,0,+12.2,+24.3,+33.3,+1.5,+2.0,+1.5,+3.5,+3.0,+3.0
2022-11-30 19:50,0,+12.2,+24.2,+33.3,+1.5,+2.0,+1.5,+3.5,+3.0,+3.0
2022-11-30 20:50,0,+12.2,+24.2,+33.3,+1.5,+2.0,+1.5,+3.5,+3.5,+3.0
2022-11-30 21:50,0,+12.2,+24.2,+33.3,+1.5,+2.0,+1.5,+3.5,+3.5,+3.0
2022-11-30 22:50,0,+12.2,+24.2,+33.3,+1.5,+2.0,+1.5,+3.5,+3.5,+3.0
2022-11-30 23:50,0,+12.2,+24.2,+33.3,+1.0,+2.0,+1.5,+3.5,+3.0,+3.0
2022-12-01 00:50,0,+12.2,+24.2,+33.3,+1.0,+2.0,+1.5,+3.5,+3.0,+3.0
2022-12-01 01:50,0,+12.2,+24.2,+33.3,+1.0,+2.0,+1.5,+3.5,+3.5,+3.0
2022-12-01 02:50,0,+12.2,+24.2,+33.3,+1.0,+2.0,+1.5,+3.5,+3.0,+3.0
2022-12-01 03:50,0,+12.2,+24.2,+33.3,+1.0,+2.0,+1.5,+3.5,+3.5,+3.0
2022-12-01 04:50,0,+12.2,+24.2,+33.3,+1.0,+2.0,+1.5,+3.5,+3.5,+3.0
2022-12-01 05:50,0,+12.2,+24.2,+33.3,+1.0,+2.0,+1.5,+3.5,+3.5,+3.0
2022-12-01 06:50,0,+12.2,+24.2,+33.3,+1.0,+2.0,+1.5,+3.5,+3.0,+3.0
2022-12-01 07:50,0,+12.2,+24.2,+33.3,+1.0,+2.0,+1.5,+3.5,+2.5,+3.0
2022-12-01 08:50,0,+12.2,+24.2,+33.3,+1.0,+2.0,+1.5,+3.5,+3.0,+3.0
2022-12-01 09:50,0,+12.2,+24.2,+33.3,+1.0,+2.0,+1.5,+3.5,+3.0,+3.0
2022-12-01 10:50,0,+12.1,+24.2,+33.3,+1.0,+2.0,+1.0,+3.5,+3.0,+3.0
2022-12-01 11:50,0,+12.1,+24.2,+33.3,+1.0,+2.0,+1.0,+3.5,+3.0,+3.0
2022-12-01 12:50,0,+12.1,+24.1,+33.3,+1.0,+2.0,+1.0,+3.5,+2.5,+3.0
2022-12-01 13:50,0,+12.1,+24.1,+33.3,+1.0,+2.0,+1.0,+3.5,+3.0,+3.0
2022-12-01 14:50,0,+12.1,+24.1,+33.3,+1.0,+2.0,+1.0,+3.5,+2.5,+3.0
2022-12-01 15:50,0,+12.1,+24.1,+33.3,+1.0,+2.0,+1.0,+3.5,+2.5,+3.0
2022-12-01 16:50,0,+12.1,+24.1,+33.3,+1.0,+2.0,+1.0,+3.5,+3.0,+3.0
2022-12-01 17:50,0,+12.1,+24.1,+33.3,+1.0,+1.5,+1.0,+3.0,+3.0,+3.0
2022-12-01 18:50,0,+12.1,+24.1,+33.3,+1.0,+2.0,+1.0,+3.5,+3.0,+3.0
2022-12-01 19:50,0,+12.1,+24.1,+33.3,+1.0,+1.5,+1.0,+3.5,+2.5,+3.0
2022-12-01 20:50,0,+12.1,+24.1,+33.3,+1.0,+2.0,+1.0,+3.5,+2.5,+3.0
2022-12-01 21:50,0,+12.1,+24.1,+33.3,+1.0,+2.0,+1.0,+3.0,+2.5,+3.0
2022-12-01 22:50,0,+12.1,+24.1,+33.3,+1.0,+1.5,+1.0,+3.0,+2.5,+2.5
2022-12-01 23:50,0,+12.1,+24.1,+33.3,+1.0,+1.5,+1.0,+3.0,+3.0,+3.0
2022-12-02 00:50,0,+12.1,+24.1,+33.3,+1.0,+1.5,+1.0,+3.0,+3.0,+3.0
2022-12-02 01:50,0,+12.1,+24.1,+33.3,+1.0,+1.5,+1.0,+3.0,+2.5,+3.0
2022-12-02 02:50,0,+12.1,+24.1,+33.3,+1.0,+2.0,+1.0,+3.0,+3.0,+2.5
2022-12-02 03:50,0,+12.1,+24.1,+33.3,+1.0,+2.0,+1.0,+3.0,+2.5,+2.5
2022-12-02 04:50,0,+12.1,+24.0,+33.3,+1.0,+1.5,+1.0,+3.0,+2.5,+2.5
2022-12-02 05:50,0,+12.1,+24.0,+33.3,+1.0,+1.5,+1.0,+3.0,+3.0,+2.5
2022-12-02 06:50,0,+12.1,+24.0,+33.3,+1.0,+1.5,+1.0,+3.0,+2.5,+2.5
2022-12-02 07:50,0,+12.1,+24.0,+33.3,+1.0,+1.5,+1.0,+3.0,+2.5,+2.5
2022-12-02 08:50,0,+12.1,+24.0,+33.3,+1.0,+1.5,+1.0,+3.0,+3.0,+3.0
2022-12-02 09:50,0,+12.1,+24.0,+33.3,+1.0,+1.5,+1.0,+3.0,+3.0,+2.5
2022-12-02 10:50,0,+12.0,+24.0,+33.3,+1.0,+2.0,+1.0,+3.0,+2.5,+2.5
2022-12-02 11:50,0,+12.0,+24.0,+33.3,+1.0,+2.0,+1.0,+3.0,+2.5,+2.5
2022-12-02 12:50,0,+12.0,+24.0,+33.3,+1.0,+2.0,+1.0,+3.0,+2.5,+2.5
2022-12-02 13:50,0,+12.0,+24.0,+33.3,+1.0,+1.5,+1.0,+3.0,+3.0,+2.5
2022-12-02 14:50,0,+12.0,+24.0,+33.3,+1.0,+1.5,+1.0,+3.0,+3.0,+2.5