
2022-10-22 10:48,0,+11.9,+9.8,+8.4,+11.0,+11.6,+12.1,+10.6,+10.7,+10.7
2022-10-22 11:48,0,+11.7,+9.6,+8.2,+7.3,+7.6,+7.5,+7.3,+7.7,+8.0
2022-10-22 12:48,0,+11.7,+9.6,+8.2,+7.5,+7.6,+7.5,+7.2,+7.6,+8.0
2022-10-22 13:48,0,+11.7,+9.7,+8.3,+7.7,+7.7,+7.5,+7.2,+7.6,+8.0
2022-10-22 14:48,0,+11.7,+9.7,+8.3,+8.0,+7.8,+7.5,+7.2,+7.6,+8.0
2022-10-22 15:48,0,+11.7,+9.7,+8.3,+8.2,+7.8,+7.6,+7.2,+7.6,+8.0
2022-10-22 16:48,0,+11.7,+9.7,+8.3,+8.5,+8.0,+7.6,+7.3,+7.6,+8.0
2022-10-22 17:48,0,+11.7,+9.7,+8.3,+8.5,+8.1,+7.7,+7.3,+7.7,+8.0
2022-10-22 18:48,0,+11.7,+9.7,+8.3,+8.5,+8.2,+7.7,+7.3,+7.7,+8.0
2022-10-22 19:48,0,+11.7,+9.8,+8.3,+8.3,+8.2,+7.7,+7.5,+7.7,+8.1
2022-10-22 20:48,0,+11.7,+9.8,+8.3,+8.3,+8.3,+7.8,+7.5,+7.7,+8.0
2022-10-22 21:48,0,+11.7,+9.8,+8.3,+8.3,+8.3,+7.8,+7.5,+7.7,+8.1
2022-10-22 22:48,0,+11.7,+9.8,+8.3,+8.2,+8.3,+8.0,+7.5,+7.7,+8.1
2022-10-22 23:48,0,+11.7,+9.8,+8.3,+8.1,+8.3,+8.0,+7.5,+7.8,+8.1
2022-10-23 00:48,0,+11.7,+9.8,+8.3,+8.0,+8.2,+8.0,+7.6,+7.8,+8.1
2022-10-23 01:48,0,+11.7,+9.8,+8.3,+7.8,+8.2,+8.0,+7.6,+7.8,+8.1
2022-10-23 02:48,0,+11.7,+9.8,+8.4,+7.8,+8.2,+8.0,+7.6,+7.8,+8.1
2022-10-23 03:48,0,+11.7,+9.8,+8.4,+7.8,+8.2,+8.0,+7.6,+7.8,+8.1
2022-10-23 04:48,0,+11.7,+9.8,+8.4,+7.8,+8.2,+8.0,+7.6,+7.8,+8.2
2022-10-23 05:48,0,+11.8,+9.8,+8.4,+7.8,+8.1,+8.0,+7.6,+7.8,+8.2
2022-10-23 06:48,0,+11.8,+9.8,+8.4,+7.7,+8.1,+8.0,+7.6,+8.0,+8.2
2022-10-23 07:48,0,+11.8,+9.8,+8.4,+7.7,+8.1,+8.0,+7.6,+8.0,+8.2
2022-10-23 08:48,0,+11.8,+9.8,+8.4,+7.7,+8.1,+8.0,+7.7,+8.0,+8.2
2022-10-23 09:48,0,+11.8,+9.8,+8.4,+7.8,+8.1,+8.0,+7.7,+8.0,+8.3
2022-10-23 10:48,0,+11.8,+9.8,+8.4,+8.1,+8.1,+8.0,+7.6,+8.0,+8.2
2022-10-23 11:48,0,+11.8,+9.9,+8.4,+8.5,+8.2,+8.0,+7.7,+8.0,+8.2
2022-10-23 12:48,0,+11.8,+9.9,+8.4,+9.0,+8.5,+8.0,+7.7,+8.0,+8.3
2022-10-23 13:48,0,+11.8,+9.9,+8.5,+9.6,+8.6,+8.0,+7.7,+8.0,+8.3
2022-10-23 14:48,0,+11.8,+9.9,+8.5,+10.0,+8.8,+8.2,+7.7,+8.0,+8.3
2022-10-23 15:48,0,+11.8,+9.9,+8.5,+10.5,+9.1,+8.2,+7.7,+8.0,+8.2
2022-10-23 16:48,0,+11.9,+10.0,+8.5,+10.7,+9.3,+8.5,+7.8,+8.1,+8.3
2022-10-23 17:48,0,+11.9,+10.0,+8.5,+10.7,+9.6,+8.6,+7.8,+8.1,+8.3
2022-10-23 18:48,0,+11.9,+10.0,+8.5,+10.7,+9.7,+8.7,+8.0,+8.1,+8.3
2022-10-23 19:48,0,+11.9,+10.0,+8.6,+10.7,+9.8,+8.8,+8.1,+8.2,+8.3
2022-10-23 20:48,0,+11.9,+10.0,+8.6,+10.7,+10.0,+9.0,+8.1,+8.2,+8.5
2022-10-23 21:48,0,+11.9,+10.0,+8.6,+10.8,+10.1,+9.1,+8.2,+8.2,+8.5
2022-10-23 22:48,0,+11.9,+10.1,+8.6,+10.8,+10.1,+9.1,+8.3,+8.3,+8.5
2022-10-23 23:48,0,+12.0,+10.1,+8.6,+10.8,+10.2,+9.2,+8.3,+8.3,+8.6
2022-10-24 00:48,0,+12.3,+10.1,+8.6,+10.8,+10.2,+9.3,+8.5,+8.5,+8.6
2022-10-24 01:48,0,+12.3,+10.1,+8.6,+11.0,+10.2,+9.3,+8.5,+8.5,+8.7
2022-10-24 02:48,0,+12.5,+10.2,+8.6,+11.0,+10.3,+9.5,+8.6,+8.5,+8.7
2022-10-24 03:48,0,+12.5,+10.2,+8.6,+11.0,+10.3,+9.5,+8.6,+8.6,+8.7
2022-10-24 04:48,0,+12.5,+10.2,+8.7,+11.1,+10.5,+9.5,+8.6,+8.6,+8.8
2022-10-24 05:48,0,+12.5,+10.3,+8.7,+11.2,+10.5,+9.6,+8.7,+8.7,+8.8
2022-10-24 06:48,0,+12.5,+10.3,+8.7,+11.2,+10.6,+9.6,+8.7,+8.7,+8.8
2022-10-24 07:48,0,+12.5,+10.3,+8.7,+11.3,+10.6,+9.7,+8.8,+8.7,+8.8
2022-10-24 08:48,0,+12.5,+10.4,+8.7,+11.5,+10.7,+9.8,+8.8,+8.7,+8.8
2022-10-24 09:48,0,+12.5,+10.4,+8.8,+11.6,+10.8,+9.8,+9.0,+8.8,+9.0
2022-10-24 10:48,0,+12.5,+10.4,+8.8,+11.6,+10.8,+9.8,+9.0,+8.8,+9.0
2022-10-24 11:48,0,+12.5,+10.4,+8.8,+11.5,+11.0,+10.0,+9.0,+8.8,+9.0
2022-10-24 12:48,0,+12.5,+10.5,+8.8,+11.5,+11.0,+10.0,+9.1,+9.0,+9.1
2022-10-24 13:48,0,+12.5,+10.5,+8.8,+11.2,+11.0,+10.1,+9.1,+9.0,+9.1
2022-10-24 14:48,0,+12.5,+10.5,+8.8,+11.0,+10.8,+10.1,+9.2,+9.1,+9.1
2022-10-24 15:48,0,+12.5,+10.5,+8.8,+10.6,+10.7,+10.1,+9.2,+9.1,+9.2
2022-10-24 16:48,0,+12.5,+10.5,+8.9,+10.3,+10.6,+10.1,+9.2,+9.1,+9.2
2022-10-24 17:48,0,+12.5,+10.5,+8.9,+10.0,+10.5,+10.1,+9.2,+9.2,+9.2
2022-10-24 18:48,0,+12.5,+10.5,+8.9,+9.7,+10.3,+10.0,+9.2,+9.2,+9.3
2022-10-24 19:48,0,+12.5,+10.5,+8.9,+9.5,+10.2,+9.8,+9.2,+9.2,+9.3
2022-10-24 20:48,0,+12.5,+10.5,+8.9,+9.2,+10.0,+9.8,+9.2,+9.2,+9.3
2022-10-24 21:48,0,+12.5,+10.5,+8.9,+9.0,+9.8,+9.7,+9.2,+9.2,+9.3
2022-10-24 22:48,0,+12.5,+10.5,+8.9,+8.8,+9.7,+9.6,+9.2,+9.2,+9.3
2022-10-24 23:48,0,+12.5,+10.5,+8.9,+8.7,+9.6,+9.6,+9.2,+9.3,+9.3
2022-10-25 00:48,0,+12.5,+10.5,+8.9,+8.5,+9.5,+9.5,+9.1,+9.2,+9.3
2022-10-25 01:48,0,+12.5,+10.4,+8.9,+8.3,+9.3,+9.5,+9.1,+9.2,+9.3
2022-10-25 02:48,0,+12.5,+10.4,+8.8,+8.2,+9.2,+9.3,+9.0,+9.2,+9.3
2022-10-25 03:48,0,+12.5,+10.4,+8.8,+8.0,+9.1,+9.2,+9.0,+9.2,+9.3
2022-10-25 04:48,0,+12.5,+10.4,+8.8,+7.8,+8.8,+9.2,+9.0,+9.2,+9.5
2022-10-25 05:48,0,+12.5,+10.4,+8.8,+7.6,+8.8,+9.1,+9.0,+9.2,+9.3
2022-10-25 06:48,0,+12.6,+10.4,+8.8,+7.5,+8.7,+9.0,+8.8,+9.2,+9.3
2022-10-25 07:48,0,+12.6,+10.4,+8.8,+7.2,+8.6,+8.8,+8.8,+9.1,+9.3
2022-10-25 08:48,0,+12.6,+10.4,+8.8,+7.1,+8.3,+8.8,+8.7,+9.1,+9.3
2022-10-25 09:48,0,+12.6,+10.4,+8.8,+7.0,+8.2,+8.7,+8.7,+9.1,+9.2
2022-10-25 10:48,0,+12.6,+10.4,+8.8,+6.7,+8.1,+8.6,+8.6,+9.0,+9.2
2022-10-25 11:48,0,+12.6,+10.4,+8.8,+6.7,+8.1,+8.5,+8.6,+9.0,+9.2
2022-10-25 12:48,0,+12.7,+10.4,+8.8,+6.6,+8.0,+8.5,+8.5,+9.0,+9.2
2022-10-25 13:48,0,+12.7,+10.4,+8.8,+6.6,+7.8,+8.3,+8.5,+9.0,+9.2
2022-10-25 14:48,0,+12.8,+10.4,+8.8,+6.6,+7.7,+8.2,+8.3,+8.8,+9.1
2022-10-25 15:48,0,+12.9,+10.4,+8.8,+6.6,+7.7,+8.2,+8.3,+8.8,+9.1
2022-10-25 16:48,0,+12.8,+10.3,+8.8,+6.5,+7.6,+8.1,+8.3,+8.8,+9.1
2022-10-25 17:48,0,+12.9,+10.3,+8.8,+6.3,+7.6,+8.1,+8.2,+8.7,+9.1
2022-10-25 18:48,0,+12.9,+10.3,+8.8,+6.3,+7.6,+8.0,+8.2,+8.7,+9.0
2022-10-25 19:48,0,+13.1,+10.3,+8.8,+6.3,+7.5,+8.0,+8.1,+8.7,+9.0
2022-10-25 20:48,0,+12.9,+10.3,+8.8,+6.3,+7.5,+7.8,+8.1,+8.6,+9.0
2022-10-25 21:48,0,+12.9,+10.3,+8.8,+6.2,+7.3,+7.8,+8.1,+8.6,+9.0
2022-10-25 22:48,0,+12.8,+10.3,+8.8,+6.2,+7.3,+7.8,+8.0,+8.6,+9.0
2022-10-25 23:48,0,+12.8,+10.3,+8.8,+6.1,+7.3,+7.7,+8.0,+8.6,+8.8
2022-10-26 00:48,0,+12.8,+10.3,+8.8,+6.1,+7.2,+7.7,+7.8,+8.5,+8.8
2022-10-26 01:48,0,+12.8,+10.3,+8.8,+6.0,+7.2,+7.7,+7.8,+8.5,+8.8
2022-10-26 02:48,0,+12.8,+10.3,+8.8,+6.0,+7.2,+7.6,+7.8,+8.5,+8.7
2022-10-26 03:48,0,+12.9,+10.3,+8.8,+5.8,+7.1,+7.6,+7.8,+8.3,+8.8
2022-10-26 04:48,0,+12.9,+10.3,+8.8,+5.8,+7.1,+7.6,+7.7,+8.5,+8.8
2022-10-26 05:48,0,+12.8,+10.3,+8.8,+5.7,+7.0,+7.5,+7.7,+8.3,+8.7
2022-10-26 06:48,0,+12.8,+10.4,+8.9,+5.7,+7.0,+7.5,+7.7,+8.3,+8.7
2022-10-26 07:48,0,+12.9,+10.4,+8.9,+5.6,+6.8,+7.3,+7.7,+8.3,+8.7
2022-10-26 08:48,0,+12.9,+10.4,+8.9,+5.6,+6.7,+7.3,+7.6,+8.2,+8.7
2022-10-26 09:48,0,+13.0,+10.4,+8.9,+5.5,+6.7,+7.3,+7.6,+8.2,+8.6
2022-10-26 10:48,0,+12.9,+10.4,+8.9,+5.5,+6.7,+7.2,+7.6,+8.2,+8.6
2022-10-26 11:48,0,+12.9,+10.4,+8.9,+5.6,+6.7,+7.2,+7.5,+8.2,+8.6
2022-10-26 12:48,0,+12.9,+10.4,+8.9,+5.7,+6.7,+7.2,+7.5,+8.1,+8.6
2022-10-26 13:48,0,+12.9,+10.4,+8.9,+5.8,+6.7,+7.1,+7.5,+8.1,+8.5
2022-10-26 14:48,0,+12.9,+10.4,+8.9,+6.0,+6.7,+7.1,+7.5,+8.1,+8.6
2022-10-26 15:48,0,+12.9,+10.4,+8.9,+6.1,+6.8,+7.1,+7.3,+8.1,+8.5
2022-10-26 16:48,0,+12.9,+10.4,+8.9,+6.2,+6.8,+7.2,+7.3,+8.1,+8.5
2022-10-26 17:48,0,+12.9,+10.4,+8.9,+6.2,+6.8,+7.1,+7.3,+8.1,+8.5
2022-10-26 18:48,0,+12.9,+10.4,+9.0,+6.0,+7.0,+7.2,+7.3,+8.1,+8.3
2022-10-26 19:48,0,+13.0,+10.4,+9.0,+5.8,+6.8,+7.2,+7.3,+8.0,+8.3
2022-10-26 20:48,0,+13.0,+10.4,+9.0,+5.6,+6.8,+7.2,+7.3,+8.0,+8.3
2022-10-26 21:48,0,+13.0,+10.4,+9.0,+5.5,+6.7,+7.1,+7.3,+8.0,+8.3
2022-10-26 22:48,0,+13.0,+10.4,+9.0,+5.3,+6.7,+7.1,+7.2,+8.0,+8.3
2022-10-26 23:48,0,+13.0,+10.4,+9.0,+5.2,+6.6,+7.1,+7.3,+8.0,+8.3
2022-10-27 00:48,0,+13.1,+10.4,+9.0,+5.1,+6.5,+7.0,+7.3,+8.0,+8.3
2022-10-27 01:48,0,+13.1,+10.4,+9.0,+4.8,+6.3,+7.0,+7.2,+7.8,+8.3
2022-10-27 02:48,0,+13.1,+10.4,+9.0,+4.8,+6.2,+7.0,+7.2,+8.0,+8.2
2022-10-27 03:48,0,+13.1,+10.4,+9.0,+4.7,+6.2,+6.8,+7.2,+7.8,+8.2
2022-10-27 04:48,0,+13.1,+10.4,+9.0,+4.6,+6.1,+6.7,+7.1,+7.8,+8.2
2022-10-27 05:48,0,+13.2,+10.4,+9.0,+4.6,+6.1,+6.7,+7.1,+7.8,+8.2
2022-10-27 06:48,0,+13.3,+10.4,+9.0,+4.5,+6.0,+6.7,+7.1,+7.8,+8.2
2022-10-27 07:48,0,+13.3,+10.4,+9.0,+4.5,+6.0,+6.6,+7.0,+7.8,+8.2
2022-10-27 08:48,0,+13.3,+10.4,+9.0,+4.5,+5.8,+6.6,+7.0,+7.7,+8.1
2022-10-27 09:48,0,+13.2,+10.4,+9.0,+4.5,+5.8,+6.5,+6.8,+7.7,+8.2
2022-10-27 10:48,0,+13.2,+10.5,+9.0,+4.6,+5.8,+6.5,+6.8,+7.7,+8.1
2022-10-27 11:48,0,+13.2,+10.5,+9.0,+4.8,+5.8,+6.5,+6.8,+7.7,+8.1
2022-10-27 12:48,0,+13.3,+10.5,+9.0,+5.3,+6.0,+6.5,+6.8,+7.6,+8.1
2022-10-27 13:48,0,+13.1,+10.5,+9.1,+5.6,+6.1,+6.5,+6.8,+7.6,+8.0
2022-10-27 14:48,0,+13.2,+10.5,+9.1,+5.7,+6.2,+6.5,+6.8,+7.6,+8.0
2022-10-27 15:48,0,+13.1,+10.5,+9.1,+5.8,+6.3,+6.6,+6.8,+7.6,+8.0
2022-10-27 16:48,0,+13.1,+10.5,+9.1,+6.1,+6.3,+6.6,+6.7,+7.6,+8.0
2022-10-27 17:48,0,+13.2,+10.6,+9.1,+6.1,+6.5,+6.6,+6.8,+7.5,+8.0
2022-10-27 18:48,0,+13.2,+10.6,+9.1,+6.2,+6.6,+6.7,+6.8,+7.6,+8.0
2022-10-27 19:48,0,+13.2,+10.6,+9.2,+6.1,+6.6,+6.7,+6.8,+7.5,+7.8
2022-10-27 20:48,0,+13.3,+10.6,+9.2,+6.2,+6.7,+6.7,+6.8,+7.5,+8.0
2022-10-27 21:48,0,+13.3,+10.6,+9.2,+6.3,+6.7,+6.7,+6.8,+7.6,+8.0
2022-10-27 22:48,0,+13.3,+10.6,+9.2,+6.3,+6.8,+6.8,+6.8,+7.5,+8.0
2022-10-27 23:48,0,+13.3,+10.6,+9.2,+6.3,+6.8,+6.8,+7.0,+7.6,+7.8
2022-10-28 00:48,0,+13.3,+10.6,+9.2,+6.5,+6.8,+7.0,+7.0,+7.5,+8.0
2022-10-28 01:48,0,+13.4,+10.6,+9.2,+6.5,+7.0,+7.0,+7.0,+7.6,+7.8
2022-10-28 02:48,0,+13.3,+10.6,+9.2,+6.5,+6.8,+7.0,+7.0,+7.6,+7.8
2022-10-28 03:48,0,+13.4,+10.6,+9.3,+6.5,+7.0,+7.0,+7.0,+7.6,+8.0
2022-10-28 04:48,0,+13.4,+10.6,+9.3,+6.5,+7.0,+7.0,+7.0,+7.6,+7.8
2022-10-28 05:48,0,+13.4,+10.7,+9.3,+6.5,+7.1,+7.1,+7.0,+7.6,+8.0
2022-10-28 06:48,0,+13.4,+10.7,+9.3,+6.5,+7.0,+7.1,+7.0,+7.6,+8.0
2022-10-28 07:48,0,+13.4,+10.7,+9.3,+6.5,+7.0,+7.1,+7.1,+7.6,+8.0
2022-10-28 08:48,0,+13.4,+10.7,+9.3,+6.3,+7.1,+7.1,+7.1,+7.6,+8.0
2022-10-28 09:48,0,+13.5,+10.7,+9.3,+6.5,+7.1,+7.1,+7.1,+7.6,+8.0
2022-10-28 10:48,0,+13.4,+10.7,+9.3,+6.6,+7.1,+7.1,+7.1,+7.6,+8.0
2022-10-28 11:48,0,+13.3,+10.7,+9.3,+6.8,+7.1,+7.1,+7.1,+7.6,+8.0
2022-10-28 12:48,0,+13.3,+10.7,+9.3,+7.1,+7.2,+7.2,+7.1,+7.6,+8.0
2022-10-28 13:48,0,+13.4,+10.7,+9.3,+7.6,+7.3,+7.1,+7.1,+7.6,+8.0
2022-10-28 14:48,0,+13.3,+10.7,+9.3,+8.0,+7.5,+7.2,+7.1,+7.6,+8.0
2022-10-28 15:48,0,+13.3,+10.7,+9.4,+8.2,+7.7,+7.3,+7.1,+7.6,+8.0
2022-10-28 16:48,0,+13.3,+10.8,+9.4,+8.3,+7.8,+7.3,+7.2,+7.7,+8.0
2022-10-28 17:48,0,+13.3,+10.8,+9.4,+8.3,+8.1,+7.5,+7.2,+7.6,+8.0
2022-10-28 18:48,0,+13.3,+10.8,+9.4,+8.3,+8.1,+7.6,+7.3,+7.7,+8.0
2022-10-28 19:48,0,+13.3,+10.8,+9.4,+8.2,+8.2,+7.7,+7.3,+7.7,+8.0
2022-10-28 20:48,0,+13.3,+10.8,+9.4,+8.2,+8.2,+7.7,+7.3,+7.7,+8.1
2022-10-28 21:48,0,+13.5,+10.8,+9.4,+8.1,+8.2,+7.8,+7.5,+7.8,+8.1
2022-10-28 22:48,0,+13.3,+10.8,+9.4,+8.1,+8.2,+7.8,+7.5,+7.8,+8.1
2022-10-28 23:48,0,+13.4,+10.8,+9.4,+8.1,+8.2,+7.8,+7.5,+7.8,+8.2
2022-10-29 00:48,0,+13.4,+10.8,+9.4,+8.1,+8.2,+8.0,+7.6,+7.8,+8.2
2022-10-29 01:48,0,+13.4,+10.8,+9.4,+8.1,+8.2,+8.0,+7.6,+7.8,+8.2
2022-10-29 02:48,0,+13.4,+10.8,+9.4,+8.1,+8.2,+8.0,+7.6,+8.0,+8.2
2022-10-29 03:48,0,+13.4,+10.8,+9.4,+8.1,+8.2,+8.0,+7.6,+8.0,+8.2
2022-10-29 04:48,0,+13.4,+10.8,+9.4,+8.1,+8.3,+8.0,+7.7,+8.0,+8.2
2022-10-29 05:48,0,+13.4,+10.8,+9.4,+8.0,+8.2,+8.0,+7.7,+8.0,+8.2
2022-10-29 06:48,0,+13.4,+10.8,+9.4,+8.0,+8.2,+8.0,+7.7,+8.0,+8.3
2022-10-29 07:48,0,+13.3,+10.8,+9.4,+7.8,+8.2,+8.0,+7.7,+8.0,+8.3
2022-10-29 08:48,0,+13.4,+10.8,+9.4,+7.7,+8.2,+8.0,+7.7,+8.1,+8.3
2022-10-29 09:48,0,+13.4,+10.8,+9.4,+7.7,+8.1,+8.1,+7.7,+8.1,+8.3
2022-10-29 10:48,0,+13.3,+10.8,+9.4,+7.8,+8.2,+8.1,+7.7,+8.1,+8.3
2022-10-29 11:48,0,+13.4,+10.8,+9.4,+8.0,+8.2,+8.1,+7.7,+8.1,+8.3
2022-10-29 12:48,0,+13.3,+10.8,+9.5,+8.2,+8.2,+8.1,+7.7,+8.1,+8.3
2022-10-29 13:48,0,+13.4,+10.8,+9.5,+8.6,+8.3,+8.1,+7.7,+8.1,+8.3
2022-10-29 14:48,0,+13.4,+10.8,+9.5,+9.0,+8.5,+8.1,+7.7,+8.1,+8.3
2022-10-29 15:48,0,+13.4,+10.9,+9.5,+9.2,+8.6,+8.1,+7.8,+8.1,+8.3
2022-10-29 16:48,0,+13.4,+10.9,+9.5,+9.3,+8.8,+8.2,+7.8,+8.1,+8.5
2022-10-29 17:48,0,+13.3,+10.9,+9.5,+9.3,+9.0,+8.3,+7.8,+8.2,+8.3
2022-10-29 18:48,0,+13.3,+10.9,+9.5,+9.3,+9.1,+8.3,+7.8,+8.2,+8.3
2022-10-29 19:48,0,+13.4,+10.9,+9.5,+9.2,+9.1,+8.5,+8.0,+8.1,+8.5
2022-10-29 20:48,0,+13.3,+10.9,+9.5,+9.1,+9.1,+8.5,+8.0,+8.2,+8.5
2022-10-29 21:48,0,+13.3,+10.9,+9.5,+9.0,+9.1,+8.6,+8.0,+8.2,+8.5
2022-10-29 22:48,0,+13.3,+10.9,+9.5,+8.8,+9.1,+8.6,+8.1,+8.2,+8.5
2022-10-29 23:48,0,+13.4,+10.9,+9.5,+8.8,+9.0,+8.6,+8.1,+8.3,+8.6
2022-10-30 00:48,0,+13.4,+10.9,+9.5,+8.7,+9.0,+8.6,+8.1,+8.3,+8.6
2022-10-30 01:48,0,+13.4,+10.9,+9.5,+8.6,+9.0,+8.6,+8.1,+8.3,+8.6
2022-10-30 02:48,0,+13.4,+10.9,+9.5,+8.6,+9.0,+8.6,+8.2,+8.3,+8.6
2022-10-30 03:48,0,+13.4,+10.9,+9.5,+8.5,+8.8,+8.6,+8.2,+8.5,+8.6
2022-10-30 04:48,0,+13.4,+10.9,+9.5,+8.2,+8.8,+8.6,+8.2,+8.3,+8.6
2022-10-30 05:48,0,+13.5,+10.9,+9.5,+8.1,+8.7,+8.6,+8.2,+8.3,+8.6
2022-10-30 06:48,0,+13.5,+10.9,+9.5,+8.0,+8.6,+8.6,+8.2,+8.5,+8.7
2022-10-30 07:48,0,+13.5,+10.9,+9.5,+7.7,+8.6,+8.5,+8.2,+8.5,+8.7
2022-10-30 08:48,0,+13.5,+10.9,+9.5,+7.6,+8.5,+8.5,+8.2,+8.5,+8.6
2022-10-30 09:48,0,+13.5,+10.9,+9.5,+7.5,+8.3,+8.3,+8.1,+8.5,+8.7
2022-10-30 10:48,0,+13.5,+10.9,+9.5,+7.6,+8.3,+8.3,+8.1,+8.5,+8.7
2022-10-30 11:48,0,+13.5,+10.9,+9.5,+7.7,+8.2,+8.3,+8.1,+8.5,+8.7
2022-10-30 12:48,0,+13.5,+10.9,+9.5,+8.0,+8.3,+8.2,+8.1,+8.5,+8.7
2022-10-30 13:48,0,+13.5,+10.9,+9.5,+8.3,+8.3,+8.2,+8.1,+8.5,+8.7
2022-10-30 14:48,0,+13.5,+10.9,+9.5,+8.7,+8.5,+8.2,+8.1,+8.5,+8.7
2022-10-30 15:48,0,+13.5,+10.9,+9.5,+9.0,+8.6,+8.3,+8.1,+8.5,+8.6
2022-10-30 16:48,0,+13.4,+10.9,+9.5,+9.0,+8.7,+8.3,+8.1,+8.5,+8.7
2022-10-30 17:48,0,+13.5,+10.9,+9.5,+9.0,+8.8,+8.5,+8.1,+8.5,+8.7
2022-10-30 18:48,0,+13.4,+10.9,+9.5,+8.7,+8.8,+8.5,+8.1,+8.3,+8.7
2022-10-30 19:48,0,+13.4,+10.9,+9.5,+8.6,+8.8,+8.5,+8.1,+8.5,+8.6
2022-10-30 20:48,0,+13.6,+10.9,+9.5,+8.3,+8.8,+8.6,+8.2,+8.5,+8.7
2022-10-30 21:48,0,+13.5,+10.9,+9.5,+8.1,+8.7,+8.6,+8.2,+8.5,+8.7
2022-10-30 22:48,0,+13.5,+10.9,+9.5,+7.8,+8.6,+8.5,+8.2,+8.5,+8.7
2022-10-30 23:48,0,+13.6,+10.9,+9.5,+7.6,+8.5,+8.5,+8.2,+8.5,+8.7
2022-10-31 00:48,0,+13.4,+10.9,+9.5,+7.3,+8.5,+8.5,+8.2,+8.5,+8.7
2022-10-31 01:48,0,+13.5,+10.9,+9.5,+7.2,+8.2,+8.3,+8.2,+8.5,+8.7
2022-10-31 02:48,0,+13.5,+10.9,+9.4,+7.0,+8.2,+8.3,+8.2,+8.5,+8.7
2022-10-31 03:48,0,+13.5,+10.8,+9.4,+6.8,+8.0,+8.2,+8.1,+8.5,+8.7
2022-10-31 04:48,0,+13.5,+10.8,+9.4,+6.7,+7.8,+8.2,+8.1,+8.5,+8.7
2022-10-31 05:48,0,+13.5,+10.8,+9.4,+6.6,+7.7,+8.1,+8.1,+8.5,+8.7
2022-10-31 06:48,0,+13.5,+10.8,+9.4,+6.5,+7.7,+8.0,+8.0,+8.5,+8.7
2022-10-31 07:48,0,+13.6,+10.8,+9.4,+6.3,+7.6,+8.0,+8.0,+8.5,+8.7
2022-10-31 08:48,0,+13.6,+10.8,+9.4,+6.3,+7.5,+7.8,+8.0,+8.5,+8.7
2022-10-31 09:48,0,+13.6,+10.8,+9.4,+6.5,+7.5,+7.8,+8.0,+8.5,+8.6
2022-10-31 10:48,0,+13.6,+10.8,+9.4,+6.6,+7.3,+7.7,+7.8,+8.3,+8.6
2022-10-31 11:48,0,+13.6,+10.8,+9.4,+6.8,+7.5,+7.7,+7.8,+8.3,+8.6
2022-10-31 12:48,0,+13.5,+10.8,+9.4,+7.2,+7.5,+7.7,+7.7,+8.3,+8.6
2022-10-31 13:48,0,+13.5,+10.8,+9.4,+7.6,+7.6,+7.7,+7.7,+8.3,+8.6
2022-10-31 14:48,0,+13.4,+10.8,+9.4,+8.0,+7.8,+7.7,+7.7,+8.3,+8.6
2022-10-31 15:48,0,+13.4,+10.8,+9.4,+8.2,+8.0,+7.8,+7.7,+8.2,+8.6
2022-10-31 16:48,0,+13.4,+10.8,+9.5,+8.3,+8.2,+7.8,+7.7,+8.2,+8.6
2022-10-31 17:48,0,+13.4,+10.9,+9.5,+8.3,+8.2,+8.0,+7.7,+8.2,+8.5
2022-10-31 18:48,0,+13.4,+10.9,+9.5,+8.3,+8.3,+8.0,+7.7,+8.2,+8.6
2022-10-31 19:48,0,+13.4,+10.9,+9.5,+8.2,+8.3,+8.1,+7.8,+8.2,+8.6
2022-10-31 20:48,0,+13.4,+10.9,+9.5,+8.2,+8.5,+8.1,+7.8,+8.2,+8.5
2022-10-31 21:48,0,+13.3,+10.9,+9.5,+8.2,+8.3,+8.2,+7.8,+8.2,+8.5
2022-10-31 22:48,0,+13.3,+10.9,+9.5,+8.1,+8.3,+8.2,+7.8,+8.2,+8.6
2022-10-31 23:48,0,+13.3,+10.9,+9.5,+8.0,+8.3,+8.2,+8.0,+8.3,+8.6
2022-11-01 00:48,0,+13.3,+10.9,+9.5,+7.7,+8.3,+8.2,+8.0,+8.2,+8.6
2022-11-01 01:48,0,+13.3,+10.9,+9.5,+7.6,+8.2,+8.2,+8.0,+8.3,+8.6
2022-11-01 02:48,0,+13.3,+10.9,+9.5,+7.5,+8.2,+8.2,+8.0,+8.3,+8.6
2022-11-01 03:48,0,+13.4,+10.9,+9.5,+7.3,+8.1,+8.2,+8.0,+8.3,+8.6
2022-11-01 04:48,0,+13.4,+10.9,+9.5,+7.2,+8.0,+8.1,+8.0,+8.3,+8.6
2022-11-01 05:48,0,+13.4,+10.9,+9.5,+7.0,+8.0,+8.1,+8.0,+8.3,+8.6
2022-11-01 06:48,0,+13.4,+10.8,+9.5,+6.8,+7.8,+8.1,+8.0,+8.3,+8.6
2022-11-01 07:48,0,+13.5,+10.8,+9.5,+6.6,+7.7,+8.0,+7.8,+8.3,+8.6
2022-11-01 08:48,0,+13.5,+10.8,+9.5,+6.5,+7.7,+8.0,+7.8,+8.3,+8.6
2022-11-01 09:48,0,+13.5,+10.8,+9.5,+6.5,+7.5,+7.8,+7.8,+8.3,+8.6
2022-11-01 10:48,0,+13.5,+10.8,+9.5,+6.7,+7.5,+7.8,+7.8,+8.3,+8.6
2022-11-01 11:48,0,+13.4,+10.8,+9.5,+7.0,+7.5,+7.7,+7.8,+8.3,+8.6
2022-11-01 12:48,0,+13.5,+10.8,+9.5,+7.5,+7.6,+7.7,+7.7,+8.2,+8.6
2022-11-01 13:48,0,+13.4,+10.9,+9.5,+8.0,+7.8,+7.7,+7.7,+8.2,+8.5
2022-11-01 14:48,0,+13.4,+10.9,+9.5,+8.5,+8.0,+7.8,+7.7,+8.2,+8.5
2022-11-01 15:48,0,+13.4,+10.9,+9.5,+8.8,+8.2,+7.8,+7.7,+8.2,+8.5
2022-11-01 16:48,0,+13.4,+10.9,+9.5,+9.1,+8.5,+8.0,+7.7,+8.2,+8.6
2022-11-01 17:48,0,+13.4,+10.9,+9.5,+9.1,+8.6,+8.1,+7.8,+8.2,+8.5
2022-11-01 18:48,0,+13.4,+10.9,+9.5,+9.0,+8.7,+8.2,+7.7,+8.2,+8.5
2022-11-01 19:48,0,+13.4,+10.9,+9.5,+8.8,+8.8,+8.3,+7.8,+8.2,+8.5
2022-11-01 20:48,0,+13.4,+10.9,+9.5,+8.7,+8.8,+8.3,+8.0,+8.2,+8.6
2022-11-01 21:48,0,+13.5,+10.9,+9.6,+8.7,+8.7,+8.3,+8.0,+8.3,+8.5
2022-11-01 22:48,0,+13.4,+10.9,+9.5,+8.6,+8.8,+8.5,+8.0,+8.3,+8.6
2022-11-01 23:48,0,+13.4,+10.9,+9.5,+8.5,+8.7,+8.5,+8.1,+8.3,+8.6
2022-11-02 00:48,0,+13.4,+10.9,+9.5,+8.3,+8.7,+8.5,+8.1,+8.3,+8.6
2022-11-02 01:48,0,+13.4,+10.9,+9.5,+8.2,+8.7,+8.5,+8.1,+8.3,+8.6
2022-11-02 02:48,0,+13.4,+10.9,+9.5,+8.2,+8.6,+8.5,+8.1,+8.3,+8.6
2022-11-02 03:48,0,+13.3,+10.9,+9.5,+8.0,+8.6,+8.5,+8.1,+8.3,+8.6
2022-11-02 04:48,0,+13.4,+10.9,+9.5,+8.0,+8.6,+8.5,+8.1,+8.3,+8.6
2022-11-02 05:48,0,+13.4,+10.9,+9.5,+7.8,+8.5,+8.3,+8.1,+8.5,+8.7
2022-11-02 06:48,0,+13.4,+10.9,+9.5,+7.8,+8.5,+8.3,+8.1,+8.5,+8.7
2022-11-02 07:48,0,+13.4,+10.9,+9.5,+7.8,+8.5,+8.3,+8.1,+8.3,+8.6
2022-11-02 08:48,0,+13.4,+10.9,+9.5,+7.8,+8.3,+8.3,+8.1,+8.5,+8.6
2022-11-02 09:48,0,+13.4,+10.9,+9.5,+8.0,+8.3,+8.3,+8.1,+8.5,+8.7
2022-11-02 10:48,0,+13.4,+10.9,+9.5,+8.2,+8.5,+8.3,+8.1,+8.5,+8.7
2022-11-02 11:48,0,+13.4,+10.9,+9.5,+8.7,+8.5,+8.3,+8.1,+8.5,+8.7
2022-11-02 12:48,0,+13.4,+10.9,+9.5,+9.1,+8.6,+8.3,+8.1,+8.5,+8.7
2022-11-02 13:48,0,+13.4,+10.9,+9.6,+9.6,+8.8,+8.3,+8.1,+8.5,+8.7
2022-11-02 14:48,0,+13.4,+11.0,+9.6,+10.0,+9.1,+8.5,+8.1,+8.5,+8.7
2022-11-02 15:48,0,+13.4,+11.0,+9.6,+10.2,+9.3,+8.6,+8.2,+8.5,+8.7
2022-11-02 16:48,0,+13.3,+11.0,+9.6,+10.3,+9.5,+8.7,+8.2,+8.5,+8.7
2022-11-02 17:48,0,+13.3,+11.0,+9.6,+10.5,+9.7,+8.8,+8.2,+8.5,+8.7
2022-11-02 18:48,0,+13.3,+11.0,+9.6,+10.6,+9.8,+9.0,+8.3,+8.5,+8.7
2022-11-02 19:48,0,+13.3,+11.0,+9.6,+10.6,+9.8,+9.1,+8.3,+8.6,+8.7
2022-11-02 20:48,0,+13.3,+11.0,+9.6,+10.6,+10.0,+9.1,+8.3,+8.6,+8.8
2022-11-02 21:48,0,+13.3,+11.0,+9.6,+10.6,+10.1,+9.2,+8.5,+8.6,+8.8
2022-11-02 22:48,0,+13.3,+11.0,+9.6,+10.6,+10.1,+9.2,+8.5,+8.7,+8.8
2022-11-02 23:48,0,+13.3,+11.0,+9.6,+10.6,+10.1,+9.3,+8.6,+8.7,+8.8
2022-11-03 00:48,0,+13.3,+11.1,+9.6,+10.6,+10.2,+9.5,+8.6,+8.7,+9.0
2022-11-03 01:48,0,+13.3,+11.1,+9.6,+10.6,+10.2,+9.5,+8.7,+8.7,+8.8
2022-11-03 02:48,0,+13.3,+11.1,+9.6,+10.5,+10.2,+9.5,+8.8,+8.8,+9.0
2022-11-03 03:48,0,+13.3,+11.1,+9.6,+10.3,+10.2,+9.6,+8.8,+8.8,+9.0
2022-11-03 04:48,0,+13.3,+11.1,+9.6,+10.3,+10.2,+9.6,+8.8,+9.0,+9.0
2022-11-03 05:48,0,+13.3,+11.1,+9.6,+10.3,+10.2,+9.6,+8.8,+8.8,+9.1
2022-11-03 06:48,0,+13.3,+11.1,+9.6,+10.2,+10.2,+9.6,+8.8,+9.0,+9.1
2022-11-03 07:48,0,+13.3,+11.1,+9.6,+10.1,+10.1,+9.6,+8.8,+9.0,+9.1
2022-11-03 08:48,0,+13.3,+11.1,+9.6,+10.0,+10.1,+9.6,+9.0,+9.0,+9.2
2022-11-03 09:48,0,+13.3,+11.1,+9.6,+10.0,+10.1,+9.6,+9.0,+9.1,+9.2
2022-11-03 10:48,0,+13.3,+11.1,+9.6,+10.0,+10.1,+9.6,+9.0,+9.0,+9.2
2022-11-03 11:48,0,+13.3,+11.1,+9.6,+10.2,+10.1,+9.6,+9.0,+9.1,+9.2
2022-11-03 12:48,0,+13.3,+11.1,+9.6,+10.5,+10.1,+9.6,+9.0,+9.1,+9.2
2022-11-03 13:48,0,+13.3,+11.1,+9.6,+10.6,+10.2,+9.6,+9.0,+9.1,+9.2
2022-11-03 14:48,0,+13.3,+11.1,+9.6,+10.7,+10.3,+9.6,+9.1,+9.1,+9.3
2022-11-03 15:48,0,+13.3,+11.1,+9.6,+10.6,+10.3,+9.7,+9.1,+9.1,+9.2
2022-11-03 16:48,0,+13.3,+11.1,+9.6,+10.3,+10.3,+9.7,+9.1,+9.1,+9.3
2022-11-03 17:48,0,+13.3,+11.1,+9.6,+10.0,+10.3,+9.7,+9.1,+9.2,+9.3
2022-11-03 18:48,0,+13.3,+11.1,+9.6,+9.7,+10.2,+9.7,+9.2,+9.2,+9.3
2022-11-03 19:48,0,+13.4,+11.1,+9.6,+9.3,+10.1,+9.7,+9.2,+9.2,+9.3
2022-11-03 20:48,0,+13.4,+11.1,+9.6,+9.1,+10.0,+9.7,+9.1,+9.2,+9.3
2022-11-03 21:48,0,+13.4,+11.1,+9.6,+8.8,+9.7,+9.6,+9.1,+9.2,+9.3
2022-11-03 22:48,0,+13.4,+11.1,+9.6,+8.6,+9.6,+9.5,+9.2,+9.2,+9.5
2022-11-03 23:48,0,+13.4,+11.0,+9.6,+8.3,+9.3,+9.5,+9.1,+9.2,+9.5
2022-11-04 00:48,0,+13.4,+11.0,+9.5,+8.1,+9.2,+9.3,+9.0,+9.2,+9.3
2022-11-04 01:48,0,+13.4,+11.0,+9.5,+7.8,+9.1,+9.2,+9.0,+9.2,+9.3
2022-11-04 02:48,0,+13.4,+11.0,+9.5,+7.6,+8.8,+9.2,+9.0,+9.2,+9.3
2022-11-04 03:48,0,+13.5,+11.0,+9.5,+7.5,+8.7,+9.1,+8.8,+9.2,+9.3
2022-11-04 04:48,0,+13.5,+11.0,+9.5,+7.2,+8.6,+9.0,+8.8,+9.2,+9.3
2022-11-04 05:48,0,+13.5,+11.0,+9.5,+7.0,+8.5,+8.8,+8.8,+9.1,+9.3
2022-11-04 06:48,0,+13.5,+11.0,+9.5,+6.8,+8.3,+8.8,+8.7,+9.1,+9.3
2022-11-04 07:48,0,+13.5,+11.0,+9.5,+6.6,+8.1,+8.6,+8.7,+9.1,+9.3
2022-11-04 08:48,0,+13.5,+10.9,+9.5,+6.5,+8.0,+8.5,+8.6,+9.1,+9.3
2022-11-04 09:48,0,+13.5,+10.9,+9.4,+6.2,+7.8,+8.5,+8.6,+9.0,+9.3
2022-11-04 10:48,0,+13.5,+10.9,+9.4,+6.2,+7.7,+8.3,+8.6,+9.0,+9.2
2022-11-04 11:48,0,+13.6,+10.9,+9.4,+6.1,+7.6,+8.2,+8.5,+9.0,+9.2
2022-11-04 12:48,0,+13.6,+10.9,+9.4,+6.1,+7.5,+8.2,+8.3,+8.8,+9.1
2022-11-04 13:48,0,+13.6,+10.9,+9.4,+6.1,+7.5,+8.1,+8.3,+8.8,+9.2
2022-11-04 14:48,0,+13.6,+10.9,+9.4,+6.2,+7.3,+8.0,+8.2,+8.8,+9.1
2022-11-04 15:48,0,+13.6,+10.9,+9.4,+6.3,+7.3,+8.0,+8.2,+8.7,+9.1
2022-11-04 16:48,0,+13.6,+10.9,+9.4,+6.5,+7.3,+7.8,+8.1,+8.7,+9.0
2022-11-04 17:48,0,+13.6,+10.9,+9.4,+6.3,+7.5,+7.8,+8.1,+8.7,+9.0
2022-11-04 18:48,0,+13.7,+10.9,+9.4,+6.1,+7.3,+7.8,+8.0,+8.6,+9.0
2022-11-04 19:48,0,+13.7,+10.9,+9.4,+5.8,+7.3,+7.8,+8.0,+8.6,+8.8
2022-11-04 20:48,0,+13.7,+10.9,+9.4,+5.6,+7.2,+7.7,+8.0,+8.6,+8.8
2022-11-04 21:48,0,+13.7,+10.9,+9.4,+5.5,+7.1,+7.7,+8.0,+8.6,+8.8
2022-11-04 22:48,0,+13.7,+10.9,+9.4,+5.3,+6.8,+7.6,+7.8,+8.5,+8.8
2022-11-04 23:48,0,+13.7,+10.9,+9.4,+5.1,+6.8,+7.5,+7.8,+8.5,+8.8
2022-11-05 00:48,0,+13.7,+10.9,+9.4,+5.0,+6.7,+7.5,+7.8,+8.5,+8.8
2022-11-05 01:48,0,+13.8,+10.9,+9.4,+4.8,+6.6,+7.3,+7.7,+8.3,+8.7
2022-11-05 02:48,0,+13.8,+10.9,+9.4,+4.7,+6.5,+7.2,+7.7,+8.3,+8.7
2022-11-05 03:48,0,+13.8,+10.8,+9.4,+4.5,+6.3,+7.2,+7.6,+8.3,+8.7
2022-11-05 04:48,0,+13.8,+10.8,+9.4,+4.3,+6.2,+7.1,+7.5,+8.3,+8.7
2022-11-05 05:48,0,+13.9,+10.8,+9.4,+4.2,+6.1,+7.1,+7.5,+8.2,+8.6
2022-11-05 06:48,0,+13.9,+10.8,+9.4,+4.1,+6.0,+6.8,+7.5,+8.2,+8.6
2022-11-05 07:48,0,+13.9,+10.8,+9.4,+4.0,+5.8,+6.8,+7.3,+8.2,+8.6
2022-11-05 08:48,0,+13.9,+10.8,+9.4,+3.8,+5.7,+6.7,+7.2,+8.1,+8.6
2022-11-05 09:48,0,+13.9,+10.8,+9.4,+3.8,+5.6,+6.6,+7.2,+8.1,+8.5
2022-11-05 10:48,0,+13.9,+10.8,+9.4,+3.8,+5.6,+6.6,+7.1,+8.0,+8.3
2022-11-05 11:48,0,+14.0,+10.8,+9.4,+4.0,+5.5,+6.5,+7.1,+8.0,+8.3
2022-11-05 12:48,0,+14.0,+10.9,+9.4,+4.1,+5.5,+6.5,+7.1,+8.0,+8.3
2022-11-05 13:48,0,+14.0,+10.9,+9.4,+4.3,+5.6,+6.3,+7.0,+7.8,+8.3
2022-11-05 14:48,0,+14.0,+10.9,+9.4,+4.5,+5.6,+6.3,+6.8,+7.8,+8.2
2022-11-05 15:48,0,+14.0,+10.9,+9.4,+4.7,+5.7,+6.3,+6.8,+7.8,+8.2
2022-11-05 16:48,0,+14.0,+10.9,+9.5,+4.8,+5.7,+6.3,+6.8,+7.7,+8.2
2022-11-05 17:48,0,+14.0,+10.9,+9.5,+5.0,+5.8,+6.3,+6.8,+7.7,+8.1
2022-11-05 18:48,0,+14.0,+10.9,+9.5,+4.8,+5.8,+6.3,+6.8,+7.7,+8.1
2022-11-05 19:48,0,+14.1,+10.9,+9.5,+4.8,+5.8,+6.3,+6.7,+7.6,+8.1
2022-11-05 20:48,0,+14.1,+10.9,+9.5,+4.7,+5.8,+6.3,+6.7,+7.6,+8.1
2022-11-05 21:48,0,+14.1,+10.9,+9.5,+4.6,+5.8,+6.3,+6.7,+7.6,+8.0
2022-11-05 22:48,0,+14.1,+10.9,+9.5,+4.5,+5.8,+6.3,+6.8,+7.6,+8.1
2022-11-05 23:48,0,+14.1,+10.9,+9.5,+4.3,+5.7,+6.3,+6.7,+7.6,+8.0
2022-11-06 00:48,0,+14.1,+10.9,+9.5,+4.3,+5.7,+6.3,+6.7,+7.6,+8.0
2022-11-06 01:48,0,+14.1,+10.9,+9.5,+4.3,+5.7,+6.3,+6.7,+7.6,+8.0
2022-11-06 01:48,0,+14.1,+10.9,+9.5,+4.5,+5.7,+6.2,+6.7,+7.5,+8.0
2022-11-06 02:48,0,+14.1,+11.0,+9.5,+4.5,+5.6,+6.2,+6.6,+7.5,+7.8
2022-11-06 03:48,0,+14.1,+11.0,+9.5,+4.6,+5.7,+6.2,+6.7,+7.5,+7.8
2022-11-06 04:48,0,+14.1,+11.0,+9.6,+4.6,+5.6,+6.2,+6.6,+7.3,+7.8
2022-11-06 05:48,0,+14.2,+11.0,+9.6,+4.6,+5.7,+6.2,+6.6,+7.5,+7.8
2022-11-06 06:48,0,+14.2,+11.0,+9.6,+4.6,+5.7,+6.2,+6.6,+7.3,+7.8
2022-11-06 07:48,0,+14.2,+11.0,+9.6,+4.6,+5.7,+6.2,+6.6,+7.3,+7.8
2022-11-06 08:48,0,+14.2,+11.0,+9.6,+4.7,+5.7,+6.2,+6.6,+7.3,+7.8
2022-11-06 09:48,0,+14.2,+11.0,+9.6,+4.7,+5.7,+6.2,+6.6,+7.3,+7.7
2022-11-06 10:48,0,+14.2,+11.0,+9.6,+4.7,+5.7,+6.2,+6.6,+7.3,+7.7
2022-11-06 11:48,0,+14.2,+11.0,+9.6,+4.6,+5.7,+6.2,+6.5,+7.3,+7.7
2022-11-06 12:48,0,+14.2,+11.0,+9.6,+4.5,+5.7,+6.2,+6.5,+7.2,+7.7
2022-11-06 13:48,0,+14.2,+11.0,+9.6,+4.3,+5.6,+6.1,+6.5,+7.3,+7.7
2022-11-06 14:48,0,+14.3,+11.0,+9.6,+4.2,+5.6,+6.1,+6.5,+7.3,+7.7
2022-11-06 15:48,0,+14.3,+11.0,+9.6,+4.1,+5.5,+6.1,+6.5,+7.2,+7.7
2022-11-06 16:48,0,+14.3,+11.0,+9.6,+3.8,+5.5,+6.1,+6.5,+7.2,+7.7
2022-11-06 17:48,0,+14.3,+11.0,+9.6,+3.7,+5.2,+6.0,+6.5,+7.2,+7.7
2022-11-06 18:48,0,+14.3,+11.0,+9.6,+3.6,+5.2,+6.0,+6.3,+7.2,+7.6
2022-11-06 19:48,0,+14.3,+11.0,+9.6,+3.3,+5.1,+5.8,+6.3,+7.2,+7.6
2022-11-06 20:48,0,+14.3,+11.0,+9.6,+3.3,+5.0,+5.8,+6.3,+7.2,+7.6
2022-11-06 21:48,0,+14.3,+11.0,+9.6,+3.2,+5.0,+5.7,+6.2,+7.1,+7.6
2022-11-06 22:48,0,+14.3,+11.0,+9.6,+3.1,+4.8,+5.7,+6.2,+7.1,+7.6
2022-11-06 23:48,0,+14.3,+11.0,+9.6,+3.0,+4.7,+5.6,+6.2,+7.1,+7.5
2022-11-07 00:48,0,+14.3,+11.0,+9.6,+3.0,+4.7,+5.6,+6.1,+7.1,+7.5
2022-11-07 01:48,0,+14.3,+11.0,+9.6,+3.0,+4.6,+5.5,+6.1,+7.0,+7.5
2022-11-07 02:48,0,+14.3,+11.0,+9.6,+2.8,+4.5,+5.5,+6.1,+7.0,+7.5
2022-11-07 03:48,0,+14.3,+11.0,+9.6,+2.8,+4.5,+5.3,+6.0,+7.0,+7.5
2022-11-07 04:48,0,+14.3,+11.0,+9.6,+2.8,+4.5,+5.3,+6.0,+7.0,+7.3
2022-11-07 05:48,0,+14.3,+11.0,+9.6,+2.8,+4.5,+5.3,+6.0,+7.0,+7.3
2022-11-07 06:48,0,+14.4,+11.0,+9.6,+2.8,+4.3,+5.3,+5.8,+6.8,+7.3
2022-11-07 07:48,0,+14.4,+11.1,+9.6,+3.0,+4.3,+5.2,+5.8,+6.8,+7.3
2022-11-07 08:48,0,+14.4,+11.1,+9.7,+3.0,+4.3,+5.2,+5.8,+6.8,+7.2
2022-11-07 09:48,0,+14.4,+11.1,+9.7,+3.1,+4.3,+5.2,+5.8,+6.7,+7.2
2022-11-07 10:48,0,+14.4,+11.1,+9.7,+3.1,+4.3,+5.1,+5.7,+6.7,+7.2
2022-11-07 11:48,0,+14.4,+11.1,+9.7,+3.2,+4.3,+5.1,+5.7,+6.6,+7.2
2022-11-07 12:48,0,+14.4,+11.1,+9.7,+3.3,+4.5,+5.1,+5.7,+6.7,+7.1
2022-11-07 13:48,0,+14.4,+11.1,+9.7,+3.5,+4.5,+5.1,+5.7,+6.6,+7.1
2022-11-07 14:48,0,+14.5,+11.1,+9.7,+3.6,+4.6,+5.1,+5.6,+6.6,+7.1
2022-11-07 15:48,0,+14.4,+11.1,+9.7,+3.6,+4.6,+5.1,+5.6,+6.6,+7.1
2022-11-07 16:48,0,+14.4,+11.1,+9.7,+3.6,+4.6,+5.2,+5.6,+6.6,+7.1
2022-11-07 17:48,0,+14.5,+11.1,+9.7,+3.6,+4.6,+5.2,+5.6,+6.6,+7.1
2022-11-07 18:48,0,+14.5,+11.2,+9.7,+3.5,+4.6,+5.2,+5.6,+6.6,+7.1
2022-11-07 19:48,0,+14.5,+11.2,+9.7,+3.5,+4.6,+5.2,+5.7,+6.6,+7.0
2022-11-07 20:48,0,+14.5,+11.2,+9.7,+3.5,+4.6,+5.2,+5.6,+6.5,+7.0
2022-11-07 21:48,0,+14.5,+11.2,+9.7,+3.3,+4.6,+5.2,+5.6,+6.5,+7.0
2022-11-07 22:48,0,+14.5,+11.2,+9.7,+3.5,+4.6,+5.2,+5.6,+6.5,+7.0
2022-11-07 23:48,0,+14.5,+11.2,+9.7,+3.5,+4.6,+5.2,+5.6,+6.5,+7.0
2022-11-08 00:48,0,+14.5,+11.2,+9.8,+3.5,+4.6,+5.1,+5.6,+6.5,+7.0
2022-11-08 01:48,0,+14.5,+11.2,+9.8,+3.5,+4.6,+5.1,+5.6,+6.5,+7.0
2022-11-08 02:48,0,+14.5,+11.2,+9.8,+3.5,+4.6,+5.1,+5.6,+6.5,+7.0
2022-11-08 03:48,0,+14.5,+11.2,+9.8,+3.5,+4.6,+5.1,+5.6,+6.5,+6.8
2022-11-08 04:48,0,+14.5,+11.2,+9.8,+3.6,+4.6,+5.1,+5.6,+6.5,+6.8
2022-11-08 05:48,0,+14.6,+11.2,+9.8,+3.6,+4.6,+5.1,+5.6,+6.3,+6.8
2022-11-08 06:48,0,+14.6,+11.2,+9.8,+3.6,+4.6,+5.1,+5.6,+6.5,+6.8
2022-11-08 07:48,0,+14.6,+11.2,+9.8,+3.6,+4.6,+5.1,+5.6,+6.5,+6.8
2022-11-08 08:48,0,+14.6,+11.2,+9.8,+3.6,+4.7,+5.1,+5.6,+6.3,+6.8
2022-11-08 09:48,0,+14.6,+11.2,+9.8,+3.7,+4.7,+5.1,+5.6,+6.3,+6.8
2022-11-08 10:48,0,+14.6,+11.3,+9.8,+3.7,+4.6,+5.2,+5.5,+6.3,+6.8
2022-11-08 11:48,0,+14.6,+11.3,+9.8,+3.8,+4.7,+5.2,+5.6,+6.3,+6.8
2022-11-08 12:48,0,+14.6,+11.3,+9.8,+4.0,+4.7,+5.2,+5.6,+6.3,+6.8
2022-11-08 13:48,0,+14.6,+11.3,+9.8,+4.1,+4.7,+5.2,+5.5,+6.3,+6.8
2022-11-08 14:48,0,+14.6,+11.3,+9.9,+4.1,+4.8,+5.2,+5.5,+6.3,+6.8
2022-11-08 15:48,0,+14.6,+11.3,+9.9,+4.1,+4.8,+5.2,+5.6,+6.3,+6.7
2022-11-08 16:48,0,+14.6,+11.3,+9.9,+4.2,+5.0,+5.2,+5.5,+6.3,+6.8
2022-11-08 17:48,0,+14.7,+11.3,+9.9,+4.2,+5.0,+5.3,+5.6,+6.3,+6.7
2022-11-08 18:48,0,+14.7,+11.3,+9.9,+4.2,+5.0,+5.3,+5.5,+6.3,+6.8
2022-11-08 19:48,0,+14.7,+11.4,+9.9,+4.3,+5.1,+5.3,+5.6,+6.3,+6.7
2022-11-08 20:48,0,+14.7,+11.4,+9.9,+4.5,+5.1,+5.3,+5.6,+6.3,+6.7
2022-11-08 21:48,0,+14.7,+11.4,+9.9,+4.5,+5.1,+5.3,+5.6,+6.3,+6.8
2022-11-08 22:48,0,+14.6,+11.4,+9.9,+4.6,+5.2,+5.3,+5.6,+6.3,+6.7
2022-11-08 23:48,0,+14.6,+11.4,+9.9,+4.6,+5.2,+5.3,+5.6,+6.3,+6.8
2022-11-09 00:48,0,+14.7,+11.4,+9.9,+4.7,+5.2,+5.5,+5.6,+6.3,+6.7
2022-11-09 01:48,0,+14.7,+11.4,+9.9,+4.7,+5.3,+5.5,+5.6,+6.3,+6.7
2022-11-09 02:48,0,+14.7,+11.4,+9.9,+4.8,+5.3,+5.5,+5.7,+6.3,+6.8
2022-11-09 03:48,0,+14.8,+11.4,+9.9,+5.0,+5.5,+5.5,+5.7,+6.3,+6.8
2022-11-09 04:48,0,+14.8,+11.4,+9.9,+5.0,+5.5,+5.6,+5.7,+6.3,+6.7
2022-11-09 05:48,0,+14.7,+11.4,+9.9,+5.1,+5.5,+5.6,+5.7,+6.5,+6.7
2022-11-09 06:48,0,+14.8,+11.5,+9.9,+5.1,+5.6,+5.6,+5.8,+6.5,+6.8
2022-11-09 07:48,0,+14.8,+11.5,+9.9,+5.2,+5.6,+5.7,+5.8,+6.3,+6.8
2022-11-09 08:48,0,+14.8,+11.5,+10.0,+5.2,+5.7,+5.7,+5.7,+6.5,+6.8
2022-11-09 09:48,0,+14.8,+11.5,+10.0,+5.3,+5.7,+5.7,+5.8,+6.3,+6.8
2022-11-09 10:48,0,+14.8,+11.5,+10.0,+5.3,+5.7,+5.8,+5.7,+6.5,+6.8
2022-11-09 11:48,0,+14.8,+11.5,+10.0,+5.5,+5.8,+5.8,+5.8,+6.5,+6.8
2022-11-09 12:48,0,+16.4,+11.5,+10.0,+5.5,+6.0,+5.8,+5.8,+6.5,+6.8
2022-11-09 13:48,0,+16.2,+11.6,+10.0,+5.6,+6.0,+6.0,+5.8,+6.5,+6.8
2022-11-09 14:48,0,+16.1,+11.6,+10.0,+5.6,+6.0,+6.0,+6.0,+6.5,+6.8
2022-11-09 15:48,0,+16.0,+11.6,+10.0,+5.6,+6.0,+6.0,+5.8,+6.5,+7.0
2022-11-09 16:48,0,+15.9,+11.7,+10.0,+5.6,+6.0,+6.0,+6.0,+6.5,+7.0
2022-11-09 17:48,0,+15.8,+11.7,+10.0,+5.6,+6.1,+6.1,+6.0,+6.5,+7.0
2022-11-09 18:48,0,+15.7,+11.7,+10.0,+5.5,+6.1,+6.1,+6.0,+6.6,+6.8
2022-11-09 19:48,0,+15.7,+11.7,+10.0,+5.3,+6.0,+6.1,+6.0,+6.6,+6.8
2022-11-09 20:48,0,+15.7,+11.8,+10.0,+5.3,+6.0,+6.1,+6.1,+6.6,+7.0
2022-11-09 21:48,0,+15.6,+11.8,+10.0,+5.2,+6.0,+6.1,+6.1,+6.6,+7.0
2022-11-09 22:48,0,+15.6,+11.8,+10.0,+5.1,+6.0,+6.1,+6.1,+6.6,+7.0
2022-11-09 23:48,0,+15.6,+11.8,+10.1,+5.0,+5.8,+6.1,+6.1,+6.6,+7.0
2022-11-10 00:48,0,+15.5,+11.8,+10.1,+5.0,+5.8,+6.0,+6.1,+6.6,+7.0
2022-11-10 01:48,0,+15.5,+11.8,+10.1,+4.8,+5.7,+6.1,+6.1,+6.6,+7.0
2022-11-10 02:48,0,+15.6,+11.8,+10.1,+4.7,+5.7,+6.0,+6.1,+6.6,+7.0
2022-11-10 03:48,0,+15.7,+11.8,+10.1,+4.7,+5.6,+6.0,+6.1,+6.6,+7.0
2022-11-10 04:48,0,+15.8,+11.8,+10.1,+4.6,+5.6,+6.0,+6.1,+6.6,+7.0
2022-11-10 05:48,0,+16.8,+11.9,+10.1,+4.5,+5.6,+6.0,+6.1,+6.6,+7.0
2022-11-10 06:48,0,+17.9,+11.9,+10.1,+4.3,+5.5,+5.8,+6.0,+6.6,+7.0
2022-11-10 07:48,0,+17.8,+11.9,+10.1,+4.2,+5.3,+5.8,+6.0,+6.6,+7.0
2022-11-10 08:48,0,+18.7,+12.0,+10.1,+4.1,+5.3,+5.7,+6.0,+6.6,+7.0
2022-11-10 09:48,0,+19.3,+12.1,+10.1,+4.0,+5.2,+5.7,+6.0,+6.6,+7.0
2022-11-10 10:48,0,+19.4,+12.2,+10.1,+4.0,+5.1,+5.6,+6.0,+6.6,+7.0
2022-11-10 11:48,0,+18.9,+12.4,+10.1,+3.8,+5.1,+5.6,+5.8,+6.6,+7.0
2022-11-10 12:48,0,+18.5,+12.5,+10.2,+3.8,+5.1,+5.6,+5.8,+6.6,+7.0
2022-11-10 13:48,0,+18.3,+12.5,+10.2,+4.0,+5.0,+5.5,+5.8,+6.5,+7.0
2022-11-10 14:48,0,+18.2,+12.6,+10.2,+4.0,+5.0,+5.5,+5.8,+6.6,+7.0
2022-11-10 15:48,0,+18.3,+12.7,+10.3,+3.8,+5.0,+5.5,+5.7,+6.5,+7.0
2022-11-10 16:48,0,+18.6,+12.8,+10.3,+3.8,+5.0,+5.5,+5.7,+6.5,+6.8
2022-11-10 17:48,0,+18.6,+12.9,+10.3,+3.7,+4.8,+5.3,+5.7,+6.5,+6.8
2022-11-10 18:48,0,+18.5,+13.0,+10.4,+3.7,+4.8,+5.3,+5.7,+6.3,+6.8
2022-11-10 19:48,0,+18.5,+13.0,+10.4,+3.7,+4.8,+5.3,+5.6,+6.5,+6.7
2022-11-10 20:48,0,+18.6,+13.1,+10.5,+3.6,+4.7,+5.2,+5.6,+6.3,+6.7
2022-11-10 21:48,0,+18.6,+13.2,+10.5,+3.6,+4.7,+5.2,+5.6,+6.3,+6.8
2022-11-10 22:48,0,+18.5,+13.3,+10.6,+3.5,+4.7,+5.2,+5.6,+6.3,+6.7
2022-11-10 23:48,0,+18.3,+13.3,+10.6,+3.3,+4.7,+5.2,+5.6,+6.3,+6.7
2022-11-11 00:48,0,+18.2,+13.3,+10.7,+3.2,+4.6,+5.1,+5.5,+6.2,+6.7
2022-11-11 01:48,0,+18.1,+13.3,+10.7,+3.1,+4.5,+5.1,+5.5,+6.2,+6.7
2022-11-11 02:48,0,+17.9,+13.3,+10.8,+3.1,+4.3,+5.1,+5.5,+6.2,+6.6
2022-11-11 03:48,0,+17.8,+13.4,+10.9,+3.0,+4.3,+5.1,+5.3,+6.2,+6.6
2022-11-11 04:48,0,+17.7,+13.4,+10.9,+2.8,+4.3,+5.0,+5.3,+6.2,+6.6
2022-11-11 05:48,0,+17.6,+13.4,+11.0,+2.7,+4.2,+4.8,+5.3,+6.2,+6.6
2022-11-11 06:48,0,+17.6,+13.4,+11.0,+2.7,+4.1,+4.8,+5.3,+6.1,+6.6
2022-11-11 07:48,0,+17.5,+13.5,+11.0,+2.6,+4.1,+4.8,+5.2,+6.1,+6.6
2022-11-11 08:48,0,+17.4,+13.4,+11.1,+2.6,+4.1,+4.7,+5.2,+6.1,+6.6
2022-11-11 09:48,0,+17.4,+13.3,+11.1,+2.6,+4.0,+4.7,+5.2,+6.1,+6.5
2022-11-11 10:48,0,+17.4,+13.3,+11.1,+2.6,+4.0,+4.7,+5.2,+6.1,+6.5
2022-11-11 11:48,0,+17.3,+13.3,+11.2,+2.6,+4.0,+4.6,+5.2,+6.0,+6.5
2022-11-11 12:48,0,+17.3,+13.3,+11.2,+2.7,+4.0,+4.6,+5.1,+6.0,+6.5
2022-11-11 13:48,0,+17.3,+13.3,+11.2,+2.6,+3.8,+4.6,+5.1,+6.0,+6.3
2022-11-11 14:48,0,+17.3,+13.3,+11.2,+2.6,+3.8,+4.5,+5.1,+6.0,+6.3
2022-11-11 15:48,0,+17.2,+13.3,+11.3,+2.5,+3.7,+4.6,+5.0,+5.8,+6.3
2022-11-11 16:48,0,+17.2,+13.3,+11.3,+2.5,+3.8,+4.5,+5.0,+5.8,+6.3
2022-11-11 17:48,0,+17.1,+13.3,+11.3,+2.5,+3.7,+4.5,+5.0,+5.8,+6.3
2022-11-11 18:48,0,+17.1,+13.2,+11.3,+2.5,+3.7,+4.5,+5.0,+5.8,+6.3
2022-11-11 19:48,0,+17.1,+13.2,+11.3,+2.3,+3.7,+4.3,+4.8,+5.8,+6.2
2022-11-11 20:48,0,+17.1,+13.2,+11.4,+2.3,+3.7,+4.5,+5.0,+5.8,+6.2
2022-11-11 21:48,0,+17.1,+13.3,+11.4,+2.3,+3.7,+4.3,+4.8,+5.8,+6.2
2022-11-11 22:48,0,+17.0,+13.2,+11.4,+2.3,+3.6,+4.3,+4.8,+5.7,+6.2
2022-11-11 23:48,0,+17.0,+13.2,+11.5,+2.3,+3.6,+4.3,+4.8,+5.7,+6.2
2022-11-12 00:48,0,+17.0,+13.2,+11.4,+2.2,+3.6,+4.2,+4.8,+5.7,+6.2
2022-11-12 01:48,0,+17.0,+13.2,+11.5,+2.3,+3.6,+4.2,+4.7,+5.7,+6.2
2022-11-12 02:48,0,+17.0,+13.2,+11.5,+2.2,+3.6,+4.2,+4.7,+5.7,+6.1
2022-11-12 03:48,0,+17.0,+13.2,+11.5,+2.2,+3.5,+4.2,+4.8,+5.7,+6.1
2022-11-12 04:48,0,+17.0,+13.2,+11.5,+2.1,+3.5,+4.2,+4.7,+5.6,+6.1
2022-11-12 05:48,0,+16.9,+13.2,+11.5,+2.1,+3.5,+4.2,+4.7,+5.6,+6.1
2022-11-12 06:48,0,+16.9,+13.2,+11.5,+2.0,+3.3,+4.1,+4.7,+5.6,+6.1
2022-11-12 07:48,0,+16.9,+13.2,+11.5,+2.0,+3.3,+4.1,+4.7,+5.5,+6.1
2022-11-12 08:48,0,+16.9,+13.2,+11.5,+1.8,+3.3,+4.1,+4.6,+5.6,+6.1
2022-11-12 09:48,0,+16.9,+13.2,+11.5,+1.8,+3.3,+4.1,+4.6,+5.5,+6.0
2022-11-12 10:48,0,+16.9,+13.2,+11.5,+1.8,+3.2,+4.1,+4.6,+5.5,+6.0
2022-11-12 11:48,0,+16.8,+13.2,+11.5,+1.7,+3.2,+4.0,+4.6,+5.5,+6.0
2022-11-12 12:48,0,+16.8,+13.2,+11.5,+1.8,+3.2,+3.8,+4.5,+5.5,+6.0
2022-11-12 13:48,0,+16.8,+13.2,+11.5,+1.7,+3.1,+3.8,+4.5,+5.5,+6.0
2022-11-12 14:48,0,+16.8,+13.2,+11.6,+1.7,+3.1,+3.8,+4.5,+5.5,+6.0
2022-11-12 15:48,0,+16.8,+13.2,+11.6,+1.7,+3.1,+3.8,+4.5,+5.3,+5.8
2022-11-12 16:48,0,+16.8,+13.2,+11.6,+1.7,+3.1,+3.8,+4.3,+5.3,+5.8
2022-11-12 17:48,0,+16.8,+13.2,+11.6,+1.7,+3.1,+3.7,+4.3,+5.3,+5.8
2022-11-12 18:48,0,+16.8,+13.2,+11.6,+1.6,+3.0,+3.8,+4.3,+5.3,+5.8
2022-11-12 19:48,0,+16.8,+13.2,+11.6,+1.6,+3.0,+3.7,+4.3,+5.3,+5.8
2022-11-12 20:48,0,+16.8,+13.2,+11.6,+1.5,+3.0,+3.7,+4.3,+5.3,+5.7
2022-11-12 21:48,0,+16.8,+13.2,+11.6,+1.5,+3.0,+3.7,+4.3,+5.2,+5.7
2022-11-12 22:48,0,+16.8,+13.2,+11.6,+1.5,+2.8,+3.7,+4.2,+5.2,+5.8
2022-11-12 23:48,0,+16.8,+13.2,+11.6,+1.3,+2.8,+3.6,+4.2,+5.2,+5.7
2022-11-13 00:48,0,+16.8,+13.2,+11.7,+1.3,+2.8,+3.6,+4.2,+5.2,+5.7
2022-11-13 01:48,0,+16.8,+13.2,+11.7,+1.3,+2.7,+3.6,+4.2,+5.2,+5.7
2022-11-13 02:48,0,+16.8,+13.2,+11.7,+1.2,+2.7,+3.6,+4.2,+5.2,+5.6
2022-11-13 03:48,0,+16.8,+13.2,+11.7,+1.2,+2.7,+3.5,+4.2,+5.1,+5.7
2022-11-13 04:48,0,+16.8,+13.2,+11.7,+1.2,+2.7,+3.5,+4.2,+5.1,+5.6
2022-11-13 05:48,0,+16.8,+13.2,+11.7,+1.2,+2.6,+3.5,+4.1,+5.1,+5.6
2022-11-13 06:48,0,+16.8,+13.2,+11.7,+1.1,+2.7,+3.5,+4.1,+5.1,+5.6
2022-11-13 07:48,0,+16.8,+13.2,+11.7,+1.2,+2.6,+3.5,+4.1,+5.1,+5.6
2022-11-13 08:48,0,+16.8,+13.2,+11.7,+1.1,+2.6,+3.3,+4.1,+5.1,+5.5
2022-11-13 09:48,0,+16.8,+13.2,+11.7,+1.1,+2.6,+3.3,+4.1,+5.0,+5.6
2022-11-13 10:48,0,+16.8,+13.2,+11.7,+1.1,+2.6,+3.3,+4.0,+5.0,+5.5
2022-11-13 11:48,0,+16.8,+13.2,+11.7,+1.2,+2.6,+3.3,+4.0,+5.0,+5.5
2022-11-13 12:48,0,+16.8,+13.2,+11.7,+1.1,+2.6,+3.3,+3.8,+5.0,+5.5
2022-11-13 13:48,0,+16.8,+13.2,+11.8,+1.1,+2.5,+3.3,+4.0,+5.0,+5.5
2022-11-13 14:48,0,+16.8,+13.2,+11.8,+1.1,+2.5,+3.3,+4.0,+5.0,+5.5
2022-11-13 15:48,0,+16.8,+13.2,+11.8,+1.1,+2.5,+3.2,+3.8,+5.0,+5.5
2022-11-13 16:48,0,+16.8,+13.2,+11.8,+1.1,+2.5,+3.2,+4.0,+4.8,+5.5
2022-11-13 17:48,0,+16.8,+13.2,+11.8,+1.1,+2.5,+3.2,+3.8,+4.8,+5.3
2022-11-13 18:48,0,+16.8,+13.2,+11.8,+1.1,+2.5,+3.2,+3.8,+4.8,+5.3
2022-11-13 19:48,0,+16.8,+13.2,+11.8,+1.1,+2.5,+3.2,+3.8,+4.8,+5.3
2022-11-13 20:48,0,+16.8,+13.2,+11.8,+1.1,+2.3,+3.2,+3.8,+4.8,+5.3
2022-11-13 21:48,0,+16.7,+13.2,+11.8,+1.1,+2.5,+3.1,+3.8,+4.7,+5.2
2022-11-13 22:48,0,+16.7,+13.2,+11.8,+1.0,+2.3,+3.1,+3.7,+4.7,+5.2
2022-11-13 23:48,0,+16.7,+13.2,+11.8,+1.0,+2.3,+3.1,+3.7,+4.7,+5.2
2022-11-14 00:48,0,+16.7,+13.2,+11.8,+1.0,+2.3,+3.1,+3.7,+4.7,+5.2
2022-11-14 01:48,0,+16.7,+13.2,+11.9,+1.0,+2.3,+3.1,+3.7,+4.7,+5.2
2022-11-14 02:48,0,+16.7,+13.2,+11.9,+1.0,+2.3,+3.1,+3.7,+4.7,+5.2
2022-11-14 03:48,0,+16.7,+13.2,+11.9,+1.0,+2.3,+3.1,+3.7,+4.7,+5.2
2022-11-14 04:48,0,+16.7,+13.2,+11.9,+1.0,+2.3,+3.1,+3.7,+4.7,+5.2
2022-11-14 05:48,0,+16.7,+13.2,+11.9,+1.0,+2.2,+3.1,+3.7,+4.6,+5.2
2022-11-14 06:48,0,+16.7,+13.2,+11.9,+1.0,+2.3,+3.1,+3.7,+4.7,+5.2
2022-11-14 07:48,0,+16.7,+13.2,+11.9,+1.0,+2.3,+3.1,+3.6,+4.6,+5.1
2022-11-14 08:48,0,+16.7,+13.2,+11.9,+1.0,+2.3,+3.1,+3.6,+4.6,+5.2
2022-11-14 09:48,0,+16.7,+13.2,+11.9,+1.0,+2.3,+3.0,+3.7,+4.6,+5.1
2022-11-14 10:48,0,+16.7,+13.2,+11.9,+1.0,+2.2,+3.0,+3.6,+4.6,+5.1
2022-11-14 11:48,0,+16.7,+13.2,+11.9,+1.0,+2.3,+3.0,+3.6,+4.6,+5.1
2022-11-14 12:48,0,+16.8,+13.2,+11.9,+1.0,+2.3,+3.0,+3.6,+4.6,+5.1
2022-11-14 13:48,0,+16.8,+13.2,+11.9,+1.1,+2.3,+3.0,+3.6,+4.6,+5.1
2022-11-14 14:48,0,+16.8,+13.3,+11.9,+1.1,+2.3,+3.0,+3.6,+4.6,+5.1
2022-11-14 15:48,0,+16.8,+13.3,+11.9,+1.1,+2.2,+3.0,+3.6,+4.5,+5.0
2022-11-14 16:48,0,+16.8,+13.3,+12.0,+1.2,+2.3,+3.0,+3.6,+4.5,+5.1
2022-11-14 17:48,0,+16.8,+13.3,+12.0,+1.2,+2.3,+3.0,+3.6,+4.5,+5.0
2022-11-14 18:48,0,+16.8,+13.3,+12.0,+1.2,+2.3,+3.0,+3.6,+4.5,+5.0
2022-11-14 19:48,0,+16.8,+13.3,+12.0,+1.2,+2.3,+3.0,+3.5,+4.5,+5.0
2022-11-14 20:48,0,+16.8,+13.3,+12.0,+1.2,+2.3,+3.0,+3.5,+4.5,+5.0
2022-11-14 21:48,0,+16.8,+13.3,+12.0,+1.3,+2.5,+3.0,+3.5,+4.5,+5.0
2022-11-14 22:48,0,+16.9,+13.3,+12.0,+1.3,+2.3,+3.0,+3.5,+4.5,+5.0
2022-11-14 23:48,0,+16.9,+13.3,+12.0,+1.3,+2.3,+3.0,+3.5,+4.5,+5.0
2022-11-15 00:48,0,+16.9,+13.3,+12.0,+1.3,+2.3,+3.0,+3.5,+4.5,+5.0
2022-11-15 01:48,0,+16.9,+13.3,+12.0,+1.3,+2.3,+3.0,+3.5,+4.3,+4.8
2022-11-15 02:48,0,+16.9,+13.3,+12.0,+1.3,+2.3,+3.0,+3.5,+4.5,+4.8
2022-11-15 03:48,0,+16.9,+13.4,+12.0,+1.3,+2.5,+3.0,+3.5,+4.3,+4.8
2022-11-15 04:48,0,+16.9,+13.4,+12.1,+1.5,+2.5,+3.0,+3.6,+4.3,+5.0
2022-11-15 05:48,0,+16.9,+13.4,+12.1,+1.5,+2.5,+3.0,+3.5,+4.3,+5.0
2022-11-15 06:48,0,+16.9,+13.4,+12.1,+1.5,+2.5,+3.0,+3.5,+4.3,+4.8
2022-11-15 07:48,0,+16.9,+13.4,+12.1,+1.6,+2.5,+3.0,+3.5,+4.3,+4.8
2022-11-15 08:48,0,+16.9,+13.4,+12.1,+1.6,+2.5,+3.1,+3.5,+4.3,+4.8
2022-11-15 09:48,0,+16.9,+13.4,+12.1,+1.6,+2.6,+3.1,+3.5,+4.3,+4.8
2022-11-15 10:48,0,+16.9,+13.4,+12.1,+1.6,+2.5,+3.1,+3.5,+4.3,+4.8
2022-11-15 11:48,0,+16.9,+13.4,+12.1,+1.6,+2.6,+3.1,+3.5,+4.3,+4.8
2022-11-15 12:48,0,+16.9,+13.4,+12.1,+1.6,+2.6,+3.1,+3.6,+4.3,+4.8
2022-11-15 13:48,0,+17.0,+13.4,+12.1,+1.7,+2.6,+3.1,+3.5,+4.3,+4.8
2022-11-15 14:48,0,+17.0,+13.4,+12.1,+1.7,+2.6,+3.1,+3.5,+4.3,+4.8
2022-11-15 15:48,0,+17.0,+13.4,+12.1,+1.7,+2.7,+3.1,+3.5,+4.3,+4.7
2022-11-15 16:48,0,+17.0,+13.4,+12.1,+1.7,+2.6,+3.1,+3.5,+4.3,+4.8
2022-11-15 17:48,0,+17.0,+13.4,+12.1,+1.7,+2.7,+3.1,+3.5,+4.3,+4.8
2022-11-15 18:48,0,+16.9,+13.4,+12.2,+1.8,+2.7,+3.2,+3.6,+4.3,+4.8
2022-11-15 19:48,0,+16.9,+13.4,+12.2,+1.8,+2.7,+3.2,+3.6,+4.3,+4.8
2022-11-15 20:48,0,+16.9,+13.5,+12.2,+1.8,+2.7,+3.2,+3.6,+4.3,+4.8
2022-11-15 21:48,0,+16.9,+13.5,+12.2,+1.8,+2.7,+3.2,+3.6,+4.3,+4.8
2022-11-15 22:48,0,+16.9,+13.5,+12.2,+1.8,+2.7,+3.2,+3.6,+4.3,+4.8
2022-11-15 23:48,0,+16.9,+13.5,+12.2,+1.8,+2.7,+3.2,+3.6,+4.3,+4.8
2022-11-16 00:48,0,+16.9,+13.5,+12.2,+2.0,+2.7,+3.1,+3.6,+4.3,+4.8
2022-11-16 01:48,0,+16.9,+13.5,+12.2,+2.0,+2.8,+3.2,+3.6,+4.3,+4.8
2022-11-16 02:48,0,+16.9,+13.5,+12.2,+1.8,+2.8,+3.2,+3.6,+4.3,+4.8
2022-11-16 03:48,0,+16.9,+13.5,+12.2,+2.0,+2.8,+3.2,+3.6,+4.3,+4.8
2022-11-16 04:48,0,+16.9,+13.5,+12.2,+2.0,+2.8,+3.2,+3.6,+4.3,+4.8
2022-11-16 05:48,0,+16.9,+13.5,+12.3,+2.0,+2.8,+3.2,+3.6,+4.3,+4.8
2022-11-16 06:48,0,+16.9,+13.5,+12.3,+2.0,+2.8,+3.2,+3.6,+4.3,+4.8
2022-11-16 07:48,0,+17.0,+13.5,+12.3,+2.0,+2.8,+3.2,+3.6,+4.3,+4.8
2022-11-16 08:48,0,+17.0,+13.5,+12.3,+2.0,+3.0,+3.2,+3.6,+4.3,+4.8
2022-11-16 09:48,0,+17.0,+13.5,+12.3,+2.0,+2.8,+3.2,+3.6,+4.3,+4.8
2022-11-16 10:48,0,+17.0,+13.6,+12.3,+2.0,+2.8,+3.3,+3.6,+4.3,+4.7
2022-11-16 11:48,0,+17.0,+13.6,+12.3,+2.0,+2.8,+3.2,+3.6,+4.3,+4.8
2022-11-16 12:48,0,+17.0,+13.6,+12.3,+2.1,+3.0,+3.3,+3.6,+4.3,+4.8
2022-11-16 13:48,0,+17.0,+13.6,+12.3,+2.1,+3.0,+3.3,+3.6,+4.3,+4.7
2022-11-16 14:48,0,+16.9,+13.6,+12.3,+2.1,+3.0,+3.3,+3.6,+4.3,+4.8
2022-11-16 15:48,0,+16.9,+13.6,+12.3,+2.1,+2.8,+3.3,+3.6,+4.3,+4.8
2022-11-16 16:48,0,+16.9,+13.6,+12.3,+2.1,+3.0,+3.3,+3.6,+4.3,+4.8
2022-11-16 17:48,0,+16.9,+13.6,+12.3,+2.1,+3.0,+3.3,+3.6,+4.3,+4.8
2022-11-16 18:48,0,+16.9,+13.6,+12.3,+2.1,+3.0,+3.3,+3.6,+4.3,+4.8
2022-11-16 19:48,0,+16.9,+13.6,+12.3,+2.1,+3.0,+3.3,+3.6,+4.3,+4.8
2022-11-16 20:48,0,+16.9,+13.6,+12.4,+2.1,+3.0,+3.3,+3.7,+4.3,+4.8
2022-11-16 21:48,0,+16.9,+13.6,+12.4,+2.1,+3.0,+3.3,+3.6,+4.5,+4.8
2022-11-16 22:48,0,+16.9,+13.6,+12.4,+2.1,+3.0,+3.3,+3.6,+4.3,+4.8
2022-11-16 23:48,0,+16.9,+13.7,+12.4,+2.1,+3.0,+3.3,+3.6,+4.3,+4.8
2022-11-17 00:48,0,+16.9,+13.7,+12.4,+2.1,+3.0,+3.3,+3.6,+4.3,+4.8
2022-11-17 01:48,0,+17.0,+13.7,+12.4,+2.0,+3.0,+3.3,+3.6,+4.3,+4.8
2022-11-17 02:48,0,+17.0,+13.7,+12.4,+2.0,+3.0,+3.3,+3.6,+4.3,+4.7
2022-11-17 03:48,0,+16.9,+13.7,+12.4,+2.0,+3.0,+3.3,+3.7,+4.3,+4.8
2022-11-17 04:48,0,+16.9,+13.7,+12.5,+2.0,+3.0,+3.3,+3.6,+4.3,+4.8
2022-11-17 05:48,0,+16.8,+13.7,+12.5,+2.0,+3.0,+3.3,+3.6,+4.3,+4.8
2022-11-17 06:48,0,+16.8,+13.7,+12.5,+2.0,+3.0,+3.3,+3.6,+4.3,+4.7
2022-11-17 07:48,0,+16.8,+13.7,+12.5,+2.0,+3.0,+3.3,+3.6,+4.5,+4.7
2022-11-17 08:48,0,+16.8,+13.7,+12.5,+2.0,+2.8,+3.3,+3.6,+4.3,+4.8
2022-11-17 09:48,0,+16.9,+13.7,+12.5,+1.8,+2.8,+3.3,+3.6,+4.3,+4.8
2022-11-17 10:48,0,+16.9,+13.7,+12.5,+1.8,+2.8,+3.3,+3.6,+4.3,+4.7
2022-11-17 11:48,0,+17.0,+13.7,+12.5,+1.8,+2.8,+3.3,+3.6,+4.3,+4.7
2022-11-17 12:48,0,+17.0,+13.7,+12.5,+2.0,+2.8,+3.3,+3.6,+4.3,+4.7
2022-11-17 13:48,0,+16.9,+13.7,+12.5,+2.0,+2.8,+3.2,+3.6,+4.3,+4.7
2022-11-17 14:48,0,+16.8,+13.7,+12.5,+1.8,+2.8,+3.2,+3.6,+4.3,+4.7
2022-11-17 15:48,0,+16.8,+13.7,+12.5,+1.8,+2.8,+3.2,+3.6,+4.3,+4.7
2022-11-17 16:48,0,+16.8,+13.7,+12.5,+2.0,+2.8,+3.3,+3.6,+4.3,+4.7
2022-11-17 17:48,0,+16.8,+13.7,+12.5,+2.0,+2.8,+3.3,+3.6,+4.3,+4.7
2022-11-17 18:48,0,+16.9,+13.7,+12.5,+2.0,+2.8,+3.3,+3.6,+4.3,+4.8
2022-11-17 19:48,0,+16.9,+13.7,+12.5,+1.8,+2.8,+3.2,+3.6,+4.3,+4.7
2022-11-17 20:48,0,+16.9,+13.7,+12.5,+1.8,+2.8,+3.2,+3.5,+4.3,+4.7
2022-11-17 21:48,0,+16.9,+13.7,+12.5,+1.8,+2.8,+3.3,+3.6,+4.3,+4.7
2022-11-17 22:48,0,+16.9,+13.7,+12.5,+1.8,+2.8,+3.2,+3.6,+4.3,+4.7
2022-11-17 23:48,0,+16.9,+13.7,+12.5,+1.8,+2.8,+3.2,+3.6,+4.3,+4.7
2022-11-18 00:48,0,+16.8,+13.7,+12.5,+1.8,+2.8,+3.2,+3.6,+4.2,+4.7
2022-11-18 01:48,0,+16.9,+13.8,+12.5,+1.8,+2.8,+3.2,+3.5,+4.2,+4.7
2022-11-18 02:48,0,+16.8,+13.8,+12.5,+1.8,+2.8,+3.2,+3.5,+4.2,+4.7
2022-11-18 03:48,0,+16.8,+13.8,+12.5,+1.8,+2.8,+3.2,+3.5,+4.3,+4.7
2022-11-18 04:48,0,+16.8,+13.8,+12.5,+1.7,+2.8,+3.2,+3.6,+4.2,+4.7
2022-11-18 05:48,0,+16.8,+13.7,+12.5,+1.7,+2.8,+3.2,+3.5,+4.2,+4.7
2022-11-18 06:48,0,+16.8,+13.7,+12.5,+1.7,+2.8,+3.2,+3.6,+4.2,+4.7
2022-11-18 07:48,0,+16.8,+13.7,+12.5,+1.7,+2.7,+3.2,+3.5,+4.3,+4.7
2022-11-18 08:48,0,+16.8,+13.8,+12.5,+1.7,+2.7,+3.1,+3.5,+4.2,+4.7
2022-11-18 09:48,0,+16.8,+13.8,+12.5,+1.7,+2.7,+3.2,+3.5,+4.2,+4.7
2022-11-18 10:48,0,+16.8,+13.8,+12.5,+1.7,+2.7,+3.1,+3.5,+4.2,+4.7
2022-11-18 11:48,0,+16.8,+13.8,+12.5,+1.6,+2.7,+3.1,+3.5,+4.2,+4.7
2022-11-18 12:48,0,+16.8,+13.8,+12.5,+1.6,+2.7,+3.1,+3.5,+4.2,+4.7
2022-11-18 13:48,0,+16.8,+13.8,+12.5,+1.5,+2.6,+3.1,+3.5,+4.2,+4.6
2022-11-18 14:48,0,+16.8,+13.8,+12.5,+1.6,+2.6,+3.1,+3.5,+4.2,+4.7
2022-11-18 15:48,0,+16.8,+13.8,+12.5,+1.5,+2.6,+3.1,+3.5,+4.2,+4.6
2022-11-18 16:48,0,+16.8,+13.8,+12.5,+1.5,+2.6,+3.1,+3.5,+4.2,+4.7
2022-11-18 17:48,0,+16.8,+13.8,+12.5,+1.5,+2.6,+3.1,+3.5,+4.1,+4.6
2022-11-18 18:48,0,+16.8,+13.8,+12.5,+1.3,+2.6,+3.0,+3.3,+4.2,+4.6
2022-11-18 19:48,0,+16.8,+13.8,+12.5,+1.3,+2.5,+3.0,+3.3,+4.2,+4.6
2022-11-18 20:48,0,+16.8,+13.8,+12.5,+1.3,+2.5,+3.0,+3.3,+4.2,+4.6
2022-11-18 21:48,0,+16.8,+13.8,+12.5,+1.2,+2.5,+3.0,+3.3,+4.2,+4.6
2022-11-18 22:48,0,+16.8,+13.7,+12.5,+1.2,+2.3,+3.0,+3.3,+4.2,+4.6
2022-11-18 23:48,0,+16.8,+13.7,+12.5,+1.2,+2.3,+3.0,+3.3,+4.2,+4.6
2022-11-19 00:48,0,+16.8,+13.7,+12.5,+1.2,+2.5,+2.8,+3.3,+4.1,+4.6
2022-11-19 01:48,0,+16.8,+13.7,+12.5,+1.2,+2.3,+2.8,+3.3,+4.1,+4.6
2022-11-19 02:48,0,+16.8,+13.7,+12.5,+1.2,+2.3,+2.8,+3.3,+4.1,+4.6
2022-11-19 03:48,0,+16.8,+13.8,+12.5,+1.2,+2.3,+2.8,+3.2,+4.1,+4.5
2022-11-19 04:48,0,+16.8,+13.8,+12.5,+1.2,+2.3,+2.8,+3.2,+4.1,+4.5
2022-11-19 05:48,0,+16.8,+13.8,+12.5,+1.2,+2.3,+2.8,+3.3,+4.1,+4.6
2022-11-19 06:48,0,+16.8,+13.8,+12.5,+1.2,+2.3,+2.8,+3.2,+4.1,+4.5
2022-11-19 07:48,0,+16.9,+13.8,+12.5,+1.2,+2.3,+2.8,+3.2,+4.1,+4.5
2022-11-19 08:48,0,+16.8,+13.8,+12.5,+1.2,+2.2,+2.8,+3.2,+4.1,+4.5
2022-11-19 09:48,0,+16.8,+13.8,+12.5,+1.2,+2.3,+2.8,+3.2,+4.1,+4.5
2022-11-19 10:48,0,+16.9,+13.8,+12.5,+1.2,+2.3,+2.7,+3.2,+4.0,+4.5
2022-11-19 11:48,0,+16.9,+13.8,+12.5,+1.2,+2.2,+2.7,+3.2,+4.1,+4.5
2022-11-19 12:48,0,+16.9,+13.8,+12.5,+1.2,+2.3,+2.7,+3.2,+4.0,+4.5
2022-11-19 13:48,0,+16.9,+13.8,+12.5,+1.2,+2.2,+2.7,+3.1,+4.0,+4.5
2022-11-19 14:48,0,+16.9,+13.8,+12.5,+1.2,+2.2,+2.7,+3.1,+4.0,+4.5
2022-11-19 15:48,0,+16.9,+13.8,+12.5,+1.2,+2.2,+2.7,+3.1,+4.0,+4.5
2022-11-19 16:48,0,+16.9,+13.8,+12.5,+1.2,+2.2,+2.7,+3.1,+4.0,+4.5
2022-11-19 17:48,0,+16.9,+13.8,+12.5,+1.2,+2.2,+2.7,+3.1,+4.0,+4.5
2022-11-19 18:48,0,+16.9,+13.8,+12.5,+1.1,+2.2,+2.7,+3.1,+4.0,+4.5
2022-11-19 19:48,0,+16.9,+13.8,+12.5,+1.1,+2.2,+2.7,+3.1,+4.0,+4.3
2022-11-19 20:48,0,+16.9,+13.8,+12.5,+1.1,+2.2,+2.7,+3.1,+4.0,+4.3
2022-11-19 21:48,0,+16.9,+13.8,+12.5,+1.1,+2.2,+2.7,+3.1,+4.0,+4.3
2022-11-19 22:48,0,+16.9,+13.8,+12.5,+1.1,+2.2,+2.7,+3.1,+3.8,+4.3
2022-11-19 23:48,0,+16.9,+13.8,+12.5,+1.1,+2.2,+2.7,+3.1,+3.8,+4.3
2022-11-20 00:48,0,+16.9,+13.8,+12.5,+1.0,+2.2,+2.7,+3.1,+3.8,+4.3
2022-11-20 01:48,0,+16.9,+13.8,+12.5,+1.0,+2.2,+2.6,+3.1,+3.8,+4.3
2022-11-20 02:48,0,+16.9,+13.7,+12.5,+1.0,+2.2,+2.6,+3.1,+3.8,+4.3
2022-11-20 03:48,0,+16.9,+13.8,+12.5,+1.0,+2.1,+2.7,+3.1,+3.8,+4.3
2022-11-20 04:48,0,+16.9,+13.8,+12.5,+1.0,+2.1,+2.6,+3.0,+3.8,+4.3
2022-11-20 05:48,0,+16.9,+13.8,+12.5,+1.0,+2.1,+2.6,+3.0,+3.8,+4.3
2022-11-20 06:48,0,+17.0,+13.7,+12.5,+1.0,+2.1,+2.6,+3.0,+3.8,+4.3
2022-11-20 07:48,0,+17.0,+13.7,+12.5,+1.0,+2.1,+2.6,+3.0,+3.8,+4.3
2022-11-20 08:48,0,+16.9,+13.7,+12.5,+0.8,+2.1,+2.6,+3.0,+3.8,+4.2
2022-11-20 09:48,0,+16.9,+13.8,+12.5,+1.0,+2.1,+2.6,+3.0,+3.8,+4.2
2022-11-20 10:48,0,+16.9,+13.8,+12.5,+1.0,+2.1,+2.6,+3.0,+3.8,+4.2
2022-11-20 11:48,0,+16.9,+13.8,+12.5,+1.0,+2.1,+2.6,+3.0,+3.8,+4.2
2022-11-20 12:48,0,+16.9,+13.8,+12.5,+1.0,+2.0,+2.6,+3.0,+3.8,+4.2
2022-11-20 13:48,0,+16.9,+13.8,+12.5,+1.0,+2.1,+2.6,+3.0,+3.7,+4.2
2022-11-20 14:48,0,+16.9,+13.8,+12.5,+1.0,+2.0,+2.5,+3.0,+3.8,+4.2
2022-11-20 15:48,0,+16.9,+13.8,+12.5,+1.1,+2.1,+2.6,+3.0,+3.7,+4.2
2022-11-20 16:48,0,+17.0,+13.8,+12.5,+1.1,+2.1,+2.5,+2.8,+3.7,+4.2
2022-11-20 17:48,0,+17.0,+13.8,+12.5,+1.1,+2.1,+2.5,+2.8,+3.7,+4.2
2022-11-20 18:48,0,+17.0,+13.8,+12.5,+1.1,+2.1,+2.5,+3.0,+3.8,+4.2
2022-11-20 19:48,0,+17.0,+13.8,+12.6,+1.1,+2.1,+2.5,+2.8,+3.7,+4.2
2022-11-20 20:48,0,+17.0,+13.8,+12.6,+1.2,+2.1,+2.6,+2.8,+3.7,+4.2
2022-11-20 21:48,0,+17.0,+13.8,+12.6,+1.1,+2.1,+2.6,+2.8,+3.7,+4.2
2022-11-20 22:48,0,+17.0,+13.8,+12.6,+1.1,+2.1,+2.6,+3.0,+3.7,+4.2
2022-11-20 23:48,0,+17.0,+13.8,+12.5,+1.2,+2.1,+2.6,+3.0,+3.7,+4.2
2022-11-21 00:48,0,+17.0,+13.8,+12.6,+1.2,+2.1,+2.6,+3.0,+3.7,+4.2
2022-11-21 01:48,0,+17.0,+13.8,+12.6,+1.2,+2.1,+2.6,+3.0,+3.7,+4.2
2022-11-21 02:48,0,+17.0,+13.8,+12.6,+1.2,+2.1,+2.6,+2.8,+3.7,+4.1
2022-11-21 03:48,0,+17.0,+13.8,+12.6,+1.2,+2.1,+2.6,+3.0,+3.7,+4.2
2022-11-21 04:48,0,+17.0,+13.8,+12.6,+1.2,+2.1,+2.6,+2.8,+3.7,+4.1
2022-11-21 05:48,0,+16.9,+13.8,+12.6,+1.2,+2.1,+2.6,+2.8,+3.7,+4.1
2022-11-21 06:48,0,+16.9,+13.8,+12.6,+1.1,+2.1,+2.6,+2.8,+3.7,+4.1
2022-11-21 07:48,0,+16.9,+13.8,+12.6,+1.1,+2.1,+2.6,+2.8,+3.7,+4.1
2022-11-21 08:48,0,+16.9,+13.8,+12.6,+1.2,+2.1,+2.6,+3.0,+3.7,+4.1
2022-11-21 09:48,0,+16.9,+13.8,+12.6,+1.1,+2.1,+2.6,+2.8,+3.7,+4.1
2022-11-21 10:48,0,+16.9,+13.8,+12.6,+1.1,+2.1,+2.5,+2.8,+3.7,+4.1
2022-11-21 11:48,0,+16.9,+13.8,+12.6,+1.2,+2.1,+2.5,+2.8,+3.7,+4.1
2022-11-21 12:48,0,+16.9,+13.8,+12.6,+1.1,+2.1,+2.6,+2.8,+3.7,+4.1
2022-11-21 13:48,0,+16.9,+13.8,+12.6,+1.1,+2.1,+2.6,+3.0,+3.7,+4.1
2022-11-21 14:48,0,+16.9,+13.8,+12.6,+1.2,+2.1,+2.5,+2.8,+3.7,+4.1
2022-11-21 15:48,0,+16.9,+13.8,+12.6,+1.2,+2.1,+2.6,+2.8,+3.6,+4.1
2022-11-21 16:48,0,+16.9,+13.8,+12.6,+1.2,+2.1,+2.5,+2.8,+3.7,+4.1
2022-11-21 17:48,0,+16.9,+13.8,+12.6,+1.3,+2.1,+2.5,+2.8,+3.6,+4.1
2022-11-21 18:48,0,+16.9,+13.8,+12.6,+1.2,+2.1,+2.5,+2.8,+3.7,+4.1
2022-11-21 19:48,0,+16.9,+13.8,+12.6,+1.2,+2.1,+2.5,+2.8,+3.6,+4.1
2022-11-21 20:48,0,+16.9,+13.8,+12.6,+1.2,+2.1,+2.5,+2.8,+3.6,+4.1
2022-11-21 21:48,0,+16.9,+13.8,+12.6,+1.2,+2.2,+2.5,+2.8,+3.6,+4.1
2022-11-21 22:48,0,+17.0,+13.8,+12.6,+1.2,+2.1,+2.6,+2.8,+3.6,+4.1
2022-11-21 23:48,0,+17.0,+13.8,+12.6,+1.2,+2.1,+2.5,+2.8,+3.7,+4.1
2022-11-22 00:48,0,+17.0,+13.8,+12.6,+1.2,+2.1,+2.5,+2.8,+3.6,+4.0
2022-11-22 01:48,0,+17.0,+13.9,+12.6,+1.2,+2.2,+2.5,+2.8,+3.7,+4.0
2022-11-22 02:48,0,+17.0,+13.9,+12.6,+1.2,+2.2,+2.6,+2.8,+3.6,+4.1
2022-11-22 03:48,0,+17.0,+13.9,+12.6,+1.2,+2.2,+2.6,+2.8,+3.6,+4.1
2022-11-22 04:48,0,+17.0,+13.9,+12.6,+1.2,+2.2,+2.5,+2.8,+3.6,+4.1
2022-11-22 05:48,0,+17.0,+13.9,+12.6,+1.2,+2.2,+2.5,+2.8,+3.6,+4.1
2022-11-22 06:48,0,+17.0,+13.9,+12.6,+1.2,+2.2,+2.6,+2.8,+3.6,+4.1
2022-11-22 07:48,0,+17.0,+13.9,+12.6,+1.2,+2.1,+2.5,+2.8,+3.6,+4.0
2022-11-22 08:48,0,+17.0,+13.9,+12.6,+1.2,+2.1,+2.6,+2.8,+3.6,+4.0
2022-11-22 09:48,0,+17.0,+13.9,+12.6,+1.3,+2.1,+2.6,+2.8,+3.6,+4.0
2022-11-22 10:48,0,+17.0,+13.9,+12.6,+1.2,+2.1,+2.6,+2.8,+3.6,+4.0
2022-11-22 11:48,0,+17.0,+13.9,+12.6,+1.2,+2.1,+2.6,+2.8,+3.6,+4.0
2022-11-22 12:48,0,+17.0,+13.9,+12.6,+1.2,+2.2,+2.5,+2.8,+3.6,+4.1
2022-11-22 13:48,0,+17.0,+13.9,+12.6,+1.3,+2.2,+2.5,+2.8,+3.6,+4.0
2022-11-22 14:48,0,+17.0,+13.9,+12.6,+1.3,+2.1,+2.6,+2.8,+3.6,+4.0
2022-11-22 15:48,0,+17.0,+13.9,+12.6,+1.2,+2.1,+2.6,+2.8,+3.6,+4.0
2022-11-22 16:48,0,+17.0,+13.9,+12.6,+1.3,+2.2,+2.6,+2.8,+3.6,+4.0
2022-11-22 17:48,0,+17.0,+13.9,+12.6,+1.3,+2.2,+2.5,+2.8,+3.6,+4.0
2022-11-22 18:48,0,+17.0,+13.9,+12.6,+1.3,+2.2,+2.5,+2.8,+3.6,+4.0
2022-11-22 19:48,0,+17.0,+13.9,+12.6,+1.3,+2.2,+2.6,+2.8,+3.6,+4.0
2022-11-22 20:48,0,+17.0,+13.9,+12.6,+1.5,+2.2,+2.6,+2.8,+3.6,+4.0
2022-11-22 21:48,0,+17.0,+13.9,+12.6,+1.3,+2.2,+2.5,+2.8,+3.6,+4.0
2022-11-22 22:48,0,+17.0,+13.9,+12.6,+1.5,+2.2,+2.6,+2.8,+3.6,+4.0
2022-11-22 23:48,0,+17.0,+13.9,+12.6,+1.5,+2.2,+2.6,+2.8,+3.6,+4.0
2022-11-23 00:48,0,+17.0,+13.9,+12.6,+1.5,+2.2,+2.6,+2.8,+3.6,+4.0
2022-11-23 01:48,0,+17.0,+13.9,+12.6,+1.5,+2.2,+2.6,+2.8,+3.6,+4.0
2022-11-23 02:48,0,+17.0,+13.9,+12.6,+1.5,+2.3,+2.6,+2.8,+3.6,+4.0
2022-11-23 03:48,0,+17.0,+14.0,+12.6,+1.5,+2.2,+2.6,+2.8,+3.6,+4.0
2022-11-23 04:48,0,+17.0,+14.0,+12.6,+1.5,+2.3,+2.6,+2.8,+3.6,+4.0
2022-11-23 05:48,0,+17.0,+14.0,+12.6,+1.5,+2.2,+2.6,+2.8,+3.6,+4.0
2022-11-23 06:48,0,+17.0,+14.0,+12.6,+1.5,+2.3,+2.6,+2.8,+3.6,+4.0
2022-11-23 07:48,0,+17.0,+14.0,+12.6,+1.5,+2.3,+2.6,+2.8,+3.6,+4.0
2022-11-23 08:48,0,+17.0,+14.0,+12.6,+1.5,+2.3,+2.6,+2.8,+3.6,+4.0
2022-11-23 09:48,0,+17.0,+14.0,+12.6,+1.5,+2.3,+2.6,+2.8,+3.6,+4.0
2022-11-23 10:48,0,+17.0,+14.0,+12.7,+1.5,+2.2,+2.6,+2.8,+3.6,+4.0
2022-11-23 11:48,0,+17.0,+14.0,+12.6,+1.5,+2.3,+2.6,+2.8,+3.6,+4.0
2022-11-23 12:48,0,+17.0,+14.0,+12.7,+1.5,+2.3,+2.6,+2.8,+3.6,+4.0
2022-11-23 13:48,0,+17.0,+14.0,+12.7,+1.5,+2.3,+2.6,+2.8,+3.6,+4.0
2022-11-23 14:48,0,+17.1,+14.0,+12.7,+1.5,+2.3,+2.6,+2.8,+3.6,+4.0
2022-11-23 15:48,0,+17.1,+14.0,+12.7,+1.6,+2.3,+2.6,+2.8,+3.6,+4.0
2022-11-23 16:48,0,+17.1,+14.0,+12.7,+1.6,+2.3,+2.6,+2.8,+3.6,+4.0
2022-11-23 17:48,0,+17.1,+14.0,+12.7,+1.5,+2.3,+2.6,+2.8,+3.5,+4.0
2022-11-23 18:48,0,+17.2,+14.0,+12.7,+1.5,+2.3,+2.6,+2.8,+3.6,+4.0
2022-11-23 19:48,0,+17.2,+14.0,+12.7,+1.5,+2.3,+2.6,+2.8,+3.6,+4.0
2022-11-23 20:48,0,+17.2,+14.1,+12.7,+1.6,+2.3,+2.7,+2.8,+3.6,+4.0
2022-11-23 21:48,0,+17.2,+14.1,+12.7,+1.6,+2.3,+2.7,+2.8,+3.6,+4.0
2022-11-23 22:48,0,+17.3,+14.1,+12.7,+1.6,+2.3,+2.6,+2.8,+3.6,+4.0
2022-11-23 23:48,0,+17.3,+14.1,+12.7,+1.6,+2.3,+2.7,+2.8,+3.6,+4.0
2022-11-24 00:48,0,+17.3,+14.1,+12.7,+1.5,+2.3,+2.6,+2.8,+3.6,+4.0
2022-11-24 01:48,0,+17.3,+14.2,+12.8,+1.6,+2.3,+2.6,+2.8,+3.5,+4.0
2022-11-24 02:48,0,+17.3,+14.2,+12.8,+1.6,+2.3,+2.6,+2.8,+3.6,+4.0
2022-11-24 03:48,0,+17.3,+14.2,+12.8,+1.6,+2.3,+2.7,+2.8,+3.6,+4.0
2022-11-24 04:48,0,+17.3,+14.2,+12.8,+1.6,+2.3,+2.6,+2.8,+3.6,+4.0
2022-11-24 05:48,0,+17.3,+14.2,+12.8,+1.6,+2.3,+2.7,+2.8,+3.6,+4.0
2022-11-24 06:48,0,+17.3,+14.2,+12.8,+1.5,+2.3,+2.6,+2.8,+3.6,+4.0
2022-11-24 07:48,0,+17.3,+14.2,+12.8,+1.6,+2.3,+2.7,+2.8,+3.6,+4.0
2022-11-24 08:48,0,+17.3,+14.2,+12.8,+1.5,+2.3,+2.6,+2.8,+3.6,+4.0
2022-11-24 09:48,0,+17.3,+14.2,+12.8,+1.6,+2.3,+2.6,+2.8,+3.6,+4.0
2022-11-24 10:48,0,+17.3,+14.2,+12.8,+1.6,+2.3,+2.6,+2.8,+3.5,+4.0
2022-11-24 11:48,0,+17.3,+14.2,+12.8,+1.6,+2.3,+2.6,+2.8,+3.6,+4.0
2022-11-24 12:48,0,+17.3,+14.3,+12.9,+1.6,+2.3,+2.6,+2.8,+3.6,+4.0
2022-11-24 13:48,0,+17.3,+14.3,+12.9,+1.6,+2.3,+2.6,+2.8,+3.6,+4.0
2022-11-24 14:48,0,+17.3,+14.3,+12.9,+1.7,+2.3,+2.7,+2.8,+3.6,+4.0
2022-11-24 15:48,0,+17.3,+14.3,+12.9,+1.7,+2.5,+2.6,+2.8,+3.5,+4.0
2022-11-24 16:48,0,+17.4,+14.3,+12.9,+1.7,+2.5,+2.7,+2.8,+3.6,+3.8
2022-11-24 17:48,0,+17.4,+14.3,+12.9,+1.7,+2.5,+2.7,+2.8,+3.5,+4.0
2022-11-24 18:48,0,+17.5,+14.3,+12.9,+1.6,+2.5,+2.6,+2.8,+3.6,+4.0
2022-11-24 19:48,0,+17.5,+14.4,+12.9,+1.6,+2.5,+2.7,+3.0,+3.6,+4.0
2022-11-24 20:48,0,+17.5,+14.4,+13.0,+1.6,+2.3,+2.6,+2.8,+3.6,+4.0
2022-11-24 21:48,0,+17.6,+14.4,+13.0,+1.6,+2.3,+2.7,+2.8,+3.5,+4.0
2022-11-24 22:48,0,+17.6,+14.4,+13.0,+1.6,+2.5,+2.7,+2.8,+3.6,+4.0
2022-11-24 23:48,0,+17.5,+14.4,+13.0,+1.6,+2.5,+2.7,+2.8,+3.6,+3.8
2022-11-25 00:48,0,+17.5,+14.4,+13.0,+1.6,+2.3,+2.7,+2.8,+3.6,+4.0
2022-11-25 01:48,0,+17.5,+14.4,+13.0,+1.5,+2.3,+2.7,+2.8,+3.6,+4.0
2022-11-25 02:48,0,+17.5,+14.4,+13.1,+1.5,+2.3,+2.7,+2.8,+3.6,+4.0
2022-11-25 03:48,0,+17.5,+14.4,+13.1,+1.3,+2.3,+2.7,+2.8,+3.5,+4.0
2022-11-25 04:48,0,+17.5,+14.4,+13.1,+1.3,+2.3,+2.6,+2.8,+3.5,+4.0
2022-11-25 05:48,0,+17.5,+14.4,+13.1,+1.2,+2.2,+2.7,+2.8,+3.6,+4.0
2022-11-25 06:48,0,+17.5,+14.4,+13.1,+1.2,+2.2,+2.6,+2.8,+3.6,+4.0
2022-11-25 07:48,0,+17.4,+14.4,+13.1,+1.2,+2.2,+2.6,+2.8,+3.6,+4.0
2022-11-25 08:48,0,+17.4,+14.4,+13.1,+1.1,+2.1,+2.6,+2.8,+3.5,+4.0
2022-11-25 09:48,0,+17.4,+14.4,+13.1,+1.1,+2.1,+2.6,+2.8,+3.5,+4.0
2022-11-25 10:48,0,+17.4,+14.4,+13.2,+1.1,+2.1,+2.5,+2.8,+3.6,+4.0
2022-11-25 11:48,0,+17.4,+14.4,+13.2,+1.2,+2.1,+2.5,+2.8,+3.5,+4.0
2022-11-25 12:48,0,+17.4,+14.4,+13.2,+1.2,+2.1,+2.5,+2.8,+3.5,+3.8
2022-11-25 13:48,0,+17.6,+14.4,+13.2,+1.3,+2.1,+2.5,+2.8,+3.5,+3.8
2022-11-25 14:48,0,+18.0,+14.4,+13.2,+1.5,+2.1,+2.5,+2.7,+3.5,+4.0
2022-11-25 15:48,0,+18.4,+14.4,+13.2,+1.6,+2.2,+2.5,+2.8,+3.5,+3.8
2022-11-25 16:48,0,+18.6,+14.5,+13.2,+1.6,+2.2,+2.5,+2.7,+3.5,+3.8
2022-11-25 17:48,0,+18.6,+14.5,+13.3,+1.7,+2.2,+2.6,+2.7,+3.5,+3.8
2022-11-25 18:48,0,+18.6,+14.6,+13.3,+1.7,+2.3,+2.6,+2.8,+3.5,+3.8
2022-11-25 19:48,0,+18.5,+14.6,+13.4,+1.7,+2.3,+2.6,+2.7,+3.5,+3.8
2022-11-25 20:48,0,+18.5,+14.7,+13.4,+1.8,+2.5,+2.6,+2.7,+3.5,+3.8
2022-11-25 21:48,0,+18.4,+14.7,+13.4,+1.8,+2.5,+2.6,+2.8,+3.5,+3.8
2022-11-25 22:48,0,+18.4,+14.7,+13.5,+2.0,+2.6,+2.6,+2.7,+3.5,+3.8
2022-11-25 23:48,0,+18.3,+14.7,+13.5,+2.0,+2.5,+2.7,+2.8,+3.5,+3.8
2022-11-26 00:48,0,+18.3,+14.7,+13.5,+2.0,+2.6,+2.7,+2.8,+3.5,+3.8
2022-11-26 01:48,0,+18.2,+14.8,+13.6,+2.1,+2.6,+2.7,+2.8,+3.5,+3.8
2022-11-26 02:48,0,+18.2,+14.8,+13.6,+2.2,+2.6,+2.8,+2.8,+3.5,+4.0
2022-11-26 03:48,0,+18.2,+14.8,+13.6,+2.2,+2.7,+2.7,+2.8,+3.5,+4.0
2022-11-26 04:48,0,+18.1,+14.8,+13.7,+2.3,+2.7,+2.8,+2.8,+3.5,+3.8
2022-11-26 05:48,0,+18.1,+14.8,+13.7,+2.5,+2.8,+2.8,+3.0,+3.5,+3.8
2022-11-26 06:48,0,+18.1,+14.8,+13.7,+2.5,+3.0,+2.8,+3.0,+3.5,+3.8
2022-11-26 07:48,0,+18.0,+14.8,+13.7,+2.5,+3.0,+3.0,+3.0,+3.6,+3.8
2022-11-26 08:48,0,+18.0,+14.8,+13.8,+2.5,+2.8,+3.0,+3.0,+3.5,+3.8
2022-11-26 09:48,0,+18.0,+14.8,+13.8,+2.6,+3.0,+3.0,+3.0,+3.6,+4.0
2022-11-26 10:48,0,+18.0,+14.8,+13.8,+2.7,+3.0,+3.0,+3.0,+3.6,+4.0
2022-11-26 11:48,0,+17.9,+14.8,+13.8,+3.1,+3.1,+3.1,+3.0,+3.6,+4.0
2022-11-26 12:48,0,+17.9,+14.9,+13.9,+3.3,+3.1,+3.1,+3.0,+3.6,+4.0
2022-11-26 13:48,0,+17.9,+14.9,+13.9,+3.5,+3.3,+3.2,+3.1,+3.7,+4.0
2022-11-26 14:48,0,+17.9,+14.9,+13.9,+3.7,+3.5,+3.2,+3.1,+3.6,+4.0
2022-11-26 15:48,0,+17.9,+14.9,+14.0,+3.7,+3.6,+3.3,+3.1,+3.6,+4.0
2022-11-26 16:48,0,+17.9,+14.9,+14.0,+3.6,+3.7,+3.3,+3.2,+3.7,+4.0
2022-11-26 17:48,0,+17.9,+14.9,+14.0,+3.5,+3.7,+3.5,+3.2,+3.7,+4.1
2022-11-26 18:48,0,+17.9,+14.9,+14.0,+3.5,+3.7,+3.5,+3.3,+3.7,+4.1
2022-11-26 19:48,0,+17.9,+14.9,+14.0,+3.3,+3.7,+3.6,+3.3,+3.7,+4.1
2022-11-26 20:48,0,+17.8,+14.9,+14.0,+3.2,+3.7,+3.5,+3.3,+3.7,+4.1
2022-11-26 21:48,0,+17.8,+14.9,+14.0,+3.1,+3.7,+3.6,+3.3,+3.8,+4.1
2022-11-26 22:48,0,+17.8,+14.9,+14.0,+3.0,+3.6,+3.6,+3.3,+3.8,+4.2
2022-11-26 23:48,0,+17.8,+14.9,+14.0,+2.8,+3.6,+3.6,+3.5,+3.8,+4.1
2022-11-27 00:48,0,+17.8,+14.9,+14.0,+2.6,+3.5,+3.6,+3.3,+3.8,+4.1
2022-11-27 01:48,0,+17.8,+14.9,+14.0,+2.6,+3.5,+3.5,+3.5,+3.8,+4.2
2022-11-27 02:48,0,+17.8,+14.9,+14.0,+2.5,+3.3,+3.5,+3.5,+3.8,+4.2
2022-11-27 03:48,0,+17.8,+14.9,+14.1,+2.2,+3.2,+3.5,+3.5,+3.8,+4.2
2022-11-27 04:48,0,+17.7,+14.9,+14.1,+2.1,+3.1,+3.5,+3.3,+3.8,+4.2
2022-11-27 05:48,0,+17.7,+14.9,+14.1,+2.0,+3.1,+3.3,+3.3,+4.0,+4.2
2022-11-27 06:48,0,+17.7,+14.9,+14.1,+1.8,+3.0,+3.3,+3.5,+4.0,+4.2
2022-11-27 07:48,0,+17.7,+14.9,+14.1,+1.8,+2.8,+3.3,+3.3,+3.8,+4.2
2022-11-27 08:48,0,+17.7,+14.9,+14.1,+1.7,+2.8,+3.2,+3.3,+3.8,+4.2
2022-11-27 09:48,0,+17.7,+14.9,+14.1,+1.6,+2.8,+3.2,+3.3,+3.8,+4.2
2022-11-27 10:48,0,+17.7,+14.9,+14.1,+1.7,+2.7,+3.1,+3.3,+3.8,+4.2
2022-11-27 11:48,0,+17.7,+14.8,+14.1,+1.7,+2.7,+3.1,+3.3,+3.8,+4.2
2022-11-27 12:48,0,+17.7,+14.8,+14.1,+1.7,+2.6,+3.1,+3.2,+3.8,+4.2
2022-11-27 13:48,0,+17.7,+14.9,+14.1,+1.8,+2.6,+3.0,+3.2,+3.8,+4.2
2022-11-27 14:48,0,+17.7,+14.9,+14.1,+2.0,+2.6,+3.0,+3.2,+3.8,+4.2
2022-11-27 15:48,0,+17.7,+14.9,+14.1,+2.0,+2.7,+3.0,+3.2,+3.7,+4.2
2022-11-27 16:48,0,+17.7,+14.9,+14.1,+1.8,+2.7,+3.0,+3.2,+3.7,+4.2
2022-11-27 17:48,0,+17.7,+14.9,+14.1,+1.7,+2.6,+3.1,+3.2,+3.8,+4.2
2022-11-27 18:48,0,+17.7,+14.9,+14.1,+1.6,+2.7,+3.0,+3.1,+3.7,+4.1
2022-11-27 19:48,0,+17.7,+14.9,+14.1,+1.6,+2.6,+3.0,+3.2,+3.7,+4.1
2022-11-27 20:48,0,+17.7,+14.8,+14.1,+1.5,+2.6,+3.0,+3.1,+3.7,+4.2
2022-11-27 21:48,0,+17.7,+14.8,+14.1,+1.5,+2.5,+3.0,+3.1,+3.7,+4.1
2022-11-27 22:48,0,+17.7,+14.8,+14.1,+1.3,+2.5,+3.0,+3.1,+3.7,+4.1
2022-11-27 23:48,0,+17.7,+14.8,+14.1,+1.2,+2.5,+2.8,+3.1,+3.7,+4.1
2022-11-28 00:48,0,+17.7,+14.8,+14.1,+1.2,+2.3,+2.8,+3.1,+3.7,+4.1
2022-11-28 01:48,0,+17.7,+14.8,+14.1,+1.1,+2.3,+2.8,+3.1,+3.7,+4.1
2022-11-28 02:48,0,+17.7,+14.8,+14.1,+1.1,+2.3,+2.8,+3.1,+3.7,+4.1
2022-11-28 03:48,0,+17.6,+14.8,+14.1,+1.0,+2.2,+2.7,+3.0,+3.6,+4.1
2022-11-28 04:48,0,+17.6,+14.8,+14.1,+1.0,+2.2,+2.7,+3.0,+3.7,+4.1
2022-11-28 05:48,0,+17.6,+14.8,+14.1,+1.0,+2.1,+2.7,+3.0,+3.7,+4.1
2022-11-28 06:48,0,+17.6,+14.8,+14.1,+0.8,+2.1,+2.6,+3.0,+3.7,+4.0
2022-11-28 07:48,0,+17.6,+14.8,+14.1,+0.8,+2.1,+2.6,+2.8,+3.6,+4.0
2022-11-28 08:48,0,+17.6,+14.8,+14.1,+0.8,+2.0,+2.6,+3.0,+3.6,+4.0
2022-11-28 09:48,0,+17.6,+14.8,+14.1,+0.8,+2.0,+2.6,+2.8,+3.6,+4.0
2022-11-28 10:48,0,+17.6,+14.8,+14.1,+0.8,+2.0,+2.5,+2.8,+3.6,+4.0
2022-11-28 11:48,0,+17.6,+14.8,+14.1,+0.8,+2.0,+2.5,+2.8,+3.6,+4.0
2022-11-28 12:48,0,+17.6,+14.8,+14.1,+0.8,+2.0,+2.5,+2.8,+3.5,+4.0
2022-11-28 13:48,0,+17.6,+14.8,+14.1,+0.8,+2.0,+2.5,+2.8,+3.6,+4.0
2022-11-28 14:48,0,+17.6,+14.8,+14.1,+0.8,+2.0,+2.5,+2.8,+3.6,+4.0
2022-11-28 15:48,0,+17.5,+14.8,+14.1,+0.8,+2.0,+2.3,+2.7,+3.5,+4.0
2022-11-28 16:48,0,+17.5,+14.8,+14.1,+0.8,+2.0,+2.5,+2.7,+3.5,+4.0
2022-11-28 17:48,0,+17.5,+14.8,+14.0,+1.0,+2.0,+2.5,+2.7,+3.5,+3.8
2022-11-28 18:48,0,+17.5,+14.8,+14.0,+1.0,+2.0,+2.3,+2.7,+3.5,+3.8
2022-11-28 19:48,0,+17.5,+14.8,+14.0,+1.0,+2.0,+2.3,+2.7,+3.5,+3.8
2022-11-28 20:48,0,+17.5,+14.8,+14.0,+1.0,+2.0,+2.5,+2.7,+3.5,+3.8
2022-11-28 21:48,0,+17.5,+14.9,+14.0,+1.0,+2.0,+2.3,+2.7,+3.5,+3.8
2022-11-28 22:48,0,+17.5,+14.9,+14.0,+1.0,+2.0,+2.3,+2.7,+3.5,+3.8
2022-11-28 23:48,0,+17.6,+14.9,+14.0,+1.0,+2.0,+2.3,+2.7,+3.5,+3.8
2022-11-29 00:48,0,+17.6,+14.9,+14.0,+1.0,+2.0,+2.3,+2.6,+3.3,+3.8
2022-11-29 01:48,0,+17.6,+14.9,+14.0,+1.0,+2.0,+2.3,+2.7,+3.3,+3.8
2022-11-29 02:48,0,+17.6,+14.8,+14.0,+1.0,+2.0,+2.3,+2.6,+3.3,+3.7
2022-11-29 03:48,0,+17.6,+14.8,+14.0,+0.8,+1.8,+2.3,+2.6,+3.3,+3.8
2022-11-29 04:48,0,+17.6,+14.8,+14.0,+0.7,+1.8,+2.3,+2.6,+3.3,+3.7
2022-11-29 05:48,0,+17.6,+14.8,+14.0,+0.7,+1.8,+2.3,+2.7,+3.3,+3.7
2022-11-29 06:48,0,+17.6,+14.8,+14.0,+0.7,+1.8,+2.3,+2.6,+3.3,+3.8
2022-11-29 07:48,0,+17.6,+14.9,+14.0,+0.6,+1.7,+2.3,+2.6,+3.3,+3.7
2022-11-29 08:48,0,+17.5,+14.8,+14.0,+0.6,+1.7,+2.3,+2.6,+3.3,+3.7
2022-11-29 09:48,0,+17.4,+14.9,+14.0,+0.6,+1.8,+2.2,+2.6,+3.3,+3.7
2022-11-29 10:48,0,+17.4,+14.8,+14.0,+0.6,+1.7,+2.2,+2.6,+3.3,+3.7
2022-11-29 11:48,0,+17.4,+14.8,+14.0,+0.6,+1.7,+2.2,+2.6,+3.3,+3.7
2022-11-29 12:48,0,+17.4,+14.8,+14.0,+0.5,+1.7,+2.2,+2.6,+3.3,+3.7
2022-11-29 13:48,0,+17.4,+14.8,+14.0,+0.5,+1.6,+2.2,+2.5,+3.2,+3.7
2022-11-29 14:48,0,+17.3,+14.8,+14.0,+0.5,+1.6,+2.2,+2.5,+3.2,+3.7
2022-11-29 15:48,0,+17.3,+14.8,+14.0,+0.5,+1.6,+2.1,+2.5,+3.2,+3.6
2022-11-29 16:48,0,+17.3,+14.8,+14.0,+0.3,+1.6,+2.1,+2.5,+3.2,+3.7
2022-11-29 17:48,0,+17.3,+14.8,+14.0,+0.3,+1.6,+2.1,+2.5,+3.2,+3.7
2022-11-29 18:48,0,+17.3,+14.8,+14.0,+0.3,+1.6,+2.1,+2.5,+3.2,+3.6
2022-11-29 19:48,0,+17.2,+14.8,+14.0,+0.3,+1.6,+2.1,+2.5,+3.2,+3.6
2022-11-29 20:48,0,+17.2,+14.8,+14.0,+0.3,+1.6,+2.1,+2.3,+3.2,+3.6
2022-11-29 21:48,0,+17.2,+14.8,+14.0,+0.3,+1.5,+2.1,+2.5,+3.2,+3.6
2022-11-29 22:48,0,+17.2,+14.8,+14.0,+0.2,+1.5,+2.0,+2.5,+3.2,+3.6
2022-11-29 23:48,0,+17.2,+14.8,+14.0,+0.2,+1.5,+2.1,+2.3,+3.2,+3.6
2022-11-30 00:48,0,+17.2,+14.8,+14.0,+0.3,+1.5,+2.0,+2.3,+3.1,+3.6
2022-11-30 01:48,0,+17.1,+14.8,+14.0,+0.2,+1.5,+2.0,+2.3,+3.1,+3.6
2022-11-30 02:48,0,+17.1,+14.8,+14.0,+0.2,+1.5,+2.0,+2.3,+3.1,+3.6
2022-11-30 03:48,0,+17.1,+14.8,+14.0,+0.2,+1.5,+2.0,+2.3,+3.1,+3.6
2022-11-30 04:48,0,+17.0,+14.7,+14.0,+0.2,+1.3,+2.0,+2.3,+3.1,+3.6
2022-11-30 05:48,0,+17.0,+14.7,+14.0,+0.2,+1.5,+2.0,+2.3,+3.1,+3.6
2022-11-30 06:48,0,+16.9,+14.7,+13.9,+0.2,+1.5,+1.8,+2.3,+3.1,+3.6
2022-11-30 07:48,0,+16.9,+14.7,+13.9,+0.1,+1.3,+2.0,+2.3,+3.1,+3.5
2022-11-30 08:48,0,+16.8,+14.7,+13.9,+0.1,+1.3,+2.0,+2.2,+3.1,+3.6
2022-11-30 09:48,0,+16.7,+14.7,+13.9,+0.1,+1.3,+1.8,+2.2,+3.1,+3.5
2022-11-30 10:48,0,+16.6,+14.7,+13.9,+0.1,+1.3,+1.8,+2.3,+3.1,+3.5
2022-11-30 11:48,0,+16.6,+14.7,+13.9,+0.0,+1.3,+1.8,+2.2,+3.0,+3.5
2022-11-30 12:48,0,+16.6,+14.7,+13.9,+0.1,+1.3,+1.8,+2.2,+3.0,+3.5
2022-11-30 13:48,0,+16.5,+14.7,+13.9,+0.0,+1.2,+1.7,+2.2,+3.1,+3.5
2022-11-30 14:48,0,+16.5,+14.7,+13.9,+0.1,+1.2,+1.8,+2.2,+3.0,+3.5
2022-11-30 15:48,0,+16.4,+14.7,+13.9,+0.0,+1.2,+1.8,+2.2,+3.0,+3.5
2022-11-30 16:48,0,+16.3,+14.7,+13.8,+0.0,+1.2,+1.7,+2.2,+3.0,+3.3
2022-11-30 17:48,0,+16.2,+14.7,+13.8,+0.0,+1.2,+1.7,+2.2,+3.0,+3.3
2022-11-30 18:48,0,+16.0,+14.7,+13.8,-0.1,+1.2,+1.7,+2.2,+3.0,+3.3
2022-11-30 19:48,0,+15.9,+14.7,+13.8,+0.0,+1.2,+1.7,+2.1,+3.0,+3.3
2022-11-30 20:48,0,+15.8,+14.7,+13.8,-0.1,+1.2,+1.7,+2.1,+3.0,+3.3
2022-11-30 21:48,0,+15.6,+14.5,+13.7,-0.1,+1.2,+1.7,+2.1,+3.0,+3.3
2022-11-30 22:48,0,+15.5,+14.5,+13.7,-0.1,+1.1,+1.7,+2.1,+3.0,+3.3
2022-11-30 23:48,0,+15.4,+14.5,+13.7,-0.2,+1.1,+1.7,+2.1,+2.8,+3.3
2022-12-01 00:48,0,+15.2,+14.4,+13.6,-0.2,+1.1,+1.6,+2.1,+2.8,+3.3
2022-12-01 01:48,0,+15.0,+14.3,+13.6,-0.2,+1.1,+1.6,+2.0,+2.8,+3.3
2022-12-01 02:48,0,+14.9,+14.3,+13.6,-0.2,+1.1,+1.6,+2.1,+2.8,+3.3
2022-12-01 03:48,0,+14.7,+14.2,+13.5,-0.2,+1.0,+1.6,+2.0,+2.8,+3.3
2022-12-01 04:48,0,+14.6,+14.1,+13.5,-0.3,+1.0,+1.6,+2.0,+2.8,+3.3
2022-12-01 05:48,0,+14.4,+14.1,+13.4,-0.3,+1.0,+1.6,+2.0,+2.8,+3.3
2022-12-01 06:48,0,+14.3,+14.0,+13.4,-0.3,+1.0,+1.6,+2.0,+2.8,+3.2
2022-12-01 07:48,0,+14.2,+13.9,+13.4,-0.3,+1.0,+1.6,+2.0,+2.8,+3.2
2022-12-01 08:48,0,+14.1,+13.9,+13.3,-0.3,+1.0,+1.5,+2.0,+2.7,+3.2
2022-12-01 09:48,0,+14.0,+13.9,+13.3,-0.3,+1.0,+1.5,+2.0,+2.7,+3.2
2022-12-01 10:48,0,+13.9,+13.8,+13.3,-0.3,+1.0,+1.5,+2.0,+2.7,+3.2
2022-12-01 11:48,0,+13.8,+13.7,+13.3,-0.3,+1.0,+1.5,+1.8,+2.7,+3.2
2022-12-01 12:48,0,+13.8,+13.7,+13.3,-0.3,+0.8,+1.5,+1.8,+2.7,+3.2
2022-12-01 13:48,0,+13.8,+13.7,+13.2,-0.2,+0.8,+1.5,+1.8,+2.7,+3.1
2022-12-01 14:48,0,+13.8,+13.7,+13.2,-0.3,+0.8,+1.5,+1.8,+2.7,+3.2