
2022-10-22 10:38,0,+10.3,+9.6,+6.6,+10.2,+11.5,+12.3,+10.7,+10.5,+10.0
2022-10-22 11:38,0,+10.5,+10.0,+6.8,+7.5,+7.8,+7.8,+8.0,+8.0,+7.7
2022-10-22 12:38,0,+10.7,+10.3,+7.2,+7.6,+7.7,+7.8,+8.0,+8.0,+7.7
2022-10-22 13:38,0,+10.7,+10.6,+7.5,+7.6,+7.8,+7.8,+8.0,+8.0,+7.8
2022-10-22 14:38,0,+10.7,+10.9,+7.7,+7.8,+7.8,+7.8,+8.0,+8.0,+7.7
2022-10-22 15:38,0,+10.8,+11.0,+7.9,+8.0,+7.8,+7.8,+8.0,+8.0,+7.7
2022-10-22 16:38,0,+10.8,+11.2,+8.1,+8.2,+8.0,+7.8,+8.0,+8.0,+7.8
2022-10-22 17:38,0,+10.8,+11.4,+8.3,+8.2,+8.1,+7.8,+8.0,+8.0,+7.8
2022-10-22 18:38,0,+10.8,+11.5,+8.3,+8.2,+8.2,+8.0,+8.1,+8.0,+7.8
2022-10-22 19:38,0,+10.9,+11.6,+8.4,+8.2,+8.2,+8.0,+8.1,+8.0,+7.8
2022-10-22 20:38,0,+10.9,+11.7,+8.6,+8.2,+8.2,+8.0,+8.1,+8.0,+7.8
2022-10-22 21:38,0,+10.9,+11.8,+8.7,+8.1,+8.2,+8.1,+8.1,+8.0,+7.8
2022-10-22 22:38,0,+11.0,+11.9,+8.8,+8.1,+8.3,+8.1,+8.1,+8.0,+7.8
2022-10-22 23:38,0,+11.0,+11.9,+8.9,+8.1,+8.3,+8.1,+8.2,+8.1,+7.8
2022-10-23 00:38,0,+11.0,+12.0,+9.0,+8.0,+8.3,+8.1,+8.2,+8.1,+7.8
2022-10-23 01:38,0,+11.1,+12.1,+9.1,+8.0,+8.3,+8.1,+8.2,+8.1,+7.8
2022-10-23 02:38,0,+11.1,+12.1,+9.2,+7.8,+8.2,+8.1,+8.2,+8.1,+7.8
2022-10-23 03:38,0,+11.1,+12.2,+9.3,+7.8,+8.2,+8.2,+8.2,+8.1,+8.0
2022-10-23 04:38,0,+11.1,+12.2,+9.4,+7.8,+8.2,+8.2,+8.2,+8.1,+8.0
2022-10-23 05:38,0,+11.2,+12.3,+9.4,+7.8,+8.2,+8.2,+8.2,+8.1,+8.0
2022-10-23 06:38,0,+11.2,+12.3,+9.5,+7.7,+8.2,+8.2,+8.2,+8.1,+8.0
2022-10-23 07:38,0,+11.2,+12.3,+9.6,+7.7,+8.2,+8.2,+8.2,+8.1,+8.0
2022-10-23 08:38,0,+11.2,+12.4,+9.6,+7.7,+8.1,+8.2,+8.2,+8.1,+8.0
2022-10-23 09:38,0,+11.3,+12.5,+9.7,+7.7,+8.2,+8.2,+8.3,+8.1,+8.0
2022-10-23 10:38,0,+11.2,+12.5,+9.8,+7.8,+8.1,+8.2,+8.3,+8.2,+8.0
2022-10-23 11:38,0,+11.2,+12.5,+9.8,+8.1,+8.2,+8.1,+8.3,+8.2,+8.0
2022-10-23 12:38,0,+11.2,+12.5,+9.9,+8.3,+8.2,+8.2,+8.3,+8.2,+8.0
2022-10-23 13:38,0,+11.1,+12.5,+10.0,+8.7,+8.3,+8.1,+8.2,+8.2,+8.0
2022-10-23 14:38,0,+11.1,+12.5,+10.0,+9.0,+8.5,+8.2,+8.3,+8.2,+8.0
2022-10-23 15:38,0,+11.2,+12.6,+10.1,+9.3,+8.6,+8.2,+8.3,+8.2,+8.1
2022-10-23 16:38,0,+11.2,+12.6,+10.2,+9.6,+8.8,+8.3,+8.3,+8.2,+8.1
2022-10-23 17:38,0,+11.3,+12.7,+10.2,+9.7,+9.0,+8.5,+8.3,+8.2,+8.0
2022-10-23 18:38,0,+11.3,+12.7,+10.3,+9.8,+9.1,+8.5,+8.3,+8.2,+8.1
2022-10-23 19:38,0,+11.3,+12.7,+10.3,+9.7,+9.2,+8.6,+8.5,+8.2,+8.1
2022-10-23 20:38,0,+11.3,+12.8,+10.4,+9.8,+9.3,+8.7,+8.5,+8.3,+8.1
2022-10-23 21:38,0,+11.4,+12.8,+10.4,+9.8,+9.3,+8.7,+8.6,+8.3,+8.1
2022-10-23 22:38,0,+11.4,+12.8,+10.5,+10.0,+9.5,+8.8,+8.6,+8.3,+8.1
2022-10-23 23:38,0,+11.4,+12.9,+10.5,+10.1,+9.5,+9.0,+8.7,+8.3,+8.2
2022-10-24 00:38,0,+11.5,+12.9,+10.5,+10.0,+9.5,+9.0,+8.7,+8.3,+8.2
2022-10-24 01:38,0,+11.5,+12.9,+10.6,+10.1,+9.6,+9.0,+8.7,+8.5,+8.2
2022-10-24 02:38,0,+11.5,+13.0,+10.6,+10.1,+9.6,+9.0,+8.8,+8.5,+8.2
2022-10-24 03:38,0,+11.6,+13.0,+10.6,+10.1,+9.6,+9.1,+8.8,+8.5,+8.2
2022-10-24 04:38,0,+11.7,+13.0,+10.7,+10.2,+9.7,+9.1,+8.8,+8.6,+8.2
2022-10-24 05:38,0,+11.7,+13.0,+10.7,+10.2,+9.8,+9.2,+8.8,+8.5,+8.3
2022-10-24 06:38,0,+11.8,+13.1,+10.8,+10.3,+9.8,+9.2,+9.0,+8.6,+8.3
2022-10-24 07:38,0,+11.8,+13.1,+10.8,+10.3,+9.8,+9.2,+9.0,+8.6,+8.3
2022-10-24 08:38,0,+12.0,+13.2,+10.9,+10.5,+10.0,+9.3,+9.0,+8.6,+8.3
2022-10-24 09:38,0,+12.0,+13.2,+10.9,+10.5,+10.0,+9.3,+9.1,+8.7,+8.3
2022-10-24 10:38,0,+12.0,+13.2,+11.0,+10.6,+10.1,+9.5,+9.1,+8.7,+8.5
2022-10-24 11:38,0,+12.1,+13.3,+11.0,+10.6,+10.1,+9.5,+9.1,+8.7,+8.5
2022-10-24 12:38,0,+12.1,+13.3,+11.1,+10.6,+10.1,+9.5,+9.2,+8.7,+8.5
2022-10-24 13:38,0,+12.2,+13.4,+11.1,+10.5,+10.2,+9.5,+9.2,+8.8,+8.6
2022-10-24 14:38,0,+12.3,+13.4,+11.2,+10.3,+10.2,+9.6,+9.3,+8.8,+8.6
2022-10-24 15:38,0,+12.4,+13.5,+11.2,+10.2,+10.1,+9.6,+9.2,+8.8,+8.6
2022-10-24 16:38,0,+12.5,+13.5,+11.3,+10.1,+10.1,+9.6,+9.3,+8.8,+8.6
2022-10-24 17:38,0,+12.5,+13.5,+11.3,+10.0,+10.1,+9.6,+9.3,+9.0,+8.6
2022-10-24 18:38,0,+12.5,+13.5,+11.3,+9.7,+10.0,+9.6,+9.3,+9.0,+8.6
2022-10-24 19:38,0,+12.5,+13.6,+11.3,+9.6,+10.0,+9.6,+9.3,+9.0,+8.7
2022-10-24 20:38,0,+12.5,+13.6,+11.4,+9.5,+9.7,+9.6,+9.5,+9.0,+8.7
2022-10-24 21:38,0,+12.5,+13.6,+11.4,+9.3,+9.8,+9.6,+9.5,+9.0,+8.7
2022-10-24 22:38,0,+12.5,+13.6,+11.4,+9.1,+9.6,+9.5,+9.5,+9.1,+8.7
2022-10-24 23:38,0,+12.5,+13.6,+11.4,+9.0,+9.6,+9.5,+9.5,+9.1,+8.8
2022-10-25 00:38,0,+12.6,+13.6,+11.4,+8.8,+9.5,+9.5,+9.3,+9.1,+8.8
2022-10-25 01:38,0,+12.6,+13.6,+11.5,+8.7,+9.5,+9.3,+9.3,+9.1,+8.8
2022-10-25 02:38,0,+12.6,+13.6,+11.5,+8.6,+9.3,+9.3,+9.3,+9.1,+8.8
2022-10-25 03:38,0,+12.6,+13.6,+11.5,+8.6,+9.2,+9.3,+9.3,+9.1,+8.8
2022-10-25 04:38,0,+12.6,+13.6,+11.5,+8.5,+9.1,+9.3,+9.3,+9.1,+8.8
2022-10-25 05:38,0,+12.6,+13.6,+11.5,+8.3,+9.1,+9.2,+9.3,+9.1,+8.8
2022-10-25 06:38,0,+12.6,+13.6,+11.5,+8.2,+9.1,+9.2,+9.2,+9.1,+8.7
2022-10-25 07:38,0,+12.6,+13.6,+11.5,+8.1,+9.0,+9.1,+9.2,+9.1,+8.8
2022-10-25 08:38,0,+12.7,+13.6,+11.5,+8.0,+8.8,+9.1,+9.2,+9.1,+8.7
2022-10-25 09:38,0,+12.7,+13.6,+11.6,+7.8,+8.8,+9.1,+9.2,+9.0,+8.7
2022-10-25 10:38,0,+12.7,+13.6,+11.6,+7.7,+8.7,+9.0,+9.2,+9.0,+8.7
2022-10-25 11:38,0,+12.7,+13.6,+11.6,+7.6,+8.6,+8.8,+9.1,+9.1,+8.8
2022-10-25 12:38,0,+12.7,+13.7,+11.6,+7.6,+8.6,+8.8,+9.1,+9.0,+8.8
2022-10-25 13:38,0,+12.8,+13.7,+11.6,+7.5,+8.5,+8.8,+9.1,+9.0,+8.7
2022-10-25 14:38,0,+12.8,+13.7,+11.6,+7.5,+8.5,+8.8,+9.1,+9.0,+8.7
2022-10-25 15:38,0,+12.8,+13.7,+11.6,+7.5,+8.3,+8.7,+9.0,+9.0,+8.7
2022-10-25 16:38,0,+12.8,+13.7,+11.6,+7.5,+8.3,+8.7,+9.0,+9.0,+8.7
2022-10-25 17:38,0,+12.8,+13.7,+11.6,+7.5,+8.3,+8.7,+9.0,+9.0,+8.7
2022-10-25 18:38,0,+12.8,+13.7,+11.6,+7.5,+8.3,+8.6,+9.0,+8.8,+8.7
2022-10-25 19:38,0,+12.8,+13.7,+11.6,+7.3,+8.2,+8.6,+9.0,+8.8,+8.7
2022-10-25 20:38,0,+12.8,+13.6,+11.6,+7.2,+8.2,+8.5,+8.8,+9.0,+8.7
2022-10-25 21:38,0,+12.8,+13.7,+11.6,+7.2,+8.1,+8.5,+8.8,+8.8,+8.7
2022-10-25 22:38,0,+12.8,+13.7,+11.7,+7.1,+8.2,+8.5,+8.8,+8.8,+8.7
2022-10-25 23:38,0,+12.8,+13.7,+11.7,+7.1,+8.1,+8.5,+8.8,+8.8,+8.6
2022-10-26 00:38,0,+12.9,+13.7,+11.7,+7.1,+8.1,+8.3,+8.7,+8.8,+8.6
2022-10-26 01:38,0,+13.0,+13.7,+11.7,+7.0,+8.0,+8.3,+8.7,+8.7,+8.6
2022-10-26 02:38,0,+12.8,+13.7,+11.7,+7.0,+8.0,+8.3,+8.7,+8.7,+8.6
2022-10-26 03:38,0,+12.8,+13.7,+11.7,+6.8,+7.8,+8.2,+8.7,+8.7,+8.6
2022-10-26 04:38,0,+12.8,+13.7,+11.7,+6.8,+7.8,+8.2,+8.7,+8.7,+8.6
2022-10-26 05:38,0,+13.0,+13.7,+11.7,+6.8,+7.8,+8.2,+8.7,+8.7,+8.6
2022-10-26 06:38,0,+13.0,+13.7,+11.7,+6.7,+7.7,+8.2,+8.6,+8.7,+8.5
2022-10-26 07:38,0,+13.0,+13.7,+11.7,+6.7,+7.7,+8.1,+8.6,+8.6,+8.5
2022-10-26 08:38,0,+13.1,+13.7,+11.7,+6.6,+7.7,+8.1,+8.6,+8.7,+8.5
2022-10-26 09:38,0,+13.0,+13.7,+11.8,+6.6,+7.6,+8.1,+8.6,+8.6,+8.5
2022-10-26 10:38,0,+13.0,+13.7,+11.8,+6.6,+7.6,+8.1,+8.5,+8.6,+8.5
2022-10-26 11:38,0,+13.1,+13.7,+11.8,+6.6,+7.6,+8.0,+8.5,+8.6,+8.5
2022-10-26 12:38,0,+13.0,+13.7,+11.8,+6.6,+7.6,+8.0,+8.5,+8.6,+8.5
2022-10-26 13:38,0,+13.0,+13.7,+11.8,+6.6,+7.5,+8.0,+8.5,+8.6,+8.5
2022-10-26 14:38,0,+13.0,+13.7,+11.8,+6.7,+7.6,+7.8,+8.5,+8.5,+8.3
2022-10-26 15:38,0,+13.0,+13.7,+11.8,+6.8,+7.6,+8.0,+8.3,+8.5,+8.3
2022-10-26 16:38,0,+13.0,+13.7,+11.9,+6.8,+7.6,+7.8,+8.3,+8.5,+8.3
2022-10-26 17:38,0,+13.0,+13.8,+11.9,+6.8,+7.6,+7.8,+8.3,+8.5,+8.3
2022-10-26 18:38,0,+13.0,+13.8,+11.9,+6.8,+7.6,+8.0,+8.3,+8.5,+8.3
2022-10-26 19:38,0,+13.0,+13.8,+11.9,+6.7,+7.6,+8.0,+8.3,+8.3,+8.2
2022-10-26 20:38,0,+13.1,+13.8,+11.9,+6.7,+7.6,+7.8,+8.3,+8.5,+8.2
2022-10-26 21:38,0,+13.0,+13.8,+11.9,+6.5,+7.5,+7.8,+8.3,+8.5,+8.2
2022-10-26 22:38,0,+13.1,+13.8,+11.9,+6.5,+7.5,+7.8,+8.2,+8.3,+8.2
2022-10-26 23:38,0,+13.1,+13.8,+12.0,+6.3,+7.5,+7.8,+8.2,+8.3,+8.2
2022-10-27 00:38,0,+13.1,+13.8,+12.0,+6.2,+7.3,+7.8,+8.3,+8.3,+8.2
2022-10-27 01:38,0,+13.1,+13.8,+12.0,+6.1,+7.3,+7.7,+8.2,+8.3,+8.2
2022-10-27 02:38,0,+13.1,+13.8,+12.0,+6.1,+7.2,+7.7,+8.2,+8.3,+8.2
2022-10-27 03:38,0,+13.2,+13.8,+12.0,+6.0,+7.2,+7.6,+8.2,+8.3,+8.2
2022-10-27 04:38,0,+13.2,+13.8,+12.0,+6.0,+7.1,+7.6,+8.1,+8.3,+8.2
2022-10-27 05:38,0,+13.3,+13.8,+12.0,+5.8,+7.1,+7.6,+8.1,+8.2,+8.1
2022-10-27 06:38,0,+13.3,+13.8,+12.0,+5.8,+7.1,+7.6,+8.1,+8.2,+8.1
2022-10-27 07:38,0,+13.3,+13.8,+12.0,+5.7,+7.0,+7.5,+8.1,+8.2,+8.1
2022-10-27 08:38,0,+13.3,+13.9,+12.0,+5.7,+7.0,+7.5,+8.1,+8.2,+8.1
2022-10-27 09:38,0,+13.3,+13.9,+12.1,+5.7,+7.0,+7.5,+8.0,+8.2,+8.1
2022-10-27 10:38,0,+13.3,+13.9,+12.1,+5.7,+6.8,+7.5,+8.0,+8.2,+8.1
2022-10-27 11:38,0,+13.3,+13.9,+12.1,+5.8,+6.8,+7.3,+8.0,+8.2,+8.1
2022-10-27 12:38,0,+13.3,+13.9,+12.1,+6.1,+6.8,+7.3,+8.0,+8.2,+8.1
2022-10-27 13:38,0,+13.3,+13.9,+12.1,+6.2,+6.8,+7.3,+8.0,+8.1,+8.0
2022-10-27 14:38,0,+13.3,+13.9,+12.1,+6.3,+7.0,+7.3,+7.8,+8.1,+8.0
2022-10-27 15:38,0,+13.3,+13.9,+12.2,+6.5,+7.0,+7.3,+7.8,+8.1,+8.0
2022-10-27 16:38,0,+13.3,+13.9,+12.2,+6.6,+7.1,+7.3,+7.8,+8.1,+8.0
2022-10-27 17:38,0,+13.3,+14.0,+12.2,+6.6,+7.1,+7.3,+7.8,+8.1,+8.0
2022-10-27 18:38,0,+13.3,+14.0,+12.2,+6.7,+7.2,+7.3,+7.8,+8.1,+8.0
2022-10-27 19:38,0,+13.3,+14.0,+12.3,+6.8,+7.2,+7.5,+8.0,+8.0,+7.8
2022-10-27 20:38,0,+13.3,+14.0,+12.3,+6.8,+7.2,+7.5,+7.8,+8.0,+8.0
2022-10-27 21:38,0,+13.3,+14.0,+12.3,+6.8,+7.3,+7.5,+7.8,+8.0,+7.8
2022-10-27 22:38,0,+13.3,+14.0,+12.3,+7.0,+7.3,+7.5,+7.8,+8.0,+7.8
2022-10-27 23:38,0,+13.3,+14.0,+12.3,+7.0,+7.3,+7.5,+8.0,+8.0,+8.0
2022-10-28 00:38,0,+13.3,+14.0,+12.3,+7.0,+7.5,+7.5,+8.0,+8.0,+8.0
2022-10-28 01:38,0,+13.3,+14.0,+12.4,+7.0,+7.5,+7.6,+8.0,+8.0,+7.8
2022-10-28 02:38,0,+13.3,+14.0,+12.4,+7.1,+7.5,+7.6,+8.0,+8.0,+7.8
2022-10-28 03:38,0,+13.3,+14.0,+12.4,+7.1,+7.5,+7.6,+8.0,+8.0,+7.8
2022-10-28 04:38,0,+13.3,+14.0,+12.4,+7.1,+7.6,+7.6,+8.0,+8.0,+7.8
2022-10-28 05:38,0,+13.3,+14.0,+12.5,+7.1,+7.5,+7.6,+8.0,+8.0,+7.8
2022-10-28 06:38,0,+13.3,+14.1,+12.5,+7.1,+7.6,+7.7,+7.8,+8.0,+7.8
2022-10-28 07:38,0,+13.3,+14.1,+12.5,+7.1,+7.6,+7.6,+8.0,+8.0,+7.8
2022-10-28 08:38,0,+13.3,+14.1,+12.5,+7.1,+7.6,+7.7,+8.0,+8.0,+7.8
2022-10-28 09:38,0,+13.3,+14.1,+12.5,+7.1,+7.6,+7.6,+8.0,+8.0,+7.8
2022-10-28 10:38,0,+13.3,+14.1,+12.5,+7.1,+7.6,+7.7,+8.0,+8.0,+7.8
2022-10-28 11:38,0,+13.3,+14.1,+12.5,+7.2,+7.5,+7.7,+8.0,+8.0,+7.8
2022-10-28 12:38,0,+13.3,+14.1,+12.5,+7.3,+7.6,+7.7,+8.0,+8.0,+7.8
2022-10-28 13:38,0,+13.3,+14.1,+12.5,+7.5,+7.7,+7.7,+8.0,+8.0,+7.8
2022-10-28 14:38,0,+13.2,+14.1,+12.5,+7.7,+7.7,+7.7,+8.0,+8.1,+7.8
2022-10-28 15:38,0,+13.2,+14.1,+12.5,+7.8,+7.7,+7.8,+8.0,+8.0,+7.8
2022-10-28 16:38,0,+13.2,+14.1,+12.5,+8.0,+8.0,+7.8,+8.0,+8.0,+7.8
2022-10-28 17:38,0,+13.2,+14.2,+12.5,+8.1,+8.0,+7.8,+8.0,+8.0,+8.0
2022-10-28 18:38,0,+13.2,+14.2,+12.5,+8.1,+8.1,+8.0,+8.1,+8.0,+7.8
2022-10-28 19:38,0,+13.2,+14.2,+12.5,+8.1,+8.1,+8.0,+8.0,+8.0,+7.8
2022-10-28 20:38,0,+13.2,+14.2,+12.5,+8.1,+8.2,+8.0,+8.1,+8.1,+7.8
2022-10-28 21:38,0,+13.2,+14.2,+12.6,+8.1,+8.2,+8.0,+8.1,+8.1,+7.8
2022-10-28 22:38,0,+13.2,+14.2,+12.6,+8.1,+8.2,+8.1,+8.2,+8.1,+7.8
2022-10-28 23:38,0,+13.2,+14.2,+12.6,+8.1,+8.2,+8.1,+8.2,+8.1,+8.0
2022-10-29 00:38,0,+13.2,+14.2,+12.6,+8.1,+8.2,+8.1,+8.2,+8.1,+7.8
2022-10-29 01:38,0,+13.2,+14.2,+12.6,+8.1,+8.2,+8.2,+8.2,+8.1,+8.0
2022-10-29 02:38,0,+13.2,+14.2,+12.6,+8.1,+8.2,+8.2,+8.2,+8.1,+8.0
2022-10-29 03:38,0,+13.2,+14.2,+12.6,+8.1,+8.2,+8.2,+8.2,+8.2,+8.0
2022-10-29 04:38,0,+13.2,+14.2,+12.6,+8.1,+8.3,+8.2,+8.3,+8.2,+8.0
2022-10-29 05:38,0,+13.2,+14.2,+12.6,+8.1,+8.3,+8.2,+8.3,+8.2,+8.0
2022-10-29 06:38,0,+13.2,+14.2,+12.6,+8.0,+8.3,+8.2,+8.3,+8.2,+8.0
2022-10-29 07:38,0,+13.2,+14.3,+12.6,+8.0,+8.3,+8.2,+8.3,+8.2,+8.1
2022-10-29 08:38,0,+13.2,+14.3,+12.7,+7.8,+8.3,+8.2,+8.3,+8.2,+8.0
2022-10-29 09:38,0,+13.2,+14.3,+12.7,+8.0,+8.3,+8.2,+8.3,+8.2,+8.1
2022-10-29 10:38,0,+13.2,+14.3,+12.7,+8.0,+8.2,+8.2,+8.3,+8.2,+8.1
2022-10-29 11:38,0,+13.2,+14.3,+12.7,+8.0,+8.2,+8.2,+8.3,+8.2,+8.1
2022-10-29 12:38,0,+13.2,+14.3,+12.7,+8.1,+8.3,+8.3,+8.3,+8.2,+8.1
2022-10-29 13:38,0,+13.1,+14.3,+12.7,+8.2,+8.3,+8.2,+8.3,+8.2,+8.1
2022-10-29 14:38,0,+13.1,+14.3,+12.7,+8.5,+8.3,+8.2,+8.3,+8.2,+8.1
2022-10-29 15:38,0,+13.1,+14.3,+12.7,+8.6,+8.5,+8.3,+8.3,+8.2,+8.1
2022-10-29 16:38,0,+13.1,+14.3,+12.7,+8.7,+8.6,+8.3,+8.3,+8.2,+8.1
2022-10-29 17:38,0,+13.1,+14.3,+12.7,+8.8,+8.6,+8.3,+8.5,+8.3,+8.1
2022-10-29 18:38,0,+13.1,+14.3,+12.7,+8.8,+8.7,+8.5,+8.5,+8.3,+8.1
2022-10-29 19:38,0,+13.1,+14.3,+12.8,+8.8,+8.8,+8.5,+8.5,+8.2,+8.1
2022-10-29 20:38,0,+13.1,+14.3,+12.8,+8.7,+8.8,+8.6,+8.5,+8.3,+8.1
2022-10-29 21:38,0,+13.1,+14.3,+12.8,+8.6,+8.7,+8.6,+8.5,+8.3,+8.1
2022-10-29 22:38,0,+13.1,+14.3,+12.8,+8.6,+8.8,+8.6,+8.6,+8.3,+8.1
2022-10-29 23:38,0,+13.1,+14.3,+12.8,+8.6,+8.7,+8.6,+8.6,+8.3,+8.1
2022-10-30 00:38,0,+13.1,+14.3,+12.8,+8.5,+8.8,+8.6,+8.6,+8.3,+8.2
2022-10-30 01:38,0,+13.1,+14.3,+12.8,+8.5,+8.7,+8.6,+8.6,+8.5,+8.2
2022-10-30 02:38,0,+13.1,+14.3,+12.8,+8.3,+8.7,+8.6,+8.6,+8.3,+8.2
2022-10-30 03:38,0,+13.1,+14.3,+12.8,+8.2,+8.6,+8.6,+8.6,+8.3,+8.2
2022-10-30 04:38,0,+13.1,+14.3,+12.8,+8.2,+8.7,+8.6,+8.6,+8.5,+8.2
2022-10-30 05:38,0,+13.1,+14.3,+12.8,+8.1,+8.6,+8.6,+8.6,+8.5,+8.2
2022-10-30 06:38,0,+13.2,+14.3,+12.8,+8.0,+8.6,+8.6,+8.6,+8.5,+8.2
2022-10-30 07:38,0,+13.2,+14.3,+12.8,+7.8,+8.5,+8.5,+8.6,+8.5,+8.2
2022-10-30 08:38,0,+13.2,+14.3,+12.8,+7.7,+8.5,+8.5,+8.7,+8.5,+8.2
2022-10-30 09:38,0,+13.2,+14.3,+12.8,+7.6,+8.3,+8.5,+8.6,+8.5,+8.2
2022-10-30 10:38,0,+13.2,+14.3,+12.8,+7.6,+8.3,+8.5,+8.6,+8.5,+8.2
2022-10-30 11:38,0,+13.2,+14.3,+12.8,+7.7,+8.2,+8.5,+8.6,+8.5,+8.2
2022-10-30 12:38,0,+13.2,+14.3,+12.8,+7.8,+8.2,+8.3,+8.6,+8.5,+8.2
2022-10-30 13:38,0,+13.1,+14.3,+12.8,+8.0,+8.3,+8.3,+8.6,+8.5,+8.2
2022-10-30 14:38,0,+13.1,+14.3,+12.8,+8.2,+8.3,+8.3,+8.6,+8.5,+8.3
2022-10-30 15:38,0,+13.1,+14.3,+12.8,+8.3,+8.3,+8.3,+8.6,+8.5,+8.2
2022-10-30 16:38,0,+13.1,+14.3,+12.8,+8.5,+8.5,+8.5,+8.6,+8.5,+8.2
2022-10-30 17:38,0,+13.0,+14.3,+12.8,+8.5,+8.6,+8.5,+8.6,+8.5,+8.2
2022-10-30 18:38,0,+13.0,+14.3,+12.8,+8.5,+8.6,+8.5,+8.6,+8.5,+8.2
2022-10-30 19:38,0,+13.0,+14.3,+12.8,+8.3,+8.6,+8.5,+8.6,+8.5,+8.3
2022-10-30 20:38,0,+13.1,+14.3,+12.8,+8.3,+8.7,+8.5,+8.6,+8.5,+8.3
2022-10-30 21:38,0,+13.1,+14.3,+12.8,+8.1,+8.6,+8.6,+8.6,+8.5,+8.2
2022-10-30 22:38,0,+13.1,+14.3,+12.8,+8.0,+8.6,+8.5,+8.6,+8.5,+8.2
2022-10-30 23:38,0,+13.1,+14.3,+12.8,+7.8,+8.5,+8.5,+8.6,+8.5,+8.2
2022-10-31 00:38,0,+13.1,+14.3,+12.8,+7.6,+8.5,+8.5,+8.6,+8.5,+8.3
2022-10-31 01:38,0,+13.2,+14.3,+12.8,+7.5,+8.3,+8.5,+8.6,+8.5,+8.2
2022-10-31 02:38,0,+13.2,+14.3,+12.8,+7.3,+8.2,+8.5,+8.6,+8.5,+8.3
2022-10-31 03:38,0,+13.2,+14.3,+12.8,+7.2,+8.2,+8.3,+8.6,+8.5,+8.3
2022-10-31 04:38,0,+13.2,+14.3,+12.8,+7.2,+8.1,+8.3,+8.6,+8.5,+8.2
2022-10-31 05:38,0,+13.2,+14.3,+12.8,+7.1,+8.0,+8.3,+8.6,+8.5,+8.2
2022-10-31 06:38,0,+13.3,+14.3,+12.8,+7.0,+8.0,+8.2,+8.6,+8.5,+8.3
2022-10-31 07:38,0,+13.2,+14.3,+12.8,+6.8,+7.8,+8.2,+8.5,+8.5,+8.3
2022-10-31 08:38,0,+13.3,+14.3,+12.8,+6.8,+7.8,+8.1,+8.5,+8.5,+8.3
2022-10-31 09:38,0,+13.3,+14.2,+12.8,+6.8,+7.8,+8.1,+8.5,+8.5,+8.2
2022-10-31 10:38,0,+13.3,+14.2,+12.8,+6.8,+7.7,+8.1,+8.5,+8.5,+8.2
2022-10-31 11:38,0,+13.3,+14.2,+12.8,+7.0,+7.7,+8.0,+8.5,+8.5,+8.2
2022-10-31 12:38,0,+13.2,+14.2,+12.8,+7.1,+7.7,+8.0,+8.5,+8.3,+8.2
2022-10-31 13:38,0,+13.2,+14.2,+12.8,+7.3,+7.7,+8.0,+8.3,+8.3,+8.2
2022-10-31 14:38,0,+13.2,+14.2,+12.8,+7.6,+7.7,+8.0,+8.3,+8.3,+8.2
2022-10-31 15:38,0,+13.1,+14.3,+12.8,+7.8,+8.0,+8.0,+8.3,+8.3,+8.2
2022-10-31 16:38,0,+13.1,+14.3,+12.9,+8.0,+8.0,+8.0,+8.3,+8.3,+8.1
2022-10-31 17:38,0,+13.1,+14.3,+12.9,+8.0,+8.1,+8.1,+8.3,+8.3,+8.1
2022-10-31 18:38,0,+13.1,+14.3,+12.9,+8.1,+8.1,+8.1,+8.3,+8.3,+8.1
2022-10-31 19:38,0,+13.1,+14.3,+12.9,+8.0,+8.2,+8.2,+8.3,+8.3,+8.1
2022-10-31 20:38,0,+13.1,+14.3,+12.9,+8.0,+8.3,+8.2,+8.3,+8.2,+8.2
2022-10-31 21:38,0,+13.1,+14.3,+12.9,+8.0,+8.3,+8.2,+8.3,+8.2,+8.1
2022-10-31 22:38,0,+13.1,+14.3,+12.9,+8.0,+8.3,+8.2,+8.3,+8.3,+8.1
2022-10-31 23:38,0,+13.1,+14.3,+12.9,+7.8,+8.2,+8.2,+8.3,+8.3,+8.2
2022-11-01 00:38,0,+13.1,+14.3,+12.9,+7.7,+8.3,+8.2,+8.5,+8.3,+8.2
2022-11-01 01:38,0,+13.1,+14.3,+12.9,+7.7,+8.2,+8.2,+8.5,+8.3,+8.2
2022-11-01 02:38,0,+13.1,+14.3,+12.9,+7.6,+8.2,+8.2,+8.5,+8.3,+8.2
2022-11-01 03:38,0,+13.1,+14.3,+12.9,+7.5,+8.1,+8.2,+8.5,+8.3,+8.2
2022-11-01 04:38,0,+13.1,+14.3,+12.9,+7.3,+8.1,+8.2,+8.3,+8.3,+8.2
2022-11-01 05:38,0,+13.1,+14.3,+12.9,+7.2,+8.0,+8.2,+8.5,+8.3,+8.2
2022-11-01 06:38,0,+13.2,+14.3,+12.9,+7.1,+8.0,+8.1,+8.5,+8.3,+8.1
2022-11-01 07:38,0,+13.2,+14.3,+12.9,+7.1,+8.0,+8.1,+8.3,+8.3,+8.2
2022-11-01 08:38,0,+13.2,+14.3,+12.9,+7.0,+7.8,+8.1,+8.5,+8.3,+8.2
2022-11-01 09:38,0,+13.2,+14.3,+12.9,+6.8,+7.7,+8.1,+8.3,+8.3,+8.1
2022-11-01 10:38,0,+13.2,+14.3,+12.9,+6.8,+7.7,+8.0,+8.3,+8.3,+8.1
2022-11-01 11:38,0,+13.2,+14.2,+12.9,+7.0,+7.7,+8.0,+8.2,+8.3,+8.2
2022-11-01 12:38,0,+13.2,+14.2,+12.9,+7.2,+7.7,+8.0,+8.3,+8.3,+8.2
2022-11-01 13:38,0,+13.2,+14.2,+12.9,+7.5,+7.7,+8.0,+8.3,+8.3,+8.1
2022-11-01 14:38,0,+13.1,+14.2,+12.9,+7.8,+7.8,+8.0,+8.3,+8.3,+8.2
2022-11-01 15:38,0,+13.1,+14.3,+13.0,+8.1,+8.0,+8.0,+8.2,+8.2,+8.1
2022-11-01 16:38,0,+13.0,+14.3,+13.0,+8.3,+8.1,+8.1,+8.3,+8.2,+8.1
2022-11-01 17:38,0,+13.0,+14.3,+13.0,+8.5,+8.2,+8.1,+8.3,+8.2,+8.1
2022-11-01 18:38,0,+13.0,+14.3,+13.0,+8.5,+8.3,+8.1,+8.3,+8.3,+8.1
2022-11-01 19:38,0,+13.0,+14.3,+13.0,+8.3,+8.5,+8.2,+8.3,+8.2,+8.1
2022-11-01 20:38,0,+13.0,+14.3,+13.0,+8.3,+8.5,+8.2,+8.2,+8.3,+8.1
2022-11-01 21:38,0,+12.9,+14.3,+13.0,+8.3,+8.5,+8.2,+8.3,+8.2,+8.1
2022-11-01 22:38,0,+13.0,+14.3,+13.0,+8.2,+8.5,+8.3,+8.5,+8.2,+8.1
2022-11-01 23:38,0,+13.0,+14.3,+13.0,+8.2,+8.5,+8.3,+8.3,+8.2,+8.1
2022-11-02 00:38,0,+13.1,+14.3,+13.0,+8.2,+8.5,+8.3,+8.5,+8.3,+8.1
2022-11-02 01:38,0,+13.0,+14.3,+13.0,+8.1,+8.5,+8.3,+8.5,+8.2,+8.1
2022-11-02 02:38,0,+12.8,+14.3,+13.0,+8.1,+8.5,+8.3,+8.5,+8.3,+8.1
2022-11-02 03:38,0,+12.8,+14.3,+13.0,+8.0,+8.5,+8.5,+8.5,+8.3,+8.1
2022-11-02 04:38,0,+12.8,+14.3,+13.0,+8.0,+8.3,+8.3,+8.5,+8.3,+8.1
2022-11-02 05:38,0,+12.8,+14.3,+13.0,+8.0,+8.3,+8.3,+8.5,+8.3,+8.1
2022-11-02 06:38,0,+12.8,+14.3,+13.0,+7.8,+8.3,+8.3,+8.5,+8.3,+8.1
2022-11-02 07:38,0,+12.8,+14.3,+13.0,+7.8,+8.3,+8.3,+8.5,+8.3,+8.1
2022-11-02 08:38,0,+12.8,+14.3,+13.0,+8.0,+8.3,+8.3,+8.5,+8.3,+8.2
2022-11-02 09:38,0,+12.8,+14.3,+13.0,+7.8,+8.3,+8.3,+8.5,+8.3,+8.2
2022-11-02 10:38,0,+12.8,+14.3,+13.0,+8.0,+8.3,+8.3,+8.5,+8.3,+8.2
2022-11-02 11:38,0,+12.8,+14.3,+13.1,+8.2,+8.3,+8.3,+8.5,+8.3,+8.2
2022-11-02 12:38,0,+12.7,+14.3,+13.1,+8.3,+8.3,+8.3,+8.5,+8.3,+8.2
2022-11-02 13:38,0,+12.8,+14.3,+13.1,+8.7,+8.5,+8.3,+8.5,+8.3,+8.2
2022-11-02 14:38,0,+12.7,+14.3,+13.1,+9.0,+8.6,+8.3,+8.5,+8.3,+8.2
2022-11-02 15:38,0,+12.8,+14.3,+13.1,+9.2,+8.7,+8.5,+8.5,+8.3,+8.2
2022-11-02 16:38,0,+12.8,+14.4,+13.2,+9.3,+8.8,+8.5,+8.6,+8.3,+8.2
2022-11-02 17:38,0,+12.9,+14.4,+13.2,+9.5,+9.0,+8.6,+8.6,+8.5,+8.2
2022-11-02 18:38,0,+12.9,+14.4,+13.1,+9.6,+9.1,+8.7,+8.6,+8.3,+8.2
2022-11-02 19:38,0,+12.8,+14.4,+13.1,+9.7,+9.2,+8.7,+8.6,+8.3,+8.2
2022-11-02 20:38,0,+12.8,+14.4,+13.1,+9.7,+9.2,+8.8,+8.7,+8.5,+8.2
2022-11-02 21:38,0,+12.8,+14.4,+13.2,+9.7,+9.3,+8.8,+8.7,+8.5,+8.2
2022-11-02 22:38,0,+12.8,+14.4,+13.1,+9.7,+9.5,+8.8,+8.7,+8.5,+8.2
2022-11-02 23:38,0,+12.8,+14.4,+13.1,+9.8,+9.5,+9.0,+8.7,+8.5,+8.2
2022-11-03 00:38,0,+12.8,+14.4,+13.2,+9.8,+9.5,+9.0,+8.7,+8.6,+8.3
2022-11-03 01:38,0,+12.9,+14.4,+13.2,+9.8,+9.5,+9.0,+8.8,+8.6,+8.3
2022-11-03 02:38,0,+12.8,+14.4,+13.2,+9.8,+9.6,+9.1,+8.8,+8.6,+8.3
2022-11-03 03:38,0,+12.9,+14.4,+13.2,+9.7,+9.6,+9.1,+8.8,+8.6,+8.3
2022-11-03 04:38,0,+12.9,+14.4,+13.2,+9.6,+9.6,+9.1,+9.0,+8.6,+8.5
2022-11-03 05:38,0,+12.8,+14.5,+13.2,+9.6,+9.6,+9.2,+9.0,+8.6,+8.3
2022-11-03 06:38,0,+12.8,+14.5,+13.2,+9.6,+9.6,+9.2,+9.0,+8.7,+8.5
2022-11-03 07:38,0,+12.8,+14.4,+13.2,+9.5,+9.6,+9.2,+9.1,+8.7,+8.5
2022-11-03 08:38,0,+12.7,+14.4,+13.2,+9.3,+9.5,+9.2,+9.1,+8.7,+8.5
2022-11-03 09:38,0,+12.7,+14.4,+13.2,+9.3,+9.5,+9.2,+9.1,+8.7,+8.5
2022-11-03 10:38,0,+12.8,+14.4,+13.2,+9.3,+9.5,+9.2,+9.1,+8.7,+8.5
2022-11-03 11:38,0,+12.7,+14.4,+13.2,+9.5,+9.5,+9.2,+9.1,+8.7,+8.5
2022-11-03 12:38,0,+12.7,+14.4,+13.2,+9.5,+9.5,+9.2,+9.1,+8.7,+8.5
2022-11-03 13:38,0,+12.6,+14.4,+13.2,+9.6,+9.5,+9.2,+9.1,+8.8,+8.5
2022-11-03 14:38,0,+12.6,+14.4,+13.2,+9.7,+9.6,+9.2,+9.1,+8.8,+8.6
2022-11-03 15:38,0,+12.7,+14.4,+13.2,+9.8,+9.6,+9.2,+9.1,+8.8,+8.6
2022-11-03 16:38,0,+12.7,+14.4,+13.2,+9.8,+9.6,+9.3,+9.1,+8.8,+8.6
2022-11-03 17:38,0,+12.7,+14.4,+13.2,+9.6,+9.7,+9.3,+9.1,+8.8,+8.6
2022-11-03 18:38,0,+12.7,+14.5,+13.2,+9.5,+9.6,+9.3,+9.2,+8.8,+8.6
2022-11-03 19:38,0,+13.0,+14.5,+13.2,+9.2,+9.6,+9.3,+9.2,+8.8,+8.6
2022-11-03 20:38,0,+13.1,+14.4,+13.2,+9.1,+9.6,+9.3,+9.2,+8.8,+8.6
2022-11-03 21:38,0,+13.5,+14.4,+13.2,+9.0,+9.5,+9.3,+9.2,+8.8,+8.6
2022-11-03 22:38,0,+13.5,+14.4,+13.2,+8.7,+9.3,+9.3,+9.2,+8.8,+8.6
2022-11-03 23:38,0,+13.5,+14.4,+13.2,+8.6,+9.2,+9.2,+9.2,+8.8,+8.6
2022-11-04 00:38,0,+13.5,+14.4,+13.2,+8.5,+9.2,+9.2,+9.2,+9.0,+8.6
2022-11-04 01:38,0,+13.5,+14.4,+13.2,+8.3,+9.1,+9.2,+9.2,+8.8,+8.7
2022-11-04 02:38,0,+13.4,+14.4,+13.2,+8.2,+9.0,+9.1,+9.2,+9.0,+8.7
2022-11-04 03:38,0,+13.3,+14.4,+13.2,+8.1,+8.8,+9.1,+9.1,+9.0,+8.6
2022-11-04 04:38,0,+13.3,+14.4,+13.2,+8.0,+8.8,+9.1,+9.1,+9.0,+8.7
2022-11-04 05:38,0,+13.3,+14.4,+13.1,+7.8,+8.7,+9.0,+9.1,+8.8,+8.7
2022-11-04 06:38,0,+13.3,+14.3,+13.1,+7.7,+8.6,+9.0,+9.1,+8.8,+8.7
2022-11-04 07:38,0,+13.2,+14.3,+13.1,+7.6,+8.6,+8.8,+9.1,+9.0,+8.7
2022-11-04 08:38,0,+13.2,+14.3,+13.1,+7.5,+8.5,+8.7,+9.1,+8.8,+8.7
2022-11-04 09:38,0,+13.3,+14.3,+13.1,+7.2,+8.3,+8.7,+9.0,+8.8,+8.7
2022-11-04 10:38,0,+13.3,+14.3,+13.1,+7.2,+8.2,+8.7,+9.0,+8.8,+8.6
2022-11-04 11:38,0,+13.3,+14.3,+13.1,+7.1,+8.2,+8.6,+9.0,+8.8,+8.6
2022-11-04 12:38,0,+13.3,+14.3,+13.1,+7.1,+8.1,+8.6,+8.8,+8.7,+8.6
2022-11-04 13:38,0,+13.3,+14.3,+13.1,+7.1,+8.1,+8.5,+8.8,+8.8,+8.6
2022-11-04 14:38,0,+13.4,+14.2,+13.1,+7.1,+8.0,+8.5,+8.8,+8.8,+8.6
2022-11-04 15:38,0,+13.4,+14.2,+13.0,+7.1,+8.0,+8.3,+8.7,+8.7,+8.6
2022-11-04 16:38,0,+13.4,+14.2,+13.1,+7.1,+7.8,+8.3,+8.7,+8.7,+8.5
2022-11-04 17:38,0,+13.4,+14.2,+13.1,+7.1,+8.0,+8.3,+8.7,+8.7,+8.5
2022-11-04 18:38,0,+13.4,+14.2,+13.0,+7.0,+7.8,+8.3,+8.7,+8.7,+8.6
2022-11-04 19:38,0,+13.4,+14.2,+13.0,+6.8,+7.8,+8.2,+8.7,+8.7,+8.5
2022-11-04 20:38,0,+13.4,+14.2,+13.0,+6.7,+7.8,+8.2,+8.6,+8.7,+8.5
2022-11-04 21:38,0,+13.2,+14.2,+13.0,+6.6,+7.8,+8.2,+8.6,+8.6,+8.5
2022-11-04 22:38,0,+13.2,+14.2,+13.0,+6.5,+7.7,+8.1,+8.6,+8.6,+8.5
2022-11-04 23:38,0,+13.3,+14.2,+13.0,+6.3,+7.6,+8.1,+8.6,+8.6,+8.3
2022-11-05 00:38,0,+13.3,+14.2,+13.0,+6.2,+7.5,+8.0,+8.5,+8.6,+8.5
2022-11-05 01:38,0,+13.3,+14.2,+13.0,+6.1,+7.5,+8.0,+8.5,+8.5,+8.3
2022-11-05 02:38,0,+13.3,+14.2,+13.0,+6.0,+7.3,+8.0,+8.3,+8.5,+8.3
2022-11-05 03:38,0,+13.3,+14.2,+13.0,+5.8,+7.3,+7.8,+8.5,+8.5,+8.3
2022-11-05 04:38,0,+13.4,+14.2,+13.0,+5.8,+7.2,+7.8,+8.3,+8.5,+8.3
2022-11-05 05:38,0,+13.3,+14.2,+13.0,+5.7,+7.1,+7.7,+8.3,+8.5,+8.3
2022-11-05 06:38,0,+13.3,+14.2,+13.0,+5.6,+7.1,+7.7,+8.2,+8.3,+8.2
2022-11-05 07:38,0,+13.3,+14.2,+13.0,+5.5,+7.0,+7.6,+8.2,+8.3,+8.2
2022-11-05 08:38,0,+13.4,+14.2,+13.0,+5.5,+6.8,+7.6,+8.2,+8.3,+8.2
2022-11-05 09:38,0,+13.4,+14.2,+13.0,+5.3,+6.8,+7.5,+8.1,+8.3,+8.2
2022-11-05 10:38,0,+13.4,+14.2,+13.0,+5.3,+6.7,+7.3,+8.1,+8.3,+8.2
2022-11-05 11:38,0,+13.5,+14.2,+13.0,+5.3,+6.7,+7.3,+8.1,+8.2,+8.2
2022-11-05 12:38,0,+13.5,+14.2,+13.0,+5.3,+6.6,+7.3,+8.0,+8.2,+8.1
2022-11-05 13:38,0,+13.5,+14.2,+13.0,+5.6,+6.7,+7.3,+8.0,+8.2,+8.1
2022-11-05 14:38,0,+13.5,+14.2,+13.0,+5.6,+6.6,+7.2,+8.0,+8.1,+8.1
2022-11-05 15:38,0,+13.5,+14.2,+13.0,+5.7,+6.7,+7.2,+7.8,+8.1,+8.0
2022-11-05 16:38,0,+13.5,+14.3,+13.0,+5.8,+6.7,+7.2,+7.8,+8.1,+8.0
2022-11-05 17:38,0,+13.6,+14.3,+13.1,+5.8,+6.7,+7.2,+7.8,+8.0,+8.0
2022-11-05 18:38,0,+13.6,+14.3,+13.1,+5.8,+6.7,+7.2,+7.8,+8.0,+8.0
2022-11-05 19:38,0,+13.6,+14.3,+13.1,+5.8,+6.7,+7.2,+7.8,+8.0,+8.0
2022-11-05 20:38,0,+13.6,+14.3,+13.1,+5.8,+6.8,+7.2,+7.7,+8.0,+7.8
2022-11-05 21:38,0,+13.6,+14.3,+13.1,+5.7,+6.7,+7.2,+7.8,+8.0,+7.8
2022-11-05 22:38,0,+13.6,+14.3,+13.1,+5.7,+6.7,+7.2,+7.8,+8.0,+7.8
2022-11-05 23:38,0,+13.6,+14.3,+13.1,+5.6,+6.7,+7.1,+7.7,+8.0,+7.8
2022-11-06 00:38,0,+13.6,+14.3,+13.1,+5.6,+6.6,+7.2,+7.7,+8.0,+7.7
2022-11-06 01:38,0,+13.6,+14.3,+13.1,+5.6,+6.7,+7.1,+7.7,+7.8,+7.8
2022-11-06 01:38,0,+13.6,+14.3,+13.1,+5.6,+6.6,+7.1,+7.7,+7.8,+7.8
2022-11-06 02:38,0,+13.5,+14.3,+13.1,+5.6,+6.6,+7.1,+7.6,+7.8,+7.7
2022-11-06 03:38,0,+13.5,+14.3,+13.1,+5.6,+6.6,+7.1,+7.6,+7.8,+7.7
2022-11-06 04:38,0,+13.5,+14.3,+13.1,+5.6,+6.6,+7.1,+7.6,+7.8,+7.7
2022-11-06 05:38,0,+13.6,+14.3,+13.1,+5.7,+6.6,+7.0,+7.6,+7.8,+7.7
2022-11-06 06:38,0,+13.6,+14.3,+13.1,+5.6,+6.6,+7.1,+7.6,+7.8,+7.7
2022-11-06 07:38,0,+13.6,+14.3,+13.2,+5.7,+6.6,+7.0,+7.6,+7.8,+7.7
2022-11-06 08:38,0,+13.7,+14.3,+13.2,+5.7,+6.6,+7.0,+7.6,+7.7,+7.6
2022-11-06 09:38,0,+13.6,+14.3,+13.2,+5.7,+6.6,+7.0,+7.6,+7.7,+7.6
2022-11-06 10:38,0,+13.6,+14.3,+13.2,+5.7,+6.6,+7.0,+7.5,+7.7,+7.6
2022-11-06 11:38,0,+13.5,+14.4,+13.2,+5.7,+6.6,+7.0,+7.6,+7.7,+7.6
2022-11-06 12:38,0,+13.5,+14.3,+13.2,+5.7,+6.6,+7.0,+7.6,+7.7,+7.6
2022-11-06 13:38,0,+13.5,+14.3,+13.2,+5.6,+6.6,+7.0,+7.5,+7.7,+7.6
2022-11-06 14:38,0,+13.5,+14.3,+13.2,+5.6,+6.6,+7.0,+7.5,+7.7,+7.6
2022-11-06 15:38,0,+13.5,+14.3,+13.2,+5.5,+6.5,+7.0,+7.5,+7.6,+7.6
2022-11-06 16:38,0,+13.5,+14.3,+13.2,+5.5,+6.5,+7.0,+7.5,+7.6,+7.6
2022-11-06 17:38,0,+13.4,+14.3,+13.2,+5.3,+6.5,+7.0,+7.5,+7.6,+7.6
2022-11-06 18:38,0,+13.5,+14.3,+13.2,+5.2,+6.5,+6.8,+7.5,+7.6,+7.6
2022-11-06 19:38,0,+13.6,+14.3,+13.2,+5.2,+6.3,+6.8,+7.3,+7.6,+7.5
2022-11-06 20:38,0,+13.4,+14.3,+13.2,+5.1,+6.3,+6.8,+7.3,+7.6,+7.5
2022-11-06 21:38,0,+13.3,+14.3,+13.2,+5.0,+6.2,+6.8,+7.3,+7.6,+7.5
2022-11-06 22:38,0,+13.3,+14.3,+13.2,+5.0,+6.2,+6.8,+7.3,+7.6,+7.5
2022-11-06 23:38,0,+13.3,+14.3,+13.2,+4.8,+6.1,+6.7,+7.3,+7.6,+7.5
2022-11-07 00:38,0,+13.4,+14.3,+13.2,+4.8,+6.1,+6.7,+7.3,+7.6,+7.5
2022-11-07 01:38,0,+13.4,+14.3,+13.2,+4.7,+6.0,+6.6,+7.3,+7.5,+7.5
2022-11-07 02:38,0,+13.4,+14.3,+13.2,+4.7,+6.0,+6.6,+7.2,+7.5,+7.3
2022-11-07 03:38,0,+13.4,+14.3,+13.2,+4.6,+6.0,+6.6,+7.2,+7.5,+7.3
2022-11-07 04:38,0,+13.4,+14.3,+13.2,+4.6,+6.0,+6.5,+7.2,+7.5,+7.3
2022-11-07 05:38,0,+13.5,+14.3,+13.2,+4.7,+6.0,+6.5,+7.2,+7.5,+7.3
2022-11-07 06:38,0,+13.5,+14.3,+13.2,+4.6,+5.8,+6.5,+7.1,+7.5,+7.3
2022-11-07 07:38,0,+13.5,+14.3,+13.3,+4.6,+5.8,+6.5,+7.1,+7.3,+7.3
2022-11-07 08:38,0,+13.5,+14.3,+13.3,+4.6,+5.8,+6.5,+7.1,+7.3,+7.3
2022-11-07 09:38,0,+13.6,+14.3,+13.3,+4.6,+5.8,+6.3,+7.1,+7.3,+7.3
2022-11-07 10:38,0,+13.5,+14.3,+13.3,+4.6,+5.8,+6.3,+7.1,+7.3,+7.3
2022-11-07 11:38,0,+13.5,+14.3,+13.3,+4.7,+5.7,+6.3,+7.1,+7.2,+7.2
2022-11-07 12:38,0,+13.5,+14.3,+13.3,+4.7,+5.8,+6.3,+7.0,+7.3,+7.2
2022-11-07 13:38,0,+13.5,+14.3,+13.3,+4.8,+5.8,+6.3,+7.0,+7.2,+7.2
2022-11-07 14:38,0,+13.6,+14.3,+13.3,+4.8,+5.8,+6.3,+7.0,+7.2,+7.2
2022-11-07 15:38,0,+13.7,+14.3,+13.3,+5.0,+5.8,+6.3,+6.8,+7.2,+7.2
2022-11-07 16:38,0,+13.6,+14.3,+13.3,+5.0,+5.8,+6.3,+7.0,+7.2,+7.1
2022-11-07 17:38,0,+13.5,+14.4,+13.3,+5.0,+5.8,+6.3,+7.0,+7.2,+7.1
2022-11-07 18:38,0,+13.5,+14.4,+13.3,+4.8,+5.8,+6.3,+7.0,+7.2,+7.1
2022-11-07 19:38,0,+13.4,+14.4,+13.3,+4.8,+5.8,+6.2,+7.0,+7.1,+7.1
2022-11-07 20:38,0,+13.4,+14.4,+13.3,+4.8,+5.8,+6.3,+6.8,+7.1,+7.1
2022-11-07 21:38,0,+13.3,+14.4,+13.3,+4.8,+5.8,+6.3,+6.8,+7.1,+7.1
2022-11-07 22:38,0,+13.3,+14.4,+13.3,+4.8,+5.8,+6.3,+6.8,+7.1,+7.1
2022-11-07 23:38,0,+13.3,+14.4,+13.3,+4.8,+5.8,+6.2,+6.8,+7.1,+7.1
2022-11-08 00:38,0,+13.3,+14.4,+13.3,+4.8,+5.8,+6.2,+6.8,+7.1,+7.1
2022-11-08 01:38,0,+13.3,+14.4,+13.3,+4.8,+5.8,+6.2,+6.8,+7.1,+7.1
2022-11-08 02:38,0,+13.4,+14.4,+13.3,+4.8,+5.8,+6.2,+6.8,+7.1,+7.1
2022-11-08 03:38,0,+13.4,+14.4,+13.3,+4.8,+5.8,+6.2,+6.8,+7.1,+7.0
2022-11-08 04:38,0,+13.4,+14.4,+13.3,+4.8,+5.8,+6.2,+6.8,+7.0,+7.1
2022-11-08 05:38,0,+13.4,+14.4,+13.4,+4.8,+5.7,+6.2,+6.7,+7.1,+7.0
2022-11-08 06:38,0,+13.4,+14.4,+13.4,+4.8,+5.8,+6.2,+6.8,+7.1,+7.0
2022-11-08 07:38,0,+13.4,+14.4,+13.4,+4.8,+5.8,+6.2,+6.8,+7.0,+7.0
2022-11-08 08:38,0,+13.4,+14.4,+13.4,+5.0,+5.7,+6.2,+6.8,+7.0,+7.0
2022-11-08 09:38,0,+13.3,+14.4,+13.4,+4.8,+5.7,+6.2,+6.7,+7.1,+7.0
2022-11-08 10:38,0,+13.4,+14.4,+13.4,+5.0,+5.8,+6.2,+6.7,+7.0,+7.0
2022-11-08 11:38,0,+13.4,+14.4,+13.4,+5.0,+5.8,+6.2,+6.7,+7.0,+6.8
2022-11-08 12:38,0,+13.2,+14.5,+13.4,+5.1,+5.8,+6.2,+6.7,+7.0,+6.8
2022-11-08 13:38,0,+13.3,+14.4,+13.4,+5.1,+5.8,+6.2,+6.8,+7.0,+6.8
2022-11-08 14:38,0,+13.2,+14.4,+13.4,+5.1,+5.8,+6.2,+6.7,+7.0,+7.0
2022-11-08 15:38,0,+13.3,+14.5,+13.4,+5.2,+5.8,+6.2,+6.7,+7.0,+6.8
2022-11-08 16:38,0,+13.4,+14.4,+13.4,+5.2,+6.0,+6.2,+6.7,+7.0,+6.8
2022-11-08 17:38,0,+13.5,+14.5,+13.4,+5.2,+6.0,+6.2,+6.7,+7.0,+6.8
2022-11-08 18:38,0,+13.6,+14.5,+13.4,+5.3,+6.0,+6.2,+6.7,+7.0,+6.8
2022-11-08 19:38,0,+13.5,+14.5,+13.4,+5.3,+6.0,+6.2,+6.7,+7.0,+6.8
2022-11-08 20:38,0,+13.6,+14.5,+13.4,+5.3,+6.0,+6.2,+6.7,+7.0,+6.8
2022-11-08 21:38,0,+13.6,+14.5,+13.4,+5.5,+6.1,+6.2,+6.7,+7.0,+6.8
2022-11-08 22:38,0,+13.6,+14.5,+13.4,+5.5,+6.1,+6.3,+6.7,+7.0,+6.8
2022-11-08 23:38,0,+13.7,+14.5,+13.5,+5.5,+6.1,+6.3,+6.7,+6.8,+6.8
2022-11-09 00:38,0,+13.6,+14.5,+13.4,+5.5,+6.1,+6.3,+6.7,+7.0,+6.8
2022-11-09 01:38,0,+13.6,+14.5,+13.5,+5.6,+6.1,+6.3,+6.7,+6.8,+6.8
2022-11-09 02:38,0,+13.7,+14.5,+13.5,+5.6,+6.1,+6.3,+6.8,+7.0,+6.8
2022-11-09 03:38,0,+13.7,+14.5,+13.5,+5.7,+6.2,+6.3,+6.7,+7.0,+6.8
2022-11-09 04:38,0,+13.7,+14.5,+13.5,+5.7,+6.2,+6.3,+6.7,+6.8,+6.8
2022-11-09 05:38,0,+13.7,+14.5,+13.5,+5.7,+6.2,+6.3,+6.7,+7.0,+6.8
2022-11-09 06:38,0,+13.7,+14.5,+13.5,+5.8,+6.2,+6.5,+6.8,+7.0,+6.8
2022-11-09 07:38,0,+13.7,+14.5,+13.5,+5.8,+6.3,+6.5,+6.8,+6.8,+6.8
2022-11-09 08:38,0,+13.6,+14.5,+13.5,+5.8,+6.3,+6.5,+6.7,+7.0,+6.7
2022-11-09 09:38,0,+13.6,+14.5,+13.5,+6.0,+6.3,+6.5,+6.8,+6.8,+6.8
2022-11-09 10:38,0,+13.6,+14.6,+13.5,+6.0,+6.3,+6.6,+6.8,+7.0,+6.8
2022-11-09 11:38,0,+13.6,+14.6,+13.5,+6.1,+6.3,+6.5,+6.8,+7.0,+6.8
2022-11-09 12:38,0,+22.0,+24.2,+14.9,+6.1,+6.5,+6.6,+6.8,+7.0,+6.8
2022-11-09 13:38,0,+20.3,+22.4,+14.7,+6.1,+6.5,+6.6,+6.8,+7.0,+6.8
2022-11-09 14:38,0,+19.3,+21.6,+14.6,+6.2,+6.6,+6.6,+6.8,+7.0,+6.8
2022-11-09 15:38,0,+18.8,+21.1,+14.6,+6.2,+6.6,+6.6,+6.8,+7.0,+6.8
2022-11-09 16:38,0,+18.5,+20.8,+14.6,+6.2,+6.6,+6.6,+7.0,+7.0,+6.8
2022-11-09 17:38,0,+18.2,+20.6,+14.6,+6.2,+6.6,+6.6,+7.0,+7.0,+6.8
2022-11-09 18:38,0,+17.9,+20.3,+14.6,+6.2,+6.6,+6.7,+7.0,+7.0,+6.8
2022-11-09 19:38,0,+17.7,+20.2,+14.5,+6.1,+6.6,+6.7,+7.0,+7.0,+6.8
2022-11-09 20:38,0,+17.5,+20.0,+14.5,+6.1,+6.6,+6.7,+7.0,+7.0,+6.8
2022-11-09 21:38,0,+17.4,+19.9,+14.5,+6.1,+6.6,+6.7,+7.0,+7.0,+6.8
2022-11-09 22:38,0,+17.3,+19.8,+14.5,+6.0,+6.6,+6.7,+7.0,+7.1,+6.8
2022-11-09 23:38,0,+17.1,+19.7,+14.5,+6.0,+6.6,+6.7,+7.0,+7.0,+6.8
2022-11-10 00:38,0,+17.2,+19.6,+14.5,+5.8,+6.6,+6.7,+7.0,+7.1,+6.8
2022-11-10 01:38,0,+17.2,+19.5,+14.4,+5.8,+6.6,+6.7,+7.0,+7.1,+6.8
2022-11-10 02:38,0,+19.6,+19.5,+14.4,+5.7,+6.5,+6.7,+7.0,+7.1,+6.8
2022-11-10 03:38,0,+20.4,+19.4,+14.4,+5.7,+6.5,+6.7,+7.0,+7.1,+7.0
2022-11-10 04:38,0,+20.0,+19.3,+14.4,+5.7,+6.5,+6.7,+7.0,+7.0,+6.8
2022-11-10 05:38,0,+23.3,+19.8,+14.3,+5.5,+6.5,+6.6,+7.0,+7.1,+6.8
2022-11-10 06:38,0,+23.5,+23.4,+14.7,+5.5,+6.3,+6.6,+7.0,+7.1,+7.0
2022-11-10 07:38,0,+22.6,+23.1,+14.6,+5.3,+6.3,+6.6,+7.0,+7.0,+6.8
2022-11-10 08:38,0,+23.7,+23.1,+14.5,+5.3,+6.2,+6.6,+7.0,+7.1,+6.8
2022-11-10 09:38,0,+24.4,+24.1,+14.5,+5.2,+6.2,+6.5,+7.0,+7.0,+6.8
2022-11-10 10:38,0,+24.1,+25.0,+14.6,+5.2,+6.1,+6.5,+6.8,+7.0,+6.8
2022-11-10 11:38,0,+23.2,+25.3,+14.6,+5.2,+6.1,+6.5,+6.8,+7.0,+6.8
2022-11-10 12:38,0,+22.8,+25.3,+14.6,+5.2,+6.0,+6.3,+6.8,+7.0,+6.8
2022-11-10 13:38,0,+22.5,+25.2,+14.7,+5.1,+6.0,+6.3,+6.8,+7.0,+6.8
2022-11-10 14:38,0,+22.3,+25.1,+14.7,+5.1,+6.0,+6.3,+6.7,+7.0,+6.8
2022-11-10 15:38,0,+22.6,+25.1,+14.8,+5.1,+5.8,+6.2,+6.7,+7.0,+6.8
2022-11-10 16:38,0,+23.8,+25.5,+15.0,+5.0,+5.8,+6.2,+6.7,+7.0,+6.8
2022-11-10 17:38,0,+23.9,+25.9,+15.5,+5.0,+5.8,+6.2,+6.7,+6.8,+6.7
2022-11-10 18:38,0,+23.7,+26.1,+16.1,+5.0,+5.8,+6.2,+6.7,+6.8,+6.8
2022-11-10 19:38,0,+23.8,+26.2,+16.7,+4.8,+5.8,+6.1,+6.7,+6.8,+6.7
2022-11-10 20:38,0,+24.0,+26.4,+17.4,+4.8,+5.7,+6.1,+6.6,+6.8,+6.7
2022-11-10 21:38,0,+24.0,+26.6,+18.2,+4.7,+5.7,+6.1,+6.7,+6.8,+6.7
2022-11-10 22:38,0,+23.7,+26.7,+18.9,+4.7,+5.6,+6.1,+6.6,+6.8,+6.7
2022-11-10 23:38,0,+23.3,+26.6,+19.3,+4.7,+5.6,+6.0,+6.6,+6.7,+6.7
2022-11-11 00:38,0,+22.9,+26.5,+19.5,+4.6,+5.6,+6.0,+6.6,+6.7,+6.7
2022-11-11 01:38,0,+22.6,+26.3,+19.7,+4.5,+5.5,+6.0,+6.5,+6.7,+6.6
2022-11-11 02:38,0,+22.4,+26.2,+19.7,+4.5,+5.5,+6.0,+6.6,+6.7,+6.7
2022-11-11 03:38,0,+22.3,+26.0,+19.8,+4.3,+5.3,+6.0,+6.5,+6.7,+6.6
2022-11-11 04:38,0,+22.2,+25.9,+19.9,+4.3,+5.3,+5.8,+6.5,+6.7,+6.6
2022-11-11 05:38,0,+22.1,+25.9,+19.9,+4.2,+5.3,+5.8,+6.3,+6.7,+6.6
2022-11-11 06:38,0,+22.0,+25.8,+19.9,+4.2,+5.2,+5.7,+6.5,+6.7,+6.6
2022-11-11 07:38,0,+21.9,+25.7,+20.0,+4.1,+5.2,+5.8,+6.5,+6.6,+6.6
2022-11-11 08:38,0,+21.8,+25.6,+20.0,+4.1,+5.2,+5.7,+6.3,+6.6,+6.6
2022-11-11 09:38,0,+21.7,+25.6,+20.0,+4.1,+5.2,+5.7,+6.3,+6.6,+6.6
2022-11-11 10:38,0,+21.6,+25.5,+20.0,+4.1,+5.1,+5.6,+6.3,+6.6,+6.5
2022-11-11 11:38,0,+21.5,+25.5,+20.1,+4.0,+5.1,+5.7,+6.3,+6.6,+6.6
2022-11-11 12:38,0,+21.5,+25.4,+20.1,+4.1,+5.1,+5.6,+6.2,+6.6,+6.5
2022-11-11 13:38,0,+21.4,+25.4,+20.1,+4.0,+5.1,+5.6,+6.2,+6.6,+6.5
2022-11-11 14:38,0,+21.4,+25.4,+20.2,+4.0,+5.1,+5.6,+6.2,+6.6,+6.5
2022-11-11 15:38,0,+21.6,+25.3,+20.2,+4.0,+5.1,+5.6,+6.2,+6.5,+6.5
2022-11-11 16:38,0,+21.4,+25.3,+20.2,+4.0,+5.0,+5.6,+6.2,+6.5,+6.5
2022-11-11 17:38,0,+21.3,+25.3,+20.2,+3.8,+5.0,+5.5,+6.2,+6.5,+6.5
2022-11-11 18:38,0,+21.2,+25.3,+20.3,+3.8,+5.0,+5.5,+6.2,+6.5,+6.5
2022-11-11 19:38,0,+21.2,+25.2,+20.3,+3.8,+5.0,+5.5,+6.1,+6.5,+6.3
2022-11-11 20:38,0,+21.2,+25.2,+20.3,+3.8,+5.0,+5.5,+6.1,+6.5,+6.3
2022-11-11 21:38,0,+21.2,+25.2,+20.3,+3.8,+5.0,+5.5,+6.1,+6.3,+6.3
2022-11-11 22:38,0,+21.1,+25.2,+20.3,+3.7,+4.8,+5.5,+6.1,+6.3,+6.3
2022-11-11 23:38,0,+21.1,+25.1,+20.3,+3.7,+4.8,+5.3,+6.1,+6.3,+6.3
2022-11-12 00:38,0,+21.0,+25.1,+20.4,+3.7,+4.8,+5.3,+6.1,+6.3,+6.3
2022-11-12 01:38,0,+21.0,+25.1,+20.4,+3.7,+4.8,+5.3,+6.1,+6.3,+6.2
2022-11-12 02:38,0,+21.0,+25.1,+20.4,+3.7,+4.7,+5.3,+6.1,+6.3,+6.2
2022-11-12 03:38,0,+21.0,+25.1,+20.4,+3.6,+4.7,+5.3,+6.1,+6.3,+6.2
2022-11-12 04:38,0,+20.9,+25.0,+20.4,+3.6,+4.7,+5.3,+6.0,+6.2,+6.2
2022-11-12 05:38,0,+20.9,+25.0,+20.4,+3.6,+4.7,+5.2,+6.0,+6.3,+6.2
2022-11-12 06:38,0,+20.9,+25.0,+20.4,+3.6,+4.7,+5.3,+6.0,+6.3,+6.2
2022-11-12 07:38,0,+20.9,+25.0,+20.4,+3.5,+4.7,+5.2,+5.8,+6.2,+6.2
2022-11-12 08:38,0,+20.9,+25.0,+20.4,+3.6,+4.6,+5.2,+5.8,+6.2,+6.2
2022-11-12 09:38,0,+20.8,+25.0,+20.5,+3.5,+4.6,+5.2,+5.8,+6.2,+6.2
2022-11-12 10:38,0,+20.8,+25.0,+20.5,+3.5,+4.6,+5.1,+5.8,+6.2,+6.2
2022-11-12 11:38,0,+20.8,+25.0,+20.5,+3.5,+4.6,+5.1,+5.8,+6.2,+6.1
2022-11-12 12:38,0,+20.8,+25.0,+20.5,+3.5,+4.6,+5.1,+5.8,+6.2,+6.1
2022-11-12 13:38,0,+20.8,+25.0,+20.5,+3.3,+4.5,+5.1,+5.8,+6.1,+6.2
2022-11-12 14:38,0,+20.8,+25.0,+20.5,+3.3,+4.5,+5.1,+5.7,+6.1,+6.1
2022-11-12 15:38,0,+20.8,+25.0,+20.5,+3.3,+4.5,+5.1,+5.7,+6.1,+6.1
2022-11-12 16:38,0,+20.8,+25.0,+20.5,+3.3,+4.5,+5.1,+5.7,+6.1,+6.1
2022-11-12 17:38,0,+20.8,+25.0,+20.5,+3.3,+4.5,+5.0,+5.7,+6.1,+6.1
2022-11-12 18:38,0,+20.8,+25.0,+20.5,+3.2,+4.5,+5.0,+5.7,+6.1,+6.1
2022-11-12 19:38,0,+20.8,+25.0,+20.5,+3.2,+4.5,+5.0,+5.7,+6.1,+6.0
2022-11-12 20:38,0,+20.8,+25.0,+20.5,+3.2,+4.3,+5.0,+5.7,+6.1,+6.0
2022-11-12 21:38,0,+20.8,+25.0,+20.5,+3.2,+4.3,+5.0,+5.7,+6.0,+6.0
2022-11-12 22:38,0,+20.8,+24.9,+20.6,+3.2,+4.3,+5.0,+5.6,+6.0,+6.0
2022-11-12 23:38,0,+20.8,+24.9,+20.6,+3.1,+4.3,+5.0,+5.6,+6.0,+6.0
2022-11-13 00:38,0,+21.0,+24.9,+20.6,+3.1,+4.2,+4.8,+5.6,+6.0,+6.0
2022-11-13 01:38,0,+21.0,+24.9,+20.6,+3.1,+4.2,+4.8,+5.6,+6.0,+5.8
2022-11-13 02:38,0,+21.0,+24.9,+20.6,+3.1,+4.2,+4.8,+5.6,+6.0,+5.8
2022-11-13 03:38,0,+21.0,+24.9,+20.6,+3.1,+4.2,+4.8,+5.6,+6.0,+5.8
2022-11-13 04:38,0,+21.0,+24.8,+20.6,+3.0,+4.2,+4.8,+5.5,+5.8,+5.8
2022-11-13 05:38,0,+21.0,+24.8,+20.6,+3.0,+4.2,+4.8,+5.5,+6.0,+5.8
2022-11-13 06:38,0,+21.0,+24.8,+20.6,+3.0,+4.2,+4.7,+5.5,+5.8,+5.8
2022-11-13 07:38,0,+20.9,+24.8,+20.6,+2.8,+4.1,+4.7,+5.5,+5.8,+5.8
2022-11-13 08:38,0,+21.0,+24.8,+20.6,+3.0,+4.1,+4.7,+5.5,+5.8,+5.8
2022-11-13 09:38,0,+20.9,+24.8,+20.6,+2.8,+4.1,+4.7,+5.5,+5.8,+5.8
2022-11-13 10:38,0,+20.9,+24.8,+20.7,+2.8,+4.0,+4.6,+5.5,+5.8,+5.8
2022-11-13 11:38,0,+20.9,+24.8,+20.7,+2.8,+4.0,+4.7,+5.3,+5.7,+5.7
2022-11-13 12:38,0,+20.9,+24.8,+20.7,+2.8,+4.0,+4.6,+5.3,+5.7,+5.7
2022-11-13 13:38,0,+20.9,+24.8,+20.7,+2.8,+4.0,+4.6,+5.3,+5.7,+5.7
2022-11-13 14:38,0,+20.9,+24.7,+20.7,+2.8,+4.0,+4.6,+5.3,+5.7,+5.7
2022-11-13 15:38,0,+20.9,+24.7,+20.7,+2.8,+4.0,+4.6,+5.3,+5.7,+5.7
2022-11-13 16:38,0,+20.8,+24.7,+20.7,+2.7,+4.0,+4.5,+5.3,+5.7,+5.7
2022-11-13 17:38,0,+20.9,+24.7,+20.7,+2.7,+4.0,+4.5,+5.2,+5.7,+5.7
2022-11-13 18:38,0,+20.9,+24.7,+20.7,+2.7,+3.8,+4.5,+5.3,+5.6,+5.6
2022-11-13 19:38,0,+20.9,+24.7,+20.8,+2.7,+3.8,+4.5,+5.2,+5.6,+5.6
2022-11-13 20:38,0,+20.9,+24.7,+20.8,+2.7,+3.8,+4.5,+5.2,+5.6,+5.6
2022-11-13 21:38,0,+21.0,+24.7,+20.8,+2.7,+3.8,+4.5,+5.2,+5.6,+5.6
2022-11-13 22:38,0,+20.9,+24.7,+20.8,+2.7,+3.8,+4.3,+5.2,+5.6,+5.6
2022-11-13 23:38,0,+20.8,+24.7,+20.8,+2.6,+3.8,+4.5,+5.2,+5.6,+5.6
2022-11-14 00:38,0,+20.8,+24.6,+20.8,+2.6,+3.7,+4.3,+5.2,+5.6,+5.6
2022-11-14 01:38,0,+20.8,+24.6,+20.8,+2.6,+3.7,+4.3,+5.1,+5.5,+5.5
2022-11-14 02:38,0,+20.8,+24.6,+20.8,+2.6,+3.7,+4.3,+5.1,+5.5,+5.5
2022-11-14 03:38,0,+20.8,+24.6,+20.8,+2.6,+3.7,+4.3,+5.1,+5.5,+5.5
2022-11-14 04:38,0,+20.8,+24.6,+20.8,+2.6,+3.7,+4.3,+5.1,+5.5,+5.5
2022-11-14 05:38,0,+20.8,+24.6,+20.8,+2.6,+3.7,+4.3,+5.1,+5.5,+5.5
2022-11-14 06:38,0,+20.8,+24.6,+20.8,+2.6,+3.7,+4.3,+5.1,+5.5,+5.5
2022-11-14 07:38,0,+20.8,+24.6,+20.8,+2.6,+3.7,+4.2,+5.1,+5.5,+5.5
2022-11-14 08:38,0,+20.8,+24.6,+20.8,+2.6,+3.7,+4.2,+5.0,+5.5,+5.5
2022-11-14 09:38,0,+20.7,+24.6,+20.8,+2.6,+3.7,+4.2,+5.0,+5.5,+5.5
2022-11-14 10:38,0,+20.6,+24.6,+20.8,+2.5,+3.6,+4.2,+5.0,+5.5,+5.3
2022-11-14 11:38,0,+20.6,+24.6,+20.8,+2.5,+3.6,+4.2,+5.0,+5.3,+5.3
2022-11-14 12:38,0,+20.6,+24.6,+20.8,+2.5,+3.6,+4.2,+5.0,+5.3,+5.3
2022-11-14 13:38,0,+20.6,+24.5,+20.8,+2.5,+3.6,+4.2,+4.8,+5.3,+5.3
2022-11-14 14:38,0,+20.6,+24.5,+20.8,+2.6,+3.6,+4.2,+5.0,+5.3,+5.3
2022-11-14 15:38,0,+20.6,+24.5,+20.8,+2.6,+3.6,+4.2,+5.0,+5.3,+5.3
2022-11-14 16:38,0,+20.6,+24.5,+20.9,+2.6,+3.6,+4.2,+5.0,+5.3,+5.3
2022-11-14 17:38,0,+20.6,+24.5,+20.9,+2.6,+3.6,+4.2,+5.0,+5.3,+5.3
2022-11-14 18:38,0,+20.6,+24.5,+20.9,+2.6,+3.6,+4.1,+4.8,+5.3,+5.3
2022-11-14 19:38,0,+20.6,+24.5,+20.9,+2.6,+3.6,+4.2,+4.8,+5.2,+5.2
2022-11-14 20:38,0,+20.6,+24.5,+20.9,+2.6,+3.6,+4.1,+4.8,+5.3,+5.2
2022-11-14 21:38,0,+20.6,+24.5,+20.9,+2.6,+3.6,+4.1,+4.8,+5.2,+5.2
2022-11-14 22:38,0,+20.6,+24.5,+20.9,+2.6,+3.6,+4.1,+4.8,+5.2,+5.2
2022-11-14 23:38,0,+20.6,+24.5,+20.9,+2.6,+3.6,+4.1,+4.8,+5.2,+5.2
2022-11-15 00:38,0,+20.6,+24.5,+20.9,+2.6,+3.6,+4.1,+4.8,+5.2,+5.2
2022-11-15 01:38,0,+20.6,+24.5,+20.9,+2.6,+3.6,+4.1,+4.8,+5.2,+5.2
2022-11-15 02:38,0,+20.6,+24.5,+21.0,+2.6,+3.6,+4.1,+4.7,+5.2,+5.2
2022-11-15 03:38,0,+20.6,+24.5,+21.0,+2.6,+3.6,+4.1,+4.8,+5.2,+5.1
2022-11-15 04:38,0,+20.6,+24.5,+20.9,+2.6,+3.6,+4.1,+4.7,+5.2,+5.2
2022-11-15 05:38,0,+20.6,+24.5,+21.0,+2.6,+3.6,+4.1,+4.8,+5.1,+5.2
2022-11-15 06:38,0,+20.6,+24.5,+21.0,+2.6,+3.6,+4.1,+4.8,+5.2,+5.1
2022-11-15 07:38,0,+20.6,+24.5,+21.0,+2.7,+3.6,+4.1,+4.7,+5.1,+5.2
2022-11-15 08:38,0,+20.6,+24.5,+21.0,+2.7,+3.6,+4.1,+4.7,+5.1,+5.1
2022-11-15 09:38,0,+20.6,+24.5,+21.0,+2.7,+3.6,+4.1,+4.7,+5.2,+5.1
2022-11-15 10:38,0,+20.6,+24.5,+21.0,+2.7,+3.6,+4.1,+4.7,+5.1,+5.1
2022-11-15 11:38,0,+20.6,+24.4,+21.0,+2.7,+3.6,+4.1,+4.7,+5.1,+5.1
2022-11-15 12:38,0,+20.6,+24.4,+21.0,+2.7,+3.6,+4.1,+4.7,+5.1,+5.1
2022-11-15 13:38,0,+20.6,+24.4,+21.0,+2.7,+3.6,+4.0,+4.7,+5.1,+5.1
2022-11-15 14:38,0,+20.6,+24.5,+21.0,+2.7,+3.6,+4.1,+4.7,+5.1,+5.1
2022-11-15 15:38,0,+20.6,+24.5,+21.0,+2.7,+3.6,+4.1,+4.7,+5.1,+5.1
2022-11-15 16:38,0,+20.6,+24.4,+21.0,+2.7,+3.6,+4.1,+4.7,+5.1,+5.0
2022-11-15 17:38,0,+20.6,+24.4,+21.0,+2.7,+3.6,+4.1,+4.7,+5.1,+5.1
2022-11-15 18:38,0,+20.6,+24.4,+21.0,+2.8,+3.7,+4.1,+4.7,+5.1,+5.1
2022-11-15 19:38,0,+20.6,+24.4,+21.0,+2.8,+3.7,+4.1,+4.7,+5.1,+5.0
2022-11-15 20:38,0,+20.6,+24.4,+21.0,+2.8,+3.7,+4.1,+4.7,+5.1,+5.0
2022-11-15 21:38,0,+20.6,+24.4,+21.0,+2.8,+3.7,+4.1,+4.7,+5.1,+5.1
2022-11-15 22:38,0,+20.6,+24.4,+21.0,+2.8,+3.7,+4.1,+4.7,+5.1,+5.0
2022-11-15 23:38,0,+20.7,+24.4,+21.0,+2.8,+3.7,+4.1,+4.7,+5.0,+5.0
2022-11-16 00:38,0,+20.7,+24.4,+21.0,+3.0,+3.7,+4.1,+4.7,+5.1,+5.0
2022-11-16 01:38,0,+20.7,+24.4,+21.0,+2.8,+3.7,+4.1,+4.7,+5.0,+5.0
2022-11-16 02:38,0,+20.6,+24.4,+21.0,+2.8,+3.7,+4.1,+4.7,+5.1,+5.0
2022-11-16 03:38,0,+20.6,+24.4,+21.0,+3.0,+3.7,+4.1,+4.7,+5.0,+5.0
2022-11-16 04:38,0,+20.6,+24.4,+21.0,+3.0,+3.7,+4.1,+4.7,+5.0,+5.0
2022-11-16 05:38,0,+20.6,+24.4,+21.0,+3.0,+3.7,+4.1,+4.7,+5.0,+5.0
2022-11-16 06:38,0,+20.6,+24.4,+21.0,+3.0,+3.7,+4.1,+4.7,+5.0,+5.0
2022-11-16 07:38,0,+20.6,+24.4,+21.0,+2.8,+3.7,+4.1,+4.7,+5.0,+5.0
2022-11-16 08:38,0,+20.7,+24.5,+21.0,+3.0,+3.7,+4.1,+4.6,+5.0,+5.0
2022-11-16 09:38,0,+20.7,+24.4,+21.1,+3.0,+3.7,+4.1,+4.7,+5.0,+5.0
2022-11-16 10:38,0,+20.7,+24.4,+21.1,+3.0,+3.8,+4.1,+4.7,+5.0,+5.0
2022-11-16 11:38,0,+20.7,+24.4,+21.1,+3.0,+3.7,+4.1,+4.7,+5.0,+5.0
2022-11-16 12:38,0,+20.7,+24.4,+21.1,+3.0,+3.7,+4.1,+4.7,+5.0,+5.0
2022-11-16 13:38,0,+20.7,+24.4,+21.1,+3.0,+3.7,+4.2,+4.7,+5.0,+5.0
2022-11-16 14:38,0,+20.7,+24.4,+21.1,+3.0,+3.7,+4.1,+4.7,+5.0,+5.0
2022-11-16 15:38,0,+20.7,+24.5,+21.1,+3.0,+3.7,+4.1,+4.7,+5.0,+5.0
2022-11-16 16:38,0,+20.7,+24.5,+21.1,+3.0,+3.8,+4.1,+4.7,+5.0,+5.0
2022-11-16 17:38,0,+20.7,+24.5,+21.1,+3.0,+3.7,+4.1,+4.7,+5.0,+5.0
2022-11-16 18:38,0,+20.7,+24.5,+21.1,+3.0,+3.7,+4.1,+4.7,+5.0,+5.0
2022-11-16 19:38,0,+20.7,+24.5,+21.1,+3.0,+3.7,+4.1,+4.7,+5.0,+5.0
2022-11-16 20:38,0,+20.7,+24.5,+21.1,+3.0,+3.8,+4.2,+4.7,+5.0,+5.0
2022-11-16 21:38,0,+20.7,+24.4,+21.1,+2.8,+3.8,+4.2,+4.7,+5.0,+5.0
2022-11-16 22:38,0,+20.7,+24.5,+21.1,+3.0,+3.7,+4.1,+4.7,+5.0,+4.8
2022-11-16 23:38,0,+20.7,+24.5,+21.1,+2.8,+3.7,+4.2,+4.7,+5.0,+5.0
2022-11-17 00:38,0,+20.7,+24.4,+21.1,+3.0,+3.7,+4.1,+4.7,+5.0,+5.0
2022-11-17 01:38,0,+20.7,+24.4,+21.1,+2.8,+3.7,+4.2,+4.7,+5.0,+4.8
2022-11-17 02:38,0,+20.7,+24.4,+21.1,+2.8,+3.7,+4.1,+4.7,+5.0,+5.0
2022-11-17 03:38,0,+20.7,+24.4,+21.1,+2.8,+3.7,+4.1,+4.7,+5.0,+4.8
2022-11-17 04:38,0,+20.7,+24.4,+21.1,+2.8,+3.7,+4.1,+4.7,+5.0,+5.0
2022-11-17 05:38,0,+20.7,+24.4,+21.1,+2.8,+3.7,+4.1,+4.6,+5.0,+4.8
2022-11-17 06:38,0,+20.7,+24.4,+21.1,+2.8,+3.7,+4.1,+4.7,+5.0,+4.8
2022-11-17 07:38,0,+20.7,+24.4,+21.2,+2.8,+3.7,+4.1,+4.7,+5.0,+4.8
2022-11-17 08:38,0,+20.7,+24.4,+21.2,+2.7,+3.7,+4.1,+4.6,+5.0,+4.8
2022-11-17 09:38,0,+20.7,+24.4,+21.2,+2.8,+3.7,+4.1,+4.6,+5.0,+4.8
2022-11-17 10:38,0,+20.7,+24.4,+21.2,+2.7,+3.7,+4.1,+4.6,+4.8,+4.8
2022-11-17 11:38,0,+20.7,+24.4,+21.2,+2.7,+3.6,+4.1,+4.7,+5.0,+4.8
2022-11-17 12:38,0,+20.7,+24.4,+21.2,+2.7,+3.6,+4.1,+4.6,+5.0,+4.8
2022-11-17 13:38,0,+20.7,+24.4,+21.4,+2.7,+3.7,+4.0,+4.6,+5.0,+4.8
2022-11-17 14:38,0,+20.7,+24.4,+21.5,+2.7,+3.7,+4.1,+4.6,+4.8,+4.8
2022-11-17 15:38,0,+20.7,+24.4,+21.5,+2.7,+3.7,+4.1,+4.6,+5.0,+4.8
2022-11-17 16:38,0,+20.7,+24.4,+21.6,+2.7,+3.6,+4.0,+4.6,+4.8,+4.8
2022-11-17 17:38,0,+20.7,+24.4,+21.5,+2.7,+3.6,+4.0,+4.6,+4.8,+4.8
2022-11-17 18:38,0,+20.7,+24.4,+21.5,+2.7,+3.6,+4.0,+4.6,+4.8,+4.8
2022-11-17 19:38,0,+20.7,+24.4,+21.5,+2.7,+3.6,+4.0,+4.6,+4.8,+4.8
2022-11-17 20:38,0,+20.7,+24.4,+21.5,+2.7,+3.6,+4.0,+4.6,+4.8,+4.8
2022-11-17 21:38,0,+20.7,+24.4,+21.5,+2.7,+3.6,+4.0,+4.6,+4.8,+4.8
2022-11-17 22:38,0,+20.7,+24.4,+21.5,+2.7,+3.6,+4.0,+4.6,+4.8,+4.8
2022-11-17 23:38,0,+20.7,+24.4,+21.5,+2.6,+3.6,+4.0,+4.6,+4.8,+4.8
2022-11-18 00:38,0,+20.7,+24.4,+21.5,+2.7,+3.6,+4.0,+4.6,+4.8,+4.7
2022-11-18 01:38,0,+20.7,+24.4,+21.5,+2.6,+3.6,+4.0,+4.6,+4.8,+4.7
2022-11-18 02:38,0,+20.7,+24.4,+21.5,+2.6,+3.6,+4.0,+4.6,+4.8,+4.7
2022-11-18 03:38,0,+20.6,+24.4,+21.5,+2.7,+3.6,+4.0,+4.6,+4.8,+4.8
2022-11-18 04:38,0,+20.6,+24.4,+21.5,+2.6,+3.6,+4.0,+4.5,+4.8,+4.8
2022-11-18 05:38,0,+20.7,+24.4,+21.5,+2.6,+3.5,+4.0,+4.6,+4.8,+4.7
2022-11-18 06:38,0,+20.6,+24.4,+21.7,+2.6,+3.5,+4.0,+4.5,+4.7,+4.7
2022-11-18 07:38,0,+20.6,+24.4,+21.6,+2.6,+3.5,+4.0,+4.5,+4.8,+4.7
2022-11-18 08:38,0,+20.6,+24.4,+21.8,+2.5,+3.5,+3.8,+4.5,+4.8,+4.7
2022-11-18 09:38,0,+20.6,+24.3,+21.8,+2.5,+3.5,+3.8,+4.5,+4.8,+4.7
2022-11-18 10:38,0,+20.6,+24.3,+21.8,+2.5,+3.5,+4.0,+4.5,+4.7,+4.7
2022-11-18 11:38,0,+20.6,+24.3,+21.7,+2.5,+3.5,+3.8,+4.5,+4.7,+4.7
2022-11-18 12:38,0,+20.6,+24.3,+21.7,+2.5,+3.5,+3.8,+4.5,+4.7,+4.7
2022-11-18 13:38,0,+20.6,+24.3,+21.7,+2.5,+3.3,+3.8,+4.5,+4.7,+4.7
2022-11-18 14:38,0,+20.6,+24.3,+21.7,+2.3,+3.5,+3.8,+4.5,+4.7,+4.7
2022-11-18 15:38,0,+20.5,+24.3,+21.8,+2.5,+3.3,+3.8,+4.5,+4.7,+4.7
2022-11-18 16:38,0,+20.5,+24.3,+21.8,+2.3,+3.3,+3.8,+4.5,+4.7,+4.7
2022-11-18 17:38,0,+20.5,+24.3,+21.9,+2.3,+3.3,+3.8,+4.5,+4.7,+4.7
2022-11-18 18:38,0,+20.5,+24.3,+21.9,+2.3,+3.3,+3.8,+4.5,+4.7,+4.7
2022-11-18 19:38,0,+20.5,+24.3,+21.9,+2.3,+3.3,+3.7,+4.5,+4.7,+4.7
2022-11-18 20:38,0,+20.5,+24.3,+21.9,+2.3,+3.3,+3.7,+4.3,+4.7,+4.6
2022-11-18 21:38,0,+20.5,+24.3,+21.9,+2.2,+3.3,+3.7,+4.5,+4.7,+4.6
2022-11-18 22:38,0,+20.5,+24.3,+21.9,+2.2,+3.2,+3.7,+4.5,+4.6,+4.7
2022-11-18 23:38,0,+20.5,+24.3,+22.0,+2.2,+3.3,+3.7,+4.3,+4.7,+4.6
2022-11-19 00:38,0,+20.5,+24.2,+21.9,+2.2,+3.3,+3.7,+4.3,+4.6,+4.6
2022-11-19 01:38,0,+20.5,+24.2,+21.9,+2.2,+3.2,+3.7,+4.3,+4.6,+4.6
2022-11-19 02:38,0,+20.4,+24.2,+21.9,+2.2,+3.2,+3.7,+4.3,+4.7,+4.6
2022-11-19 03:38,0,+20.4,+24.2,+21.9,+2.2,+3.2,+3.7,+4.2,+4.6,+4.6
2022-11-19 04:38,0,+20.4,+24.2,+21.9,+2.2,+3.2,+3.6,+4.3,+4.6,+4.6
2022-11-19 05:38,0,+20.4,+24.2,+21.9,+2.2,+3.2,+3.6,+4.3,+4.6,+4.6
2022-11-19 06:38,0,+20.4,+24.2,+21.9,+2.2,+3.2,+3.7,+4.3,+4.6,+4.6
2022-11-19 07:38,0,+20.4,+24.2,+21.9,+2.2,+3.2,+3.6,+4.3,+4.6,+4.6
2022-11-19 08:38,0,+20.4,+24.2,+21.9,+2.2,+3.2,+3.6,+4.3,+4.6,+4.6
2022-11-19 09:38,0,+20.4,+24.2,+21.9,+2.2,+3.2,+3.7,+4.3,+4.6,+4.6
2022-11-19 10:38,0,+20.4,+24.2,+21.9,+2.2,+3.1,+3.6,+4.2,+4.6,+4.5
2022-11-19 11:38,0,+20.4,+24.2,+22.0,+2.2,+3.1,+3.6,+4.2,+4.6,+4.5
2022-11-19 12:38,0,+20.4,+24.2,+22.0,+2.2,+3.1,+3.6,+4.2,+4.5,+4.6
2022-11-19 13:38,0,+20.4,+24.2,+22.0,+2.2,+3.1,+3.6,+4.2,+4.6,+4.6
2022-11-19 14:38,0,+20.4,+24.2,+22.0,+2.1,+3.1,+3.6,+4.2,+4.6,+4.5
2022-11-19 15:38,0,+20.4,+24.2,+22.0,+2.2,+3.1,+3.6,+4.2,+4.5,+4.5
2022-11-19 16:38,0,+20.4,+24.2,+22.0,+2.2,+3.1,+3.6,+4.2,+4.5,+4.5
2022-11-19 17:38,0,+20.4,+24.2,+22.0,+2.2,+3.1,+3.6,+4.2,+4.5,+4.5
2022-11-19 18:38,0,+20.4,+24.2,+22.0,+2.2,+3.1,+3.6,+4.2,+4.5,+4.5
2022-11-19 19:38,0,+20.4,+24.2,+22.0,+2.1,+3.1,+3.6,+4.1,+4.5,+4.5
2022-11-19 20:38,0,+20.4,+24.2,+22.0,+2.1,+3.1,+3.6,+4.1,+4.5,+4.5
2022-11-19 21:38,0,+20.4,+24.2,+22.0,+2.1,+3.1,+3.5,+4.1,+4.5,+4.3
2022-11-19 22:38,0,+20.4,+24.2,+22.0,+2.1,+3.1,+3.5,+4.1,+4.5,+4.5
2022-11-19 23:38,0,+20.4,+24.2,+22.0,+2.1,+3.1,+3.5,+4.1,+4.5,+4.3
2022-11-20 00:38,0,+20.4,+24.2,+22.0,+2.1,+3.1,+3.5,+4.1,+4.5,+4.5
2022-11-20 01:38,0,+20.4,+24.2,+22.0,+2.1,+3.0,+3.5,+4.1,+4.5,+4.5
2022-11-20 02:38,0,+20.4,+24.1,+22.0,+2.1,+3.0,+3.5,+4.1,+4.5,+4.3
2022-11-20 03:38,0,+20.4,+24.1,+22.0,+2.1,+3.0,+3.5,+4.1,+4.5,+4.3
2022-11-20 04:38,0,+20.4,+24.1,+22.0,+2.1,+3.0,+3.5,+4.1,+4.5,+4.3
2022-11-20 05:38,0,+20.3,+24.1,+22.0,+2.0,+3.0,+3.5,+4.1,+4.3,+4.5
2022-11-20 06:38,0,+20.4,+24.1,+22.0,+2.1,+3.0,+3.5,+4.1,+4.5,+4.3
2022-11-20 07:38,0,+20.3,+24.1,+22.0,+2.0,+3.0,+3.5,+4.1,+4.3,+4.3
2022-11-20 08:38,0,+20.3,+24.1,+22.0,+2.0,+3.0,+3.5,+4.1,+4.3,+4.3
2022-11-20 09:38,0,+20.3,+24.1,+22.0,+2.0,+3.0,+3.5,+4.1,+4.3,+4.3
2022-11-20 10:38,0,+20.3,+24.1,+22.0,+2.0,+3.0,+3.3,+4.1,+4.3,+4.3
2022-11-20 11:38,0,+20.3,+24.1,+22.0,+2.0,+3.0,+3.3,+4.0,+4.3,+4.3
2022-11-20 12:38,0,+20.3,+24.1,+22.0,+2.0,+3.0,+3.5,+4.0,+4.3,+4.3
2022-11-20 13:38,0,+20.3,+24.1,+22.0,+2.0,+3.0,+3.3,+4.0,+4.3,+4.3
2022-11-20 14:38,0,+20.3,+24.1,+22.0,+2.0,+3.0,+3.3,+4.0,+4.2,+4.3
2022-11-20 15:38,0,+20.3,+24.1,+22.0,+2.0,+3.0,+3.3,+4.0,+4.3,+4.2
2022-11-20 16:38,0,+20.3,+24.1,+21.9,+2.0,+2.8,+3.3,+4.0,+4.3,+4.2
2022-11-20 17:38,0,+20.3,+24.1,+21.9,+2.0,+3.0,+3.3,+4.0,+4.3,+4.3
2022-11-20 18:38,0,+20.3,+24.1,+22.0,+2.0,+2.8,+3.3,+4.0,+4.2,+4.3
2022-11-20 19:38,0,+20.3,+24.1,+22.0,+2.0,+3.0,+3.3,+4.0,+4.3,+4.2
2022-11-20 20:38,0,+20.3,+24.1,+22.0,+2.0,+3.0,+3.3,+4.0,+4.2,+4.2
2022-11-20 21:38,0,+20.3,+24.1,+21.9,+2.0,+2.8,+3.3,+4.0,+4.2,+4.2
2022-11-20 22:38,0,+20.3,+24.1,+21.9,+2.0,+3.0,+3.3,+3.8,+4.3,+4.2
2022-11-20 23:38,0,+20.3,+24.1,+21.9,+2.0,+2.8,+3.3,+4.0,+4.2,+4.2
2022-11-21 00:38,0,+20.3,+24.0,+21.9,+2.0,+2.8,+3.3,+4.0,+4.2,+4.2
2022-11-21 01:38,0,+20.3,+24.0,+22.0,+2.0,+3.0,+3.3,+4.0,+4.2,+4.2
2022-11-21 02:38,0,+20.3,+24.0,+21.9,+2.0,+2.8,+3.3,+3.8,+4.2,+4.2
2022-11-21 03:38,0,+20.3,+24.0,+22.0,+2.0,+2.8,+3.3,+3.8,+4.2,+4.2
2022-11-21 04:38,0,+20.3,+24.0,+21.9,+2.0,+2.8,+3.3,+4.0,+4.2,+4.2
2022-11-21 05:38,0,+20.3,+24.0,+22.0,+2.0,+2.8,+3.3,+4.0,+4.2,+4.2
2022-11-21 06:38,0,+20.3,+24.0,+22.0,+2.0,+2.8,+3.3,+4.0,+4.2,+4.2
2022-11-21 07:38,0,+20.3,+24.0,+22.0,+2.0,+2.8,+3.2,+3.8,+4.2,+4.1
2022-11-21 08:38,0,+20.3,+24.0,+21.9,+2.0,+2.8,+3.2,+3.8,+4.2,+4.2
2022-11-21 09:38,0,+20.3,+24.0,+21.9,+2.0,+2.8,+3.3,+3.8,+4.2,+4.1
2022-11-21 10:38,0,+20.3,+24.0,+21.9,+2.0,+2.8,+3.3,+3.8,+4.2,+4.2
2022-11-21 11:38,0,+20.3,+24.0,+21.9,+2.0,+2.8,+3.2,+3.8,+4.2,+4.2
2022-11-21 12:38,0,+20.3,+24.0,+21.9,+2.0,+2.8,+3.2,+3.8,+4.2,+4.2
2022-11-21 13:38,0,+20.3,+24.0,+21.9,+2.0,+2.8,+3.3,+3.8,+4.2,+4.1
2022-11-21 14:38,0,+20.3,+24.0,+21.9,+2.0,+2.8,+3.2,+3.8,+4.2,+4.1
2022-11-21 15:38,0,+20.3,+24.0,+21.9,+2.0,+2.8,+3.2,+3.8,+4.1,+4.1
2022-11-21 16:38,0,+20.3,+24.0,+22.0,+2.0,+2.8,+3.2,+3.8,+4.2,+4.1
2022-11-21 17:38,0,+20.3,+24.0,+21.9,+2.0,+2.8,+3.2,+3.8,+4.2,+4.1
2022-11-21 18:38,0,+20.3,+24.0,+22.0,+2.0,+2.8,+3.2,+3.8,+4.1,+4.1
2022-11-21 19:38,0,+20.3,+24.0,+22.0,+2.0,+2.8,+3.2,+3.8,+4.1,+4.1
2022-11-21 20:38,0,+20.3,+24.0,+22.0,+2.1,+2.8,+3.2,+3.8,+4.1,+4.1
2022-11-21 21:38,0,+20.3,+24.0,+22.0,+2.0,+2.8,+3.2,+3.8,+4.1,+4.1
2022-11-21 22:38,0,+20.3,+24.0,+22.0,+2.0,+2.8,+3.2,+3.8,+4.1,+4.1
2022-11-21 23:38,0,+20.3,+24.0,+22.0,+2.0,+2.8,+3.3,+3.8,+4.1,+4.1
2022-11-22 00:38,0,+20.3,+24.0,+22.0,+2.0,+2.8,+3.2,+3.7,+4.1,+4.1
2022-11-22 01:38,0,+20.3,+24.0,+22.0,+2.0,+2.8,+3.2,+3.8,+4.1,+4.1
2022-11-22 02:38,0,+20.3,+24.0,+22.0,+2.0,+2.8,+3.2,+3.8,+4.1,+4.1
2022-11-22 03:38,0,+20.3,+24.0,+22.0,+2.0,+2.8,+3.2,+3.7,+4.1,+4.1
2022-11-22 04:38,0,+20.3,+24.0,+22.0,+2.0,+2.8,+3.2,+3.8,+4.1,+4.0
2022-11-22 05:38,0,+20.3,+24.0,+22.0,+2.0,+2.8,+3.2,+3.8,+4.1,+4.1
2022-11-22 06:38,0,+20.3,+24.0,+22.0,+2.0,+2.8,+3.2,+3.8,+4.1,+4.1
2022-11-22 07:38,0,+20.3,+24.0,+22.0,+2.1,+2.8,+3.2,+3.8,+4.1,+4.1
2022-11-22 08:38,0,+20.3,+24.0,+22.0,+2.0,+2.8,+3.2,+3.7,+4.1,+4.1
2022-11-22 09:38,0,+20.3,+24.0,+22.0,+2.0,+2.8,+3.2,+3.7,+4.1,+4.0
2022-11-22 10:38,0,+20.3,+24.0,+22.0,+2.0,+2.8,+3.2,+3.8,+4.1,+4.1
2022-11-22 11:38,0,+20.3,+24.0,+22.0,+2.0,+2.8,+3.2,+3.7,+4.0,+4.0
2022-11-22 12:38,0,+20.3,+24.0,+22.1,+2.0,+2.8,+3.2,+3.7,+4.1,+4.0
2022-11-22 13:38,0,+20.3,+24.0,+22.0,+2.0,+2.8,+3.2,+3.7,+4.1,+4.0
2022-11-22 14:38,0,+20.3,+24.0,+22.0,+2.1,+2.8,+3.2,+3.7,+4.1,+4.0
2022-11-22 15:38,0,+20.3,+24.0,+22.1,+2.1,+2.8,+3.2,+3.7,+4.0,+4.0
2022-11-22 16:38,0,+20.3,+24.0,+22.1,+2.1,+2.8,+3.2,+3.7,+4.1,+4.0
2022-11-22 17:38,0,+20.3,+24.0,+22.1,+2.0,+2.8,+3.2,+3.7,+4.1,+4.0
2022-11-22 18:38,0,+20.3,+24.0,+22.1,+2.0,+2.8,+3.2,+3.7,+4.1,+4.0
2022-11-22 19:38,0,+20.3,+24.0,+22.0,+2.1,+2.8,+3.2,+3.7,+4.1,+4.0
2022-11-22 20:38,0,+20.3,+24.0,+22.0,+2.1,+2.8,+3.2,+3.7,+4.1,+4.0
2022-11-22 21:38,0,+20.3,+24.0,+22.0,+2.1,+2.8,+3.2,+3.7,+4.0,+4.0
2022-11-22 22:38,0,+20.3,+24.0,+22.0,+2.1,+2.8,+3.2,+3.7,+4.1,+4.0
2022-11-22 23:38,0,+20.3,+24.0,+22.0,+2.1,+2.8,+3.2,+3.7,+4.0,+4.0
2022-11-23 00:38,0,+20.3,+24.0,+22.0,+2.1,+2.8,+3.2,+3.7,+4.0,+4.0
2022-11-23 01:38,0,+20.3,+24.0,+22.0,+2.1,+2.8,+3.2,+3.7,+4.1,+4.0
2022-11-23 02:38,0,+20.4,+24.0,+22.0,+2.1,+2.8,+3.2,+3.7,+4.0,+4.0
2022-11-23 03:38,0,+20.3,+24.0,+22.0,+2.1,+2.8,+3.2,+3.7,+4.0,+4.0
2022-11-23 04:38,0,+20.3,+24.0,+22.0,+2.1,+2.8,+3.2,+3.7,+4.0,+4.0
2022-11-23 05:38,0,+20.3,+24.0,+22.0,+2.1,+2.8,+3.2,+3.7,+4.0,+4.0
2022-11-23 06:38,0,+20.3,+24.0,+22.0,+2.1,+2.8,+3.2,+3.7,+4.0,+4.0
2022-11-23 07:38,0,+20.3,+24.0,+22.0,+2.0,+2.8,+3.2,+3.7,+4.0,+4.0
2022-11-23 08:38,0,+20.3,+24.0,+22.0,+2.0,+2.8,+3.2,+3.7,+4.0,+4.0
2022-11-23 09:38,0,+20.2,+24.0,+22.0,+2.0,+2.8,+3.2,+3.7,+4.0,+3.8
2022-11-23 10:38,0,+20.2,+24.0,+22.0,+2.1,+2.8,+3.2,+3.7,+4.0,+4.0
2022-11-23 11:38,0,+20.2,+24.0,+22.0,+2.0,+2.8,+3.1,+3.7,+4.0,+4.0
2022-11-23 12:38,0,+20.2,+24.0,+22.0,+2.1,+2.8,+3.2,+3.7,+4.0,+4.0
2022-11-23 13:38,0,+20.2,+24.0,+22.0,+2.1,+2.8,+3.2,+3.7,+4.0,+4.0
2022-11-23 14:38,0,+20.2,+24.0,+22.0,+2.1,+2.8,+3.1,+3.7,+4.0,+3.8
2022-11-23 15:38,0,+20.2,+24.0,+22.0,+2.0,+2.8,+3.2,+3.7,+4.0,+3.8
2022-11-23 16:38,0,+20.2,+24.0,+22.1,+2.1,+2.8,+3.2,+3.7,+4.0,+4.0
2022-11-23 17:38,0,+20.2,+24.0,+22.1,+2.1,+2.8,+3.1,+3.7,+4.0,+3.8
2022-11-23 18:38,0,+20.2,+24.0,+22.1,+2.1,+2.8,+3.2,+3.7,+4.0,+3.8
2022-11-23 19:38,0,+20.2,+24.0,+22.1,+2.1,+2.8,+3.2,+3.7,+4.0,+3.8
2022-11-23 20:38,0,+20.2,+24.0,+22.1,+2.1,+2.8,+3.2,+3.7,+4.0,+4.0
2022-11-23 21:38,0,+20.2,+24.0,+22.0,+2.1,+2.8,+3.2,+3.7,+4.0,+3.8
2022-11-23 22:38,0,+20.2,+24.0,+22.0,+2.1,+2.8,+3.2,+3.7,+4.0,+4.0
2022-11-23 23:38,0,+20.3,+24.0,+22.1,+2.1,+2.8,+3.2,+3.7,+4.0,+3.8
2022-11-24 00:38,0,+20.3,+24.0,+22.1,+2.2,+2.8,+3.1,+3.7,+4.0,+3.8
2022-11-24 01:38,0,+20.3,+24.0,+22.0,+2.2,+2.8,+3.2,+3.7,+4.0,+3.8
2022-11-24 02:38,0,+20.3,+24.0,+22.1,+2.2,+2.8,+3.2,+3.7,+4.0,+3.8
2022-11-24 03:38,0,+20.3,+24.0,+22.1,+2.1,+2.8,+3.2,+3.6,+4.0,+3.8
2022-11-24 04:38,0,+20.4,+24.0,+22.0,+2.2,+2.8,+3.2,+3.7,+4.0,+3.8
2022-11-24 05:38,0,+20.4,+24.0,+22.1,+2.2,+2.8,+3.2,+3.7,+3.8,+3.8
2022-11-24 06:38,0,+20.4,+24.0,+22.0,+2.2,+2.8,+3.2,+3.7,+4.0,+3.8
2022-11-24 07:38,0,+20.4,+24.0,+22.0,+2.1,+2.8,+3.2,+3.7,+4.0,+3.8
2022-11-24 08:38,0,+20.4,+24.0,+22.1,+2.2,+2.8,+3.1,+3.7,+4.0,+3.8
2022-11-24 09:38,0,+20.4,+24.0,+22.1,+2.2,+2.8,+3.2,+3.7,+4.0,+3.8
2022-11-24 10:38,0,+20.4,+24.0,+22.1,+2.2,+3.0,+3.2,+3.7,+4.0,+3.8
2022-11-24 11:38,0,+20.4,+24.0,+22.1,+2.2,+2.8,+3.2,+3.7,+4.0,+3.8
2022-11-24 12:38,0,+20.4,+24.0,+22.1,+2.2,+3.0,+3.2,+3.7,+4.0,+3.8
2022-11-24 13:38,0,+20.4,+24.0,+22.1,+2.2,+3.0,+3.2,+3.7,+4.0,+3.8
2022-11-24 14:38,0,+20.4,+24.0,+22.1,+2.2,+3.0,+3.2,+3.7,+4.0,+3.8
2022-11-24 15:38,0,+20.4,+24.0,+22.1,+2.2,+2.8,+3.2,+3.7,+4.0,+3.8
2022-11-24 16:38,0,+20.4,+24.0,+22.1,+2.2,+2.8,+3.2,+3.7,+3.8,+3.8
2022-11-24 17:38,0,+20.4,+24.0,+22.1,+2.2,+2.8,+3.2,+3.7,+4.0,+3.8
2022-11-24 18:38,0,+20.4,+24.1,+22.1,+2.2,+2.8,+3.2,+3.7,+4.0,+3.8
2022-11-24 19:38,0,+20.5,+24.1,+22.1,+2.2,+2.8,+3.2,+3.7,+3.8,+3.8
2022-11-24 20:38,0,+20.5,+24.1,+22.1,+2.2,+3.0,+3.2,+3.7,+4.0,+3.8
2022-11-24 21:38,0,+20.5,+24.1,+22.1,+2.2,+3.0,+3.2,+3.7,+4.0,+3.7
2022-11-24 22:38,0,+20.5,+24.1,+22.1,+2.2,+3.0,+3.2,+3.7,+3.8,+3.8
2022-11-24 23:38,0,+20.5,+24.1,+22.1,+2.2,+3.0,+3.2,+3.6,+4.0,+3.8
2022-11-25 00:38,0,+20.5,+24.1,+22.1,+2.2,+3.0,+3.2,+3.7,+3.8,+3.8
2022-11-25 01:38,0,+20.6,+24.1,+22.1,+2.2,+3.0,+3.2,+3.7,+3.8,+3.8
2022-11-25 02:38,0,+20.6,+24.1,+22.1,+2.2,+3.0,+3.2,+3.7,+3.8,+3.8
2022-11-25 03:38,0,+20.6,+24.1,+22.1,+2.2,+3.0,+3.2,+3.7,+3.8,+3.8
2022-11-25 04:38,0,+20.6,+24.1,+22.1,+2.1,+3.0,+3.2,+3.7,+3.8,+3.8
2022-11-25 05:38,0,+20.6,+24.1,+22.1,+2.1,+3.0,+3.2,+3.7,+4.0,+3.8
2022-11-25 06:38,0,+20.6,+24.1,+22.1,+2.1,+3.0,+3.2,+3.7,+3.8,+3.8
2022-11-25 07:38,0,+20.6,+24.1,+22.1,+2.1,+2.8,+3.2,+3.7,+4.0,+3.8
2022-11-25 08:38,0,+20.6,+24.1,+22.1,+2.1,+2.8,+3.2,+3.7,+4.0,+3.8
2022-11-25 09:38,0,+20.6,+24.1,+22.1,+2.1,+2.8,+3.2,+3.7,+4.0,+3.8
2022-11-25 10:38,0,+20.6,+24.1,+22.1,+2.0,+2.8,+3.2,+3.7,+3.8,+3.8
2022-11-25 11:38,0,+20.6,+24.1,+22.1,+2.0,+2.8,+3.1,+3.7,+3.8,+3.8
2022-11-25 12:38,0,+20.6,+24.1,+22.1,+2.0,+2.8,+3.1,+3.7,+3.8,+3.8
2022-11-25 13:38,0,+20.6,+24.1,+22.1,+2.0,+2.8,+3.2,+3.6,+3.8,+3.8
2022-11-25 14:38,0,+20.6,+24.1,+22.1,+2.1,+2.8,+3.2,+3.7,+3.8,+3.8
2022-11-25 15:38,0,+20.6,+24.1,+22.1,+2.0,+2.8,+3.1,+3.7,+3.8,+3.8
2022-11-25 16:38,0,+20.8,+24.2,+22.1,+2.1,+2.7,+3.1,+3.7,+3.8,+3.8
2022-11-25 17:38,0,+21.0,+24.2,+22.1,+2.1,+2.8,+3.1,+3.7,+3.8,+3.7
2022-11-25 18:38,0,+21.3,+24.2,+22.1,+2.1,+2.8,+3.1,+3.6,+3.8,+3.7
2022-11-25 19:38,0,+21.8,+24.2,+22.1,+2.1,+2.7,+3.1,+3.7,+3.8,+3.7
2022-11-25 20:38,0,+22.3,+24.2,+22.1,+2.1,+2.8,+3.1,+3.7,+3.8,+3.7
2022-11-25 21:38,0,+22.8,+24.2,+22.1,+2.1,+2.8,+3.1,+3.7,+3.8,+3.7
2022-11-25 22:38,0,+23.4,+24.3,+22.2,+2.1,+2.8,+3.1,+3.7,+3.8,+3.7
2022-11-25 23:38,0,+23.8,+24.3,+22.1,+2.1,+2.8,+3.1,+3.7,+3.8,+3.7
2022-11-26 00:38,0,+24.1,+24.5,+22.1,+2.1,+2.7,+3.1,+3.6,+3.8,+3.7
2022-11-26 01:38,0,+24.3,+24.6,+22.2,+2.1,+2.8,+3.1,+3.7,+3.8,+3.8
2022-11-26 02:38,0,+24.6,+24.8,+22.2,+2.1,+2.8,+3.1,+3.7,+3.8,+3.7
2022-11-26 03:38,0,+25.0,+25.0,+22.2,+2.1,+2.8,+3.1,+3.6,+3.8,+3.7
2022-11-26 04:38,0,+25.2,+25.3,+22.2,+2.1,+2.8,+3.1,+3.7,+3.8,+3.8
2022-11-26 05:38,0,+25.3,+25.7,+22.2,+2.2,+2.8,+3.1,+3.7,+3.8,+3.7
2022-11-26 06:38,0,+25.3,+25.9,+22.2,+2.1,+2.8,+3.1,+3.7,+3.8,+3.7
2022-11-26 07:38,0,+25.1,+26.1,+22.2,+2.2,+2.8,+3.1,+3.7,+3.8,+3.7
2022-11-26 08:38,0,+25.0,+26.1,+22.2,+2.2,+2.8,+3.1,+3.7,+3.8,+3.7
2022-11-26 09:38,0,+24.8,+26.1,+22.3,+2.2,+2.8,+3.1,+3.7,+3.8,+3.7
2022-11-26 10:38,0,+24.9,+26.2,+22.3,+2.2,+3.0,+3.1,+3.7,+3.8,+3.7
2022-11-26 11:38,0,+25.0,+26.2,+22.3,+2.3,+2.8,+3.2,+3.6,+3.8,+3.7
2022-11-26 12:38,0,+25.0,+26.3,+22.3,+2.5,+3.0,+3.1,+3.7,+3.8,+3.7
2022-11-26 13:38,0,+24.8,+26.4,+22.3,+2.7,+3.1,+3.1,+3.7,+3.8,+3.7
2022-11-26 14:38,0,+24.6,+26.5,+22.3,+2.8,+3.1,+3.2,+3.6,+3.8,+3.8
2022-11-26 15:38,0,+24.4,+26.5,+22.4,+3.0,+3.2,+3.2,+3.7,+3.8,+3.7
2022-11-26 16:38,0,+24.3,+26.5,+22.4,+3.1,+3.3,+3.2,+3.7,+3.8,+3.7
2022-11-26 17:38,0,+24.1,+26.5,+22.4,+3.1,+3.3,+3.3,+3.7,+3.8,+3.7
2022-11-26 18:38,0,+24.0,+26.5,+22.5,+3.1,+3.3,+3.3,+3.7,+3.8,+3.7
2022-11-26 19:38,0,+23.8,+26.5,+22.5,+3.1,+3.3,+3.5,+3.7,+3.8,+3.7
2022-11-26 20:38,0,+23.7,+26.5,+22.5,+3.0,+3.5,+3.5,+3.7,+3.8,+3.7
2022-11-26 21:38,0,+23.6,+26.5,+22.6,+3.0,+3.5,+3.5,+3.7,+3.8,+3.7
2022-11-26 22:38,0,+23.5,+26.5,+22.6,+2.8,+3.5,+3.5,+3.7,+3.8,+3.7
2022-11-26 23:38,0,+23.4,+26.4,+22.7,+2.8,+3.3,+3.5,+3.7,+3.8,+3.8
2022-11-27 00:38,0,+23.4,+26.4,+22.7,+2.8,+3.3,+3.5,+3.8,+3.8,+3.7
2022-11-27 01:38,0,+23.3,+26.4,+22.8,+2.7,+3.3,+3.5,+3.8,+4.0,+3.8
2022-11-27 02:38,0,+23.2,+26.3,+22.8,+2.6,+3.3,+3.5,+3.8,+4.0,+3.8
2022-11-27 03:38,0,+23.2,+26.3,+22.8,+2.6,+3.3,+3.5,+3.8,+4.0,+3.8
2022-11-27 04:38,0,+23.1,+26.3,+22.9,+2.5,+3.3,+3.5,+3.8,+3.8,+3.8
2022-11-27 05:38,0,+23.1,+26.3,+22.9,+2.5,+3.2,+3.5,+3.8,+4.0,+3.8
2022-11-27 06:38,0,+23.0,+26.2,+23.0,+2.3,+3.2,+3.5,+3.8,+4.0,+3.8
2022-11-27 07:38,0,+23.0,+26.2,+23.0,+2.3,+3.1,+3.5,+3.8,+4.0,+3.8
2022-11-27 08:38,0,+22.9,+26.2,+23.1,+2.3,+3.1,+3.3,+3.7,+4.0,+3.8
2022-11-27 09:38,0,+22.9,+26.2,+23.1,+2.2,+3.1,+3.3,+3.8,+4.0,+3.8
2022-11-27 10:38,0,+22.8,+26.2,+23.1,+2.2,+3.1,+3.3,+3.8,+4.0,+3.8
2022-11-27 11:38,0,+22.8,+26.1,+23.1,+2.2,+3.0,+3.3,+3.8,+4.0,+3.8
2022-11-27 12:38,0,+22.7,+26.1,+23.1,+2.2,+3.1,+3.3,+3.7,+4.0,+3.8
2022-11-27 13:38,0,+22.7,+26.1,+23.1,+2.2,+3.0,+3.3,+3.8,+4.0,+3.8
2022-11-27 14:38,0,+22.7,+26.1,+23.1,+2.2,+3.0,+3.3,+3.7,+4.0,+3.8
2022-11-27 15:38,0,+22.6,+26.0,+23.2,+2.2,+3.0,+3.2,+3.7,+4.0,+3.8
2022-11-27 16:38,0,+22.6,+26.0,+23.2,+2.2,+3.0,+3.3,+3.7,+4.0,+3.8
2022-11-27 17:38,0,+22.6,+26.0,+23.2,+2.2,+3.0,+3.3,+3.7,+3.8,+3.7
2022-11-27 18:38,0,+22.6,+26.0,+23.2,+2.1,+3.0,+3.2,+3.7,+3.8,+3.8
2022-11-27 19:38,0,+22.5,+26.0,+23.3,+2.1,+3.0,+3.2,+3.7,+4.0,+3.8
2022-11-27 20:38,0,+22.5,+26.0,+23.3,+2.1,+3.0,+3.2,+3.7,+3.8,+3.8
2022-11-27 21:38,0,+22.5,+25.9,+23.3,+2.1,+2.8,+3.2,+3.7,+3.8,+3.7
2022-11-27 22:38,0,+22.5,+25.9,+23.3,+2.0,+2.8,+3.2,+3.7,+3.8,+3.7
2022-11-27 23:38,0,+22.5,+25.9,+23.3,+2.0,+2.8,+3.2,+3.7,+3.8,+3.7
2022-11-28 00:38,0,+22.5,+25.9,+23.3,+2.0,+2.8,+3.2,+3.7,+3.8,+3.7
2022-11-28 01:38,0,+22.4,+25.9,+23.4,+2.0,+2.8,+3.2,+3.7,+3.8,+3.8
2022-11-28 02:38,0,+22.4,+25.9,+23.4,+2.0,+2.7,+3.2,+3.7,+3.8,+3.7
2022-11-28 03:38,0,+22.4,+25.9,+23.4,+1.8,+2.8,+3.1,+3.7,+3.8,+3.7
2022-11-28 04:38,0,+22.3,+25.9,+23.4,+1.8,+2.7,+3.1,+3.7,+3.8,+3.7
2022-11-28 05:38,0,+22.3,+25.8,+23.4,+1.8,+2.7,+3.1,+3.7,+3.8,+3.7
2022-11-28 06:38,0,+22.3,+25.8,+23.4,+1.8,+2.7,+3.1,+3.6,+3.8,+3.7
2022-11-28 07:38,0,+22.3,+25.8,+23.4,+1.8,+2.7,+3.1,+3.7,+3.8,+3.7
2022-11-28 08:38,0,+22.3,+25.8,+23.4,+1.7,+2.7,+3.1,+3.6,+3.8,+3.7
2022-11-28 09:38,0,+22.2,+25.8,+23.4,+1.7,+2.6,+3.1,+3.6,+3.8,+3.7
2022-11-28 10:38,0,+22.2,+25.8,+23.4,+1.7,+2.6,+3.0,+3.6,+3.8,+3.7
2022-11-28 11:38,0,+22.2,+25.7,+23.4,+1.7,+2.6,+3.0,+3.6,+3.8,+3.7
2022-11-28 12:38,0,+22.1,+25.7,+23.4,+1.7,+2.6,+3.0,+3.6,+3.8,+3.7
2022-11-28 13:38,0,+22.1,+25.7,+23.4,+1.7,+2.6,+3.0,+3.5,+3.7,+3.7
2022-11-28 14:38,0,+22.1,+25.7,+23.5,+1.7,+2.6,+3.0,+3.5,+3.7,+3.7
2022-11-28 15:38,0,+22.1,+25.7,+23.5,+1.7,+2.6,+3.0,+3.5,+3.7,+3.7
2022-11-28 16:38,0,+22.1,+25.7,+23.5,+1.7,+2.6,+3.0,+3.5,+3.7,+3.7
2022-11-28 17:38,0,+22.1,+25.7,+23.5,+1.7,+2.6,+3.0,+3.5,+3.7,+3.7
2022-11-28 18:38,0,+22.0,+25.6,+23.5,+1.7,+2.6,+3.0,+3.5,+3.7,+3.7
2022-11-28 19:38,0,+22.0,+25.6,+23.5,+1.7,+2.6,+3.0,+3.5,+3.7,+3.6
2022-11-28 20:38,0,+22.0,+25.6,+23.5,+1.7,+2.6,+3.0,+3.5,+3.7,+3.6
2022-11-28 21:38,0,+22.0,+25.6,+23.5,+1.7,+2.6,+3.0,+3.5,+3.7,+3.7
2022-11-28 22:38,0,+22.0,+25.6,+23.5,+1.7,+2.5,+3.0,+3.5,+3.7,+3.7
2022-11-28 23:38,0,+22.0,+25.6,+23.5,+1.7,+2.5,+3.0,+3.5,+3.7,+3.6
2022-11-29 00:38,0,+22.0,+25.6,+23.5,+1.7,+2.6,+3.0,+3.5,+3.7,+3.6
2022-11-29 01:38,0,+21.9,+25.6,+23.5,+1.6,+2.6,+3.0,+3.5,+3.7,+3.6
2022-11-29 02:38,0,+21.9,+25.6,+23.5,+1.7,+2.5,+2.8,+3.5,+3.7,+3.6
2022-11-29 03:38,0,+21.9,+25.5,+23.5,+1.6,+2.5,+2.8,+3.3,+3.7,+3.6
2022-11-29 04:38,0,+21.9,+25.5,+23.5,+1.6,+2.5,+2.8,+3.5,+3.6,+3.6
2022-11-29 05:38,0,+21.9,+25.5,+23.5,+1.6,+2.5,+2.8,+3.3,+3.6,+3.6
2022-11-29 06:38,0,+21.9,+25.5,+23.5,+1.6,+2.5,+2.8,+3.3,+3.6,+3.6
2022-11-29 07:38,0,+21.9,+25.5,+23.5,+1.6,+2.5,+2.8,+3.3,+3.6,+3.6
2022-11-29 08:38,0,+21.9,+25.5,+23.6,+1.6,+2.5,+2.8,+3.3,+3.6,+3.6
2022-11-29 09:38,0,+21.9,+25.5,+23.6,+1.6,+2.5,+2.8,+3.3,+3.7,+3.6
2022-11-29 10:38,0,+21.9,+25.5,+23.6,+1.6,+2.5,+2.8,+3.3,+3.6,+3.6
2022-11-29 11:38,0,+21.9,+25.5,+23.6,+1.6,+2.5,+2.8,+3.3,+3.6,+3.6
2022-11-29 12:38,0,+21.8,+25.5,+23.6,+1.5,+2.3,+2.8,+3.3,+3.6,+3.5
2022-11-29 13:38,0,+21.8,+25.5,+23.6,+1.5,+2.5,+2.7,+3.3,+3.6,+3.6
2022-11-29 14:38,0,+21.8,+25.5,+23.6,+1.5,+2.3,+2.8,+3.3,+3.6,+3.5
2022-11-29 15:38,0,+21.8,+25.5,+23.6,+1.5,+2.3,+2.7,+3.3,+3.6,+3.5
2022-11-29 16:38,0,+21.8,+25.5,+23.6,+1.5,+2.3,+2.7,+3.3,+3.6,+3.5
2022-11-29 17:38,0,+21.8,+25.4,+23.6,+1.5,+2.3,+2.7,+3.3,+3.6,+3.5
2022-11-29 18:38,0,+21.8,+25.4,+23.6,+1.3,+2.3,+2.7,+3.3,+3.6,+3.5
2022-11-29 19:38,0,+21.8,+25.4,+23.6,+1.3,+2.3,+2.7,+3.2,+3.6,+3.5
2022-11-29 20:38,0,+21.8,+25.4,+23.6,+1.3,+2.2,+2.7,+3.2,+3.6,+3.5
2022-11-29 21:38,0,+21.7,+25.4,+23.6,+1.3,+2.2,+2.6,+3.2,+3.5,+3.5
2022-11-29 22:38,0,+21.7,+25.4,+23.6,+1.3,+2.3,+2.7,+3.2,+3.5,+3.5
2022-11-29 23:38,0,+21.7,+25.4,+23.6,+1.3,+2.2,+2.7,+3.2,+3.5,+3.5
2022-11-30 00:38,0,+21.7,+25.4,+23.6,+1.2,+2.2,+2.6,+3.2,+3.5,+3.5
2022-11-30 01:38,0,+21.6,+25.3,+23.6,+1.2,+2.2,+2.7,+3.2,+3.5,+3.5
2022-11-30 02:38,0,+21.6,+25.3,+23.6,+1.2,+2.2,+2.6,+3.2,+3.5,+3.5
2022-11-30 03:38,0,+21.6,+25.3,+23.6,+1.1,+2.2,+2.6,+3.2,+3.5,+3.5
2022-11-30 04:38,0,+21.6,+25.3,+23.6,+1.2,+2.2,+2.6,+3.2,+3.5,+3.5
2022-11-30 05:38,0,+21.6,+25.3,+23.6,+1.1,+2.2,+2.6,+3.2,+3.5,+3.5
2022-11-30 06:38,0,+21.5,+25.3,+23.6,+1.0,+2.1,+2.6,+3.1,+3.5,+3.3
2022-11-30 07:38,0,+21.5,+25.2,+23.6,+1.1,+2.1,+2.5,+3.2,+3.5,+3.5
2022-11-30 08:38,0,+21.5,+25.2,+23.6,+1.1,+2.1,+2.6,+3.1,+3.5,+3.3
2022-11-30 09:38,0,+21.5,+25.2,+23.6,+1.0,+2.1,+2.5,+3.1,+3.5,+3.3
2022-11-30 10:38,0,+21.5,+25.2,+23.6,+1.0,+2.1,+2.5,+3.1,+3.3,+3.3
2022-11-30 11:38,0,+21.4,+25.2,+23.6,+1.0,+2.0,+2.5,+3.1,+3.5,+3.3
2022-11-30 12:38,0,+21.4,+25.1,+23.6,+1.0,+2.0,+2.5,+3.1,+3.5,+3.3
2022-11-30 13:38,0,+21.4,+25.1,+23.6,+0.8,+2.0,+2.5,+3.1,+3.3,+3.3
2022-11-30 14:38,0,+21.4,+25.1,+23.6,+0.8,+2.0,+2.5,+3.1,+3.3,+3.3
2022-11-30 15:38,0,+21.3,+25.1,+23.6,+0.8,+2.0,+2.3,+3.1,+3.3,+3.3
2022-11-30 16:38,0,+21.3,+25.1,+23.6,+0.7,+1.8,+2.3,+3.1,+3.3,+3.3
2022-11-30 17:38,0,+21.3,+25.1,+23.6,+0.7,+1.8,+2.3,+3.0,+3.3,+3.3
2022-11-30 18:38,0,+21.3,+25.1,+23.6,+0.7,+1.8,+2.3,+3.0,+3.3,+3.3
2022-11-30 19:38,0,+21.3,+25.1,+23.6,+0.6,+1.8,+2.2,+3.0,+3.2,+3.3
2022-11-30 20:38,0,+21.3,+25.0,+23.6,+0.6,+1.8,+2.3,+3.0,+3.3,+3.2
2022-11-30 21:38,0,+21.3,+25.0,+23.6,+0.6,+1.7,+2.2,+3.0,+3.3,+3.2
2022-11-30 22:38,0,+21.2,+25.0,+23.6,+0.6,+1.7,+2.2,+3.0,+3.2,+3.2
2022-11-30 23:38,0,+21.2,+25.0,+23.6,+0.6,+1.7,+2.2,+3.0,+3.3,+3.2
2022-12-01 00:38,0,+21.2,+25.0,+23.6,+0.6,+1.7,+2.2,+2.8,+3.2,+3.2
2022-12-01 01:38,0,+21.1,+25.0,+23.6,+0.5,+1.7,+2.2,+2.8,+3.2,+3.2
2022-12-01 02:38,0,+21.1,+25.0,+23.6,+0.5,+1.7,+2.2,+2.8,+3.2,+3.2
2022-12-01 03:38,0,+21.1,+25.0,+23.6,+0.3,+1.6,+2.2,+2.8,+3.2,+3.2
2022-12-01 04:38,0,+21.0,+25.0,+23.6,+0.3,+1.6,+2.1,+2.8,+3.2,+3.1
2022-12-01 05:38,0,+21.0,+25.0,+23.6,+0.3,+1.6,+2.1,+2.8,+3.2,+3.2
2022-12-01 06:38,0,+20.9,+25.0,+23.6,+0.3,+1.6,+2.1,+2.8,+3.1,+3.2
2022-12-01 07:38,0,+20.9,+25.0,+23.6,+0.2,+1.6,+2.1,+2.8,+3.2,+3.1
2022-12-01 08:38,0,+20.8,+25.0,+23.6,+0.3,+1.5,+2.1,+2.8,+3.1,+3.1
2022-12-01 09:38,0,+20.8,+25.0,+23.6,+0.2,+1.5,+2.0,+2.7,+3.1,+3.1
2022-12-01 10:38,0,+20.8,+25.0,+23.6,+0.3,+1.5,+2.0,+2.7,+3.1,+3.1
2022-12-01 11:38,0,+20.8,+25.0,+23.6,+0.2,+1.5,+2.0,+2.7,+3.1,+3.1
2022-12-01 12:38,0,+20.7,+24.9,+23.6,+0.2,+1.5,+2.0,+2.7,+3.1,+3.1
2022-12-01 13:38,0,+20.7,+24.9,+23.6,+0.2,+1.5,+2.0,+2.7,+3.1,+3.0
2022-12-01 14:38,0,+20.7,+24.8,+23.6,+0.2,+1.3,+2.0,+2.7,+3.0,+3.1
2022-12-01 15:38,0,+20.6,+24.7,+23.6,+0.2,+1.3,+2.0,+2.7,+3.0,+3.0