
2022-10-22 09:34,0,+9.8,+8.0,+8.9,+8.8,+9.8,+11.5,+9.3,+8.8,+9.0
2022-10-22 10:34,0,+10.5,+8.7,+9.8,+7.2,+7.6,+7.7,+7.7,+8.0,+8.1
2022-10-22 11:34,0,+10.8,+8.8,+10.1,+7.5,+7.6,+7.7,+7.7,+7.8,+8.0
2022-10-22 12:34,0,+11.0,+8.9,+10.3,+7.7,+7.7,+7.7,+7.6,+8.0,+8.0
2022-10-22 13:34,0,+11.6,+8.9,+10.5,+8.0,+7.7,+7.7,+7.6,+7.8,+8.1
2022-10-22 14:34,0,+11.8,+9.0,+10.6,+8.2,+7.8,+7.8,+7.6,+8.0,+8.1
2022-10-22 15:34,0,+12.1,+9.0,+10.7,+8.5,+8.0,+7.8,+7.7,+8.0,+8.0
2022-10-22 16:34,0,+12.2,+9.1,+10.8,+8.7,+8.2,+8.0,+7.7,+8.0,+8.1
2022-10-22 17:34,0,+12.2,+9.1,+10.8,+8.6,+8.2,+8.0,+7.7,+8.0,+8.1
2022-10-22 18:34,0,+12.3,+9.2,+10.9,+8.6,+8.3,+8.1,+7.8,+8.0,+8.1
2022-10-22 19:34,0,+12.2,+9.2,+10.9,+8.5,+8.3,+8.1,+7.8,+8.0,+8.1
2022-10-22 20:34,0,+12.1,+9.2,+10.9,+8.3,+8.5,+8.1,+7.8,+8.0,+8.1
2022-10-22 21:34,0,+12.1,+9.2,+11.0,+8.2,+8.3,+8.1,+7.8,+8.1,+8.1
2022-10-22 22:34,0,+12.0,+9.2,+11.0,+8.1,+8.3,+8.2,+8.0,+8.1,+8.2
2022-10-22 23:34,0,+12.0,+9.2,+11.0,+8.0,+8.3,+8.2,+8.0,+8.1,+8.2
2022-10-23 00:34,0,+11.9,+9.2,+11.0,+7.8,+8.2,+8.2,+8.0,+8.1,+8.2
2022-10-23 01:34,0,+11.9,+9.2,+11.1,+7.7,+8.2,+8.2,+8.0,+8.2,+8.2
2022-10-23 02:34,0,+11.9,+9.2,+11.1,+7.6,+8.2,+8.2,+8.0,+8.1,+8.2
2022-10-23 03:34,0,+11.8,+9.2,+11.1,+7.5,+8.1,+8.2,+8.0,+8.2,+8.2
2022-10-23 04:34,0,+11.8,+9.3,+11.1,+7.3,+8.1,+8.2,+8.1,+8.2,+8.3
2022-10-23 05:34,0,+11.8,+9.3,+11.1,+7.3,+8.0,+8.2,+8.1,+8.2,+8.2
2022-10-23 06:34,0,+11.8,+9.3,+11.1,+7.2,+8.0,+8.1,+8.0,+8.2,+8.2
2022-10-23 07:34,0,+11.8,+9.3,+11.1,+7.2,+8.0,+8.1,+8.0,+8.2,+8.2
2022-10-23 08:34,0,+11.8,+9.3,+11.1,+7.1,+7.8,+8.1,+8.0,+8.2,+8.3
2022-10-23 09:34,0,+11.9,+9.3,+11.1,+7.2,+7.8,+8.1,+8.0,+8.2,+8.3
2022-10-23 10:34,0,+12.1,+9.3,+11.2,+7.5,+7.8,+8.1,+8.0,+8.2,+8.3
2022-10-23 11:34,0,+12.2,+9.3,+11.2,+8.0,+8.0,+8.1,+8.0,+8.2,+8.3
2022-10-23 12:34,0,+12.5,+9.4,+11.2,+8.5,+8.1,+8.1,+8.0,+8.2,+8.3
2022-10-23 13:34,0,+12.5,+9.4,+11.3,+9.1,+8.3,+8.1,+8.0,+8.2,+8.3
2022-10-23 14:34,0,+12.5,+9.4,+11.3,+9.6,+8.6,+8.2,+8.0,+8.2,+8.3
2022-10-23 15:34,0,+12.6,+9.5,+11.3,+10.0,+8.8,+8.3,+8.0,+8.2,+8.3
2022-10-23 16:34,0,+12.6,+9.5,+11.3,+10.2,+9.0,+8.5,+8.1,+8.2,+8.3
2022-10-23 17:34,0,+12.6,+9.5,+11.4,+10.3,+9.2,+8.6,+8.1,+8.3,+8.3
2022-10-23 18:34,0,+12.5,+9.5,+11.4,+10.3,+9.3,+8.7,+8.1,+8.3,+8.3
2022-10-23 19:34,0,+12.5,+9.5,+11.4,+10.2,+9.5,+8.7,+8.2,+8.3,+8.3
2022-10-23 20:34,0,+12.5,+9.5,+11.4,+10.3,+9.6,+8.8,+8.3,+8.3,+8.3
2022-10-23 21:34,0,+12.5,+9.5,+11.5,+10.5,+9.6,+9.0,+8.3,+8.3,+8.5
2022-10-23 22:34,0,+12.5,+9.5,+11.5,+10.5,+9.7,+9.0,+8.3,+8.5,+8.5
2022-10-23 23:34,0,+13.9,+9.5,+11.5,+10.6,+9.7,+9.1,+8.5,+8.5,+8.5
2022-10-24 00:34,0,+15.5,+9.6,+11.5,+10.7,+9.8,+9.1,+8.5,+8.5,+8.5
2022-10-24 01:34,0,+15.1,+9.7,+11.5,+10.6,+10.0,+9.2,+8.6,+8.5,+8.6
2022-10-24 02:34,0,+15.5,+9.8,+11.5,+10.7,+10.0,+9.2,+8.6,+8.6,+8.6
2022-10-24 03:34,0,+15.8,+9.9,+11.6,+10.7,+10.1,+9.3,+8.7,+8.6,+8.6
2022-10-24 04:34,0,+15.9,+9.9,+11.6,+10.7,+10.1,+9.3,+8.7,+8.6,+8.7
2022-10-24 05:34,0,+15.8,+10.0,+11.7,+10.8,+10.1,+9.5,+8.7,+8.7,+8.7
2022-10-24 06:34,0,+15.7,+10.0,+11.7,+10.8,+10.2,+9.5,+8.8,+8.7,+8.7
2022-10-24 07:34,0,+15.6,+10.1,+11.7,+11.0,+10.2,+9.6,+8.8,+8.7,+8.7
2022-10-24 08:34,0,+15.5,+10.1,+11.8,+11.1,+10.3,+9.6,+8.8,+8.7,+8.8
2022-10-24 09:34,0,+15.5,+10.1,+11.8,+11.2,+10.3,+9.7,+9.0,+8.8,+8.8
2022-10-24 10:34,0,+15.5,+10.2,+11.9,+11.2,+10.5,+9.6,+9.0,+8.8,+8.8
2022-10-24 11:34,0,+15.4,+10.2,+11.9,+11.3,+10.5,+9.7,+9.1,+9.0,+8.8
2022-10-24 12:34,0,+15.3,+10.2,+12.0,+11.3,+10.6,+9.8,+9.1,+8.8,+9.0
2022-10-24 13:34,0,+15.2,+10.2,+12.0,+11.3,+10.6,+9.8,+9.1,+9.0,+9.0
2022-10-24 14:34,0,+15.1,+10.2,+12.1,+11.1,+10.7,+10.0,+9.2,+9.0,+9.0
2022-10-24 15:34,0,+15.0,+10.3,+12.1,+10.8,+10.6,+10.0,+9.2,+9.1,+9.0
2022-10-24 16:34,0,+14.9,+10.2,+12.1,+10.7,+10.5,+10.0,+9.2,+9.1,+9.1
2022-10-24 17:34,0,+14.9,+10.2,+12.2,+10.3,+10.5,+10.0,+9.2,+9.1,+9.1
2022-10-24 18:34,0,+14.8,+10.3,+12.2,+10.1,+10.3,+10.0,+9.2,+9.1,+9.1
2022-10-24 19:34,0,+14.7,+10.3,+12.2,+9.7,+10.2,+10.0,+9.3,+9.1,+9.1
2022-10-24 20:34,0,+14.7,+10.2,+12.2,+9.5,+10.1,+9.8,+9.3,+9.2,+9.2
2022-10-24 21:34,0,+14.7,+10.3,+12.2,+9.3,+10.0,+9.8,+9.3,+9.2,+9.2
2022-10-24 22:34,0,+14.7,+10.2,+12.3,+9.1,+9.7,+9.7,+9.3,+9.2,+9.2
2022-10-24 23:34,0,+14.6,+10.3,+12.3,+9.0,+9.6,+9.7,+9.3,+9.2,+9.2
2022-10-25 00:34,0,+14.6,+10.2,+12.3,+8.7,+9.6,+9.6,+9.2,+9.2,+9.2
2022-10-25 01:34,0,+14.6,+10.2,+12.3,+8.6,+9.5,+9.6,+9.2,+9.2,+9.3
2022-10-25 02:34,0,+14.6,+10.2,+12.3,+8.5,+9.3,+9.5,+9.2,+9.2,+9.2
2022-10-25 03:34,0,+14.6,+10.2,+12.3,+8.3,+9.2,+9.5,+9.2,+9.2,+9.2
2022-10-25 04:34,0,+14.5,+10.2,+12.3,+8.2,+9.1,+9.3,+9.1,+9.2,+9.2
2022-10-25 05:34,0,+14.5,+10.2,+12.3,+8.0,+9.0,+9.3,+9.1,+9.2,+9.2
2022-10-25 06:34,0,+14.5,+10.2,+12.3,+7.8,+8.8,+9.3,+9.1,+9.2,+9.2
2022-10-25 07:34,0,+14.5,+10.2,+12.3,+7.7,+8.8,+9.2,+9.1,+9.2,+9.2
2022-10-25 08:34,0,+14.5,+10.2,+12.3,+7.5,+8.7,+9.1,+9.1,+9.1,+9.2
2022-10-25 09:34,0,+14.5,+10.2,+12.3,+7.3,+8.6,+9.1,+9.0,+9.1,+9.2
2022-10-25 10:34,0,+14.6,+10.2,+12.3,+7.2,+8.6,+9.1,+9.0,+9.1,+9.2
2022-10-25 11:34,0,+14.6,+10.2,+12.4,+7.2,+8.3,+9.0,+9.0,+9.1,+9.2
2022-10-25 12:34,0,+14.6,+10.2,+12.4,+7.3,+8.3,+8.8,+8.8,+9.1,+9.2
2022-10-25 13:34,0,+14.6,+10.2,+12.4,+7.3,+8.3,+8.8,+8.8,+9.1,+9.1
2022-10-25 14:34,0,+14.6,+10.2,+12.4,+7.5,+8.3,+8.8,+8.8,+9.1,+9.1
2022-10-25 15:34,0,+14.6,+10.2,+12.4,+7.5,+8.3,+8.7,+8.8,+9.1,+9.1
2022-10-25 16:34,0,+14.6,+10.2,+12.4,+7.5,+8.3,+8.7,+8.7,+9.0,+9.2
2022-10-25 17:34,0,+14.5,+10.2,+12.4,+7.3,+8.2,+8.7,+8.7,+9.0,+9.1
2022-10-25 18:34,0,+14.5,+10.2,+12.4,+7.2,+8.2,+8.7,+8.7,+9.0,+9.0
2022-10-25 19:34,0,+14.5,+10.2,+12.4,+7.1,+8.2,+8.6,+8.7,+9.0,+9.1
2022-10-25 20:34,0,+14.5,+10.2,+12.4,+7.0,+8.1,+8.6,+8.7,+9.0,+9.1
2022-10-25 21:34,0,+14.5,+10.2,+12.4,+7.0,+8.1,+8.6,+8.6,+9.0,+9.0
2022-10-25 22:34,0,+14.6,+10.2,+12.4,+6.8,+8.0,+8.6,+8.6,+9.0,+9.0
2022-10-25 23:34,0,+14.6,+10.2,+12.4,+6.7,+8.0,+8.5,+8.6,+9.0,+9.0
2022-10-26 00:34,0,+14.6,+10.2,+12.4,+6.6,+7.8,+8.5,+8.6,+8.8,+9.0
2022-10-26 01:34,0,+14.6,+10.2,+12.4,+6.6,+7.8,+8.5,+8.6,+8.8,+9.0
2022-10-26 02:34,0,+14.6,+10.2,+12.5,+6.5,+7.7,+8.3,+8.5,+8.8,+9.0
2022-10-26 03:34,0,+14.6,+10.2,+12.4,+6.3,+7.7,+8.3,+8.5,+8.8,+9.0
2022-10-26 04:34,0,+14.6,+10.2,+12.4,+6.3,+7.6,+8.3,+8.5,+8.8,+9.0
2022-10-26 05:34,0,+14.6,+10.2,+12.4,+6.3,+7.6,+8.2,+8.3,+8.8,+8.8
2022-10-26 06:34,0,+14.7,+10.2,+12.4,+6.2,+7.5,+8.2,+8.3,+8.8,+8.8
2022-10-26 07:34,0,+14.6,+10.2,+12.5,+6.1,+7.5,+8.2,+8.3,+8.7,+8.8
2022-10-26 08:34,0,+14.7,+10.2,+12.5,+6.1,+7.3,+8.1,+8.3,+8.7,+8.8
2022-10-26 09:34,0,+14.6,+10.2,+12.5,+6.1,+7.3,+8.1,+8.2,+8.7,+8.8
2022-10-26 10:34,0,+14.7,+10.2,+12.5,+6.1,+7.3,+8.0,+8.2,+8.7,+8.8
2022-10-26 11:34,0,+14.7,+10.2,+12.5,+6.2,+7.3,+8.0,+8.2,+8.6,+8.7
2022-10-26 12:34,0,+14.7,+10.2,+12.5,+6.5,+7.3,+8.0,+8.2,+8.7,+8.7
2022-10-26 13:34,0,+14.7,+10.2,+12.5,+6.7,+7.3,+8.0,+8.1,+8.6,+8.7
2022-10-26 14:34,0,+14.8,+10.3,+12.5,+6.8,+7.5,+8.0,+8.2,+8.6,+8.7
2022-10-26 15:34,0,+14.8,+10.3,+12.5,+6.7,+7.5,+8.0,+8.1,+8.6,+8.7
2022-10-26 16:34,0,+14.8,+10.3,+12.5,+6.6,+7.5,+8.0,+8.1,+8.6,+8.7
2022-10-26 17:34,0,+14.9,+10.3,+12.5,+6.5,+7.5,+8.0,+8.1,+8.6,+8.7
2022-10-26 18:34,0,+14.9,+10.3,+12.5,+6.3,+7.5,+8.0,+8.1,+8.5,+8.7
2022-10-26 19:34,0,+14.8,+10.3,+12.5,+6.1,+7.5,+8.0,+8.1,+8.6,+8.7
2022-10-26 20:34,0,+14.8,+10.3,+12.5,+6.0,+7.3,+7.8,+8.1,+8.5,+8.7
2022-10-26 21:34,0,+14.8,+10.3,+12.5,+5.7,+7.2,+7.8,+8.1,+8.5,+8.6
2022-10-26 22:34,0,+14.8,+10.3,+12.5,+5.5,+7.1,+7.8,+8.1,+8.5,+8.6
2022-10-26 23:34,0,+14.8,+10.2,+12.5,+5.3,+7.0,+7.7,+8.0,+8.5,+8.6
2022-10-27 00:34,0,+14.8,+10.2,+12.5,+5.1,+6.8,+7.7,+8.0,+8.5,+8.6
2022-10-27 01:34,0,+14.8,+10.2,+12.5,+5.0,+6.7,+7.6,+8.0,+8.5,+8.6
2022-10-27 02:34,0,+14.8,+10.2,+12.5,+4.8,+6.6,+7.6,+8.0,+8.3,+8.5
2022-10-27 03:34,0,+14.8,+10.2,+12.5,+4.7,+6.6,+7.6,+7.8,+8.3,+8.5
2022-10-27 04:34,0,+14.8,+10.2,+12.5,+4.7,+6.5,+7.5,+7.8,+8.3,+8.5
2022-10-27 05:34,0,+14.8,+10.2,+12.5,+4.6,+6.5,+7.5,+7.8,+8.3,+8.5
2022-10-27 06:34,0,+14.8,+10.2,+12.5,+4.6,+6.3,+7.3,+7.7,+8.3,+8.5
2022-10-27 07:34,0,+14.8,+10.2,+12.5,+4.5,+6.2,+7.3,+7.7,+8.3,+8.5
2022-10-27 08:34,0,+14.8,+10.2,+12.5,+4.5,+6.2,+7.2,+7.7,+8.3,+8.5
2022-10-27 09:34,0,+14.8,+10.2,+12.5,+4.5,+6.1,+7.2,+7.6,+8.2,+8.3
2022-10-27 10:34,0,+14.8,+10.2,+12.5,+4.6,+6.1,+7.1,+7.6,+8.1,+8.3
2022-10-27 11:34,0,+14.8,+10.2,+12.5,+4.8,+6.2,+7.1,+7.6,+8.2,+8.3
2022-10-27 12:34,0,+14.9,+10.2,+12.5,+5.3,+6.2,+7.1,+7.5,+8.1,+8.3
2022-10-27 13:34,0,+15.0,+10.3,+12.5,+5.8,+6.3,+7.1,+7.5,+8.1,+8.3
2022-10-27 14:34,0,+15.0,+10.3,+12.5,+6.2,+6.5,+7.1,+7.5,+8.1,+8.2
2022-10-27 15:34,0,+15.1,+10.3,+12.5,+6.5,+6.7,+7.1,+7.5,+8.1,+8.2
2022-10-27 16:34,0,+15.2,+10.3,+12.5,+6.5,+6.8,+7.2,+7.5,+8.1,+8.2
2022-10-27 17:34,0,+15.3,+10.3,+12.5,+6.6,+6.8,+7.2,+7.5,+8.0,+8.2
2022-10-27 18:34,0,+15.6,+10.4,+12.5,+6.6,+7.0,+7.3,+7.5,+8.0,+8.2
2022-10-27 19:34,0,+15.6,+10.4,+12.5,+6.6,+7.1,+7.3,+7.5,+8.0,+8.2
2022-10-27 20:34,0,+15.5,+10.4,+12.6,+6.6,+7.1,+7.3,+7.5,+8.0,+8.2
2022-10-27 21:34,0,+15.6,+10.4,+12.6,+6.6,+7.1,+7.5,+7.6,+8.0,+8.2
2022-10-27 22:34,0,+15.4,+10.4,+12.6,+6.6,+7.1,+7.5,+7.5,+8.0,+8.2
2022-10-27 23:34,0,+15.4,+10.4,+12.6,+6.6,+7.2,+7.5,+7.6,+8.0,+8.2
2022-10-28 00:34,0,+15.4,+10.4,+12.6,+6.7,+7.2,+7.5,+7.6,+8.0,+8.2
2022-10-28 01:34,0,+15.4,+10.4,+12.6,+6.7,+7.2,+7.6,+7.6,+8.0,+8.2
2022-10-28 02:34,0,+15.4,+10.4,+12.6,+6.7,+7.3,+7.6,+7.5,+8.0,+8.2
2022-10-28 03:34,0,+15.4,+10.4,+12.6,+6.7,+7.3,+7.6,+7.5,+8.0,+8.1
2022-10-28 04:34,0,+15.4,+10.4,+12.6,+6.7,+7.3,+7.6,+7.6,+8.0,+8.1
2022-10-28 05:34,0,+15.4,+10.4,+12.6,+6.6,+7.3,+7.6,+7.6,+8.1,+8.2
2022-10-28 06:34,0,+15.4,+10.4,+12.6,+6.6,+7.3,+7.6,+7.6,+8.0,+8.2
2022-10-28 07:34,0,+15.4,+10.4,+12.6,+6.5,+7.2,+7.6,+7.6,+8.0,+8.1
2022-10-28 08:34,0,+15.4,+10.4,+12.6,+6.5,+7.2,+7.6,+7.6,+8.0,+8.2
2022-10-28 09:34,0,+15.4,+10.4,+12.6,+6.3,+7.2,+7.6,+7.6,+8.0,+8.1
2022-10-28 10:34,0,+15.5,+10.4,+12.6,+6.5,+7.2,+7.6,+7.6,+8.0,+8.2
2022-10-28 11:34,0,+15.6,+10.4,+12.6,+6.7,+7.2,+7.6,+7.6,+8.1,+8.2
2022-10-28 12:34,0,+15.5,+10.4,+12.6,+7.1,+7.2,+7.6,+7.6,+8.1,+8.2
2022-10-28 13:34,0,+15.6,+10.4,+12.6,+7.5,+7.3,+7.6,+7.7,+8.1,+8.2
2022-10-28 14:34,0,+15.7,+10.4,+12.6,+7.8,+7.6,+7.7,+7.6,+8.0,+8.1
2022-10-28 15:34,0,+15.6,+10.4,+12.7,+8.1,+7.7,+7.7,+7.7,+8.0,+8.1
2022-10-28 16:34,0,+15.6,+10.5,+12.7,+8.2,+7.8,+7.7,+7.7,+8.0,+8.1
2022-10-28 17:34,0,+15.5,+10.5,+12.7,+8.2,+8.0,+7.8,+7.7,+8.0,+8.2
2022-10-28 18:34,0,+15.4,+10.5,+12.7,+8.1,+8.0,+7.8,+7.7,+8.0,+8.2
2022-10-28 19:34,0,+15.4,+10.5,+12.7,+8.0,+8.1,+8.0,+7.8,+8.1,+8.2
2022-10-28 20:34,0,+15.4,+10.5,+12.7,+7.8,+8.1,+8.0,+7.8,+8.1,+8.2
2022-10-28 21:34,0,+15.3,+10.5,+12.7,+7.8,+8.1,+8.0,+7.8,+8.1,+8.2
2022-10-28 22:34,0,+15.3,+10.5,+12.7,+7.7,+8.1,+8.1,+7.8,+8.1,+8.2
2022-10-28 23:34,0,+15.4,+10.5,+12.7,+7.7,+8.0,+8.1,+7.8,+8.1,+8.2
2022-10-29 00:34,0,+15.3,+10.5,+12.7,+7.6,+8.1,+8.1,+8.0,+8.2,+8.2
2022-10-29 01:34,0,+15.4,+10.5,+12.7,+7.6,+8.0,+8.1,+7.8,+8.2,+8.2
2022-10-29 02:34,0,+15.3,+10.5,+12.7,+7.7,+8.0,+8.1,+8.0,+8.2,+8.3
2022-10-29 03:34,0,+15.6,+10.5,+12.7,+7.7,+8.0,+8.1,+8.0,+8.2,+8.2
2022-10-29 04:34,0,+15.3,+10.5,+12.7,+7.6,+8.0,+8.1,+8.0,+8.2,+8.3
2022-10-29 05:34,0,+15.6,+10.5,+12.7,+7.5,+8.0,+8.1,+8.0,+8.2,+8.2
2022-10-29 06:34,0,+15.6,+10.5,+12.7,+7.5,+8.0,+8.1,+8.0,+8.2,+8.2
2022-10-29 07:34,0,+15.2,+10.5,+12.7,+7.3,+8.0,+8.1,+8.0,+8.2,+8.3
2022-10-29 08:34,0,+15.2,+10.5,+12.7,+7.2,+7.8,+8.1,+8.0,+8.2,+8.3
2022-10-29 09:34,0,+15.2,+10.5,+12.7,+7.2,+7.8,+8.1,+8.0,+8.2,+8.3
2022-10-29 10:34,0,+15.3,+10.5,+12.7,+7.2,+7.8,+8.1,+8.0,+8.2,+8.3
2022-10-29 11:34,0,+15.3,+10.5,+12.7,+7.5,+7.8,+8.0,+8.0,+8.2,+8.3
2022-10-29 12:34,0,+15.4,+10.5,+12.7,+7.8,+8.0,+8.1,+8.0,+8.2,+8.3
2022-10-29 13:34,0,+15.4,+10.5,+12.8,+8.3,+8.1,+8.1,+8.0,+8.2,+8.3
2022-10-29 14:34,0,+15.4,+10.5,+12.8,+8.7,+8.2,+8.1,+8.0,+8.2,+8.3
2022-10-29 15:34,0,+15.4,+10.5,+12.8,+8.8,+8.5,+8.2,+8.0,+8.2,+8.3
2022-10-29 16:34,0,+15.4,+10.5,+12.8,+9.0,+8.5,+8.2,+8.0,+8.2,+8.3
2022-10-29 17:34,0,+15.4,+10.5,+12.8,+9.0,+8.6,+8.3,+8.0,+8.3,+8.3
2022-10-29 18:34,0,+15.4,+10.5,+12.8,+9.0,+8.7,+8.3,+8.1,+8.2,+8.3
2022-10-29 19:34,0,+15.4,+10.5,+12.8,+8.7,+8.7,+8.5,+8.2,+8.2,+8.3
2022-10-29 20:34,0,+15.4,+10.5,+12.8,+8.5,+8.7,+8.5,+8.2,+8.3,+8.5
2022-10-29 21:34,0,+15.3,+10.5,+12.8,+8.3,+8.6,+8.5,+8.2,+8.3,+8.5
2022-10-29 22:34,0,+15.3,+10.5,+12.8,+8.3,+8.6,+8.5,+8.2,+8.5,+8.3
2022-10-29 23:34,0,+15.3,+10.5,+12.8,+8.1,+8.6,+8.5,+8.2,+8.3,+8.5
2022-10-30 00:34,0,+15.2,+10.5,+12.8,+8.1,+8.5,+8.5,+8.2,+8.3,+8.5
2022-10-30 01:34,0,+15.2,+10.5,+12.8,+8.1,+8.5,+8.5,+8.2,+8.5,+8.5
2022-10-30 02:34,0,+15.2,+10.5,+12.8,+8.0,+8.5,+8.5,+8.2,+8.3,+8.5
2022-10-30 03:34,0,+15.2,+10.5,+12.8,+7.8,+8.3,+8.5,+8.2,+8.3,+8.5
2022-10-30 04:34,0,+15.2,+10.5,+12.8,+7.7,+8.3,+8.5,+8.2,+8.5,+8.5
2022-10-30 05:34,0,+15.2,+10.5,+12.8,+7.5,+8.2,+8.5,+8.2,+8.5,+8.5
2022-10-30 06:34,0,+15.2,+10.5,+12.8,+7.3,+8.2,+8.3,+8.2,+8.5,+8.6
2022-10-30 07:34,0,+15.2,+10.5,+12.8,+7.1,+8.1,+8.3,+8.2,+8.5,+8.5
2022-10-30 08:34,0,+15.2,+10.5,+12.8,+7.0,+8.0,+8.3,+8.2,+8.5,+8.5
2022-10-30 09:34,0,+15.2,+10.5,+12.8,+6.8,+7.8,+8.3,+8.2,+8.5,+8.5
2022-10-30 10:34,0,+15.2,+10.5,+12.8,+6.8,+7.8,+8.2,+8.2,+8.5,+8.5
2022-10-30 11:34,0,+15.2,+10.5,+12.8,+7.0,+7.7,+8.2,+8.2,+8.5,+8.5
2022-10-30 12:34,0,+15.3,+10.5,+12.8,+7.3,+7.8,+8.2,+8.2,+8.3,+8.6
2022-10-30 13:34,0,+15.3,+10.5,+12.8,+7.8,+8.0,+8.2,+8.1,+8.5,+8.5
2022-10-30 14:34,0,+15.3,+10.5,+12.8,+8.2,+8.1,+8.2,+8.1,+8.5,+8.5
2022-10-30 15:34,0,+15.3,+10.5,+12.8,+8.3,+8.2,+8.2,+8.1,+8.5,+8.5
2022-10-30 16:34,0,+15.3,+10.5,+12.8,+8.3,+8.3,+8.2,+8.2,+8.3,+8.5
2022-10-30 17:34,0,+15.2,+10.5,+12.8,+8.3,+8.5,+8.3,+8.2,+8.3,+8.6
2022-10-30 18:34,0,+15.2,+10.6,+12.8,+8.1,+8.5,+8.3,+8.2,+8.5,+8.5
2022-10-30 19:34,0,+15.2,+10.6,+12.8,+7.8,+8.3,+8.3,+8.2,+8.5,+8.5
2022-10-30 20:34,0,+15.1,+10.6,+12.8,+7.7,+8.3,+8.3,+8.2,+8.5,+8.5
2022-10-30 21:34,0,+15.1,+10.5,+12.8,+7.3,+8.2,+8.3,+8.2,+8.5,+8.5
2022-10-30 22:34,0,+15.1,+10.5,+12.8,+7.1,+8.1,+8.3,+8.2,+8.5,+8.5
2022-10-30 23:34,0,+15.1,+10.5,+12.8,+6.8,+8.0,+8.3,+8.2,+8.5,+8.5
2022-10-31 00:34,0,+15.1,+10.5,+12.8,+6.7,+7.8,+8.3,+8.2,+8.3,+8.5
2022-10-31 01:34,0,+15.1,+10.5,+12.8,+6.5,+7.7,+8.2,+8.2,+8.5,+8.5
2022-10-31 02:34,0,+15.1,+10.5,+12.8,+6.2,+7.6,+8.2,+8.1,+8.5,+8.5
2022-10-31 03:34,0,+15.1,+10.5,+12.8,+6.1,+7.5,+8.1,+8.1,+8.3,+8.5
2022-10-31 04:34,0,+15.1,+10.5,+12.7,+6.0,+7.3,+8.1,+8.1,+8.3,+8.5
2022-10-31 05:34,0,+15.1,+10.5,+12.7,+5.8,+7.3,+8.0,+8.1,+8.5,+8.5
2022-10-31 06:34,0,+15.1,+10.5,+12.7,+5.6,+7.2,+8.0,+8.1,+8.5,+8.5
2022-10-31 07:34,0,+15.1,+10.5,+12.7,+5.5,+7.1,+7.8,+8.0,+8.3,+8.5
2022-10-31 08:34,0,+15.1,+10.5,+12.7,+5.5,+7.0,+7.8,+8.0,+8.3,+8.5
2022-10-31 09:34,0,+15.2,+10.5,+12.7,+5.5,+7.0,+7.7,+8.0,+8.3,+8.5
2022-10-31 10:34,0,+15.1,+10.5,+12.7,+5.6,+6.8,+7.7,+7.8,+8.3,+8.5
2022-10-31 11:34,0,+15.1,+10.5,+12.7,+6.0,+7.0,+7.6,+7.8,+8.3,+8.5
2022-10-31 12:34,0,+15.1,+10.5,+12.7,+6.5,+7.0,+7.6,+7.8,+8.2,+8.3
2022-10-31 13:34,0,+15.1,+10.5,+12.8,+7.0,+7.1,+7.6,+7.8,+8.2,+8.3
2022-10-31 14:34,0,+15.1,+10.5,+12.8,+7.5,+7.3,+7.6,+7.7,+8.2,+8.3
2022-10-31 15:34,0,+15.1,+10.6,+12.8,+7.7,+7.6,+7.6,+7.8,+8.2,+8.3
2022-10-31 16:34,0,+15.1,+10.6,+12.8,+8.0,+7.7,+7.7,+7.8,+8.1,+8.3
2022-10-31 17:34,0,+15.1,+10.6,+12.8,+8.1,+7.8,+7.8,+7.7,+8.2,+8.3
2022-10-31 18:34,0,+15.1,+10.6,+12.8,+8.0,+8.0,+7.8,+7.8,+8.2,+8.3
2022-10-31 19:34,0,+15.1,+10.6,+12.8,+7.7,+8.0,+8.0,+7.8,+8.2,+8.2
2022-10-31 20:34,0,+15.0,+10.6,+12.8,+7.6,+8.0,+8.0,+7.8,+8.2,+8.3
2022-10-31 21:34,0,+15.0,+10.6,+12.8,+7.6,+8.0,+8.0,+7.8,+8.2,+8.3
2022-10-31 22:34,0,+15.1,+10.6,+12.8,+7.5,+8.0,+8.0,+8.0,+8.2,+8.3
2022-10-31 23:34,0,+15.2,+10.6,+12.8,+7.3,+7.8,+8.1,+8.0,+8.2,+8.3
2022-11-01 00:34,0,+15.2,+10.6,+12.8,+7.1,+7.8,+8.1,+8.0,+8.2,+8.3
2022-11-01 01:34,0,+15.2,+10.6,+12.8,+7.0,+7.7,+8.1,+8.0,+8.2,+8.3
2022-11-01 02:34,0,+15.2,+10.6,+12.8,+6.8,+7.7,+8.0,+8.0,+8.2,+8.3
2022-11-01 03:34,0,+15.2,+10.6,+12.8,+6.6,+7.6,+8.0,+8.0,+8.2,+8.3
2022-11-01 04:34,0,+15.2,+10.6,+12.8,+6.5,+7.6,+8.0,+8.0,+8.2,+8.3
2022-11-01 05:34,0,+15.1,+10.6,+12.8,+6.3,+7.5,+7.8,+7.8,+8.2,+8.3
2022-11-01 06:34,0,+15.2,+10.6,+12.8,+6.1,+7.3,+7.8,+7.8,+8.2,+8.3
2022-11-01 07:34,0,+15.2,+10.5,+12.8,+6.0,+7.2,+7.8,+7.8,+8.2,+8.3
2022-11-01 08:34,0,+15.2,+10.5,+12.8,+5.8,+7.2,+7.7,+7.8,+8.2,+8.3
2022-11-01 09:34,0,+15.2,+10.5,+12.8,+5.8,+7.1,+7.7,+7.8,+8.2,+8.3
2022-11-01 10:34,0,+15.2,+10.5,+12.8,+5.8,+7.0,+7.7,+7.8,+8.2,+8.3
2022-11-01 11:34,0,+15.2,+10.5,+12.8,+6.2,+7.0,+7.6,+7.8,+8.2,+8.3
2022-11-01 12:34,0,+15.1,+10.5,+12.8,+6.7,+7.1,+7.6,+7.7,+8.2,+8.3
2022-11-01 13:34,0,+15.1,+10.6,+12.8,+7.3,+7.2,+7.6,+7.8,+8.1,+8.2
2022-11-01 14:34,0,+15.1,+10.6,+12.8,+7.8,+7.5,+7.6,+7.7,+8.1,+8.3
2022-11-01 15:34,0,+15.1,+10.6,+12.9,+8.2,+7.7,+7.7,+7.7,+8.1,+8.2
2022-11-01 16:34,0,+15.1,+10.6,+12.9,+8.3,+7.8,+7.8,+7.7,+8.1,+8.2
2022-11-01 17:34,0,+15.1,+10.6,+12.9,+8.3,+8.1,+7.8,+7.7,+8.1,+8.3
2022-11-01 18:34,0,+15.1,+10.6,+12.9,+8.2,+8.1,+8.0,+7.7,+8.2,+8.2
2022-11-01 19:34,0,+15.1,+10.6,+12.9,+8.1,+8.2,+8.1,+7.8,+8.1,+8.2
2022-11-01 20:34,0,+15.1,+10.6,+12.9,+8.0,+8.2,+8.1,+7.8,+8.1,+8.2
2022-11-01 21:34,0,+15.1,+10.6,+12.9,+7.8,+8.1,+8.1,+7.8,+8.1,+8.2
2022-11-01 22:34,0,+15.1,+10.6,+12.9,+7.7,+8.1,+8.1,+7.8,+8.2,+8.3
2022-11-01 23:34,0,+15.1,+10.6,+12.9,+7.6,+8.1,+8.1,+8.0,+8.2,+8.2
2022-11-02 00:34,0,+15.1,+10.6,+12.9,+7.5,+8.1,+8.1,+8.0,+8.2,+8.3
2022-11-02 01:34,0,+15.1,+10.6,+12.9,+7.3,+8.1,+8.2,+8.0,+8.2,+8.3
2022-11-02 02:34,0,+15.1,+10.6,+12.9,+7.3,+8.0,+8.1,+8.0,+8.2,+8.3
2022-11-02 03:34,0,+15.1,+10.6,+12.9,+7.2,+7.8,+8.1,+8.0,+8.2,+8.3
2022-11-02 04:34,0,+15.1,+10.6,+12.9,+7.1,+7.8,+8.1,+8.0,+8.2,+8.2
2022-11-02 05:34,0,+15.1,+10.6,+12.9,+7.1,+7.8,+8.1,+8.0,+8.2,+8.3
2022-11-02 06:34,0,+15.2,+10.6,+12.9,+7.0,+7.8,+8.1,+8.0,+8.2,+8.3
2022-11-02 07:34,0,+15.1,+10.6,+12.9,+7.0,+7.7,+8.0,+8.0,+8.2,+8.3
2022-11-02 08:34,0,+15.1,+10.6,+12.9,+7.0,+7.7,+8.0,+8.0,+8.2,+8.3
2022-11-02 09:34,0,+15.2,+10.6,+12.9,+7.1,+7.7,+8.0,+8.0,+8.2,+8.3
2022-11-02 10:34,0,+15.2,+10.6,+12.9,+7.2,+7.7,+8.0,+8.0,+8.2,+8.3
2022-11-02 11:34,0,+15.2,+10.6,+12.9,+7.7,+7.8,+8.0,+7.8,+8.2,+8.3
2022-11-02 12:34,0,+15.2,+10.7,+12.9,+8.3,+8.0,+8.0,+8.0,+8.2,+8.3
2022-11-02 13:34,0,+15.2,+10.7,+12.9,+8.8,+8.1,+8.0,+8.0,+8.2,+8.3
2022-11-02 14:34,0,+15.6,+10.7,+13.0,+9.5,+8.5,+8.1,+8.0,+8.2,+8.3
2022-11-02 15:34,0,+15.6,+10.7,+13.0,+9.7,+8.7,+8.2,+8.0,+8.2,+8.3
2022-11-02 16:34,0,+15.7,+10.7,+13.0,+10.1,+8.8,+8.3,+8.0,+8.2,+8.3
2022-11-02 17:34,0,+15.3,+10.7,+13.0,+10.1,+9.1,+8.5,+8.1,+8.2,+8.3
2022-11-02 18:34,0,+15.3,+10.8,+13.0,+10.1,+9.2,+8.6,+8.1,+8.2,+8.3
2022-11-02 19:34,0,+15.3,+10.8,+13.0,+10.1,+9.2,+8.7,+8.2,+8.2,+8.3
2022-11-02 20:34,0,+15.3,+10.8,+13.0,+10.0,+9.3,+8.7,+8.2,+8.3,+8.3
2022-11-02 21:34,0,+15.3,+10.8,+13.1,+10.0,+9.5,+8.7,+8.3,+8.3,+8.3
2022-11-02 22:34,0,+15.2,+10.8,+13.1,+10.0,+9.5,+8.8,+8.3,+8.3,+8.5
2022-11-02 23:34,0,+15.2,+10.8,+13.1,+10.0,+9.5,+8.8,+8.3,+8.5,+8.5
2022-11-03 00:34,0,+15.3,+10.8,+13.1,+9.8,+9.5,+9.0,+8.3,+8.5,+8.5
2022-11-03 01:34,0,+15.3,+10.8,+13.1,+9.8,+9.6,+9.0,+8.5,+8.5,+8.5
2022-11-03 02:34,0,+15.3,+10.8,+13.1,+9.7,+9.5,+9.0,+8.5,+8.5,+8.5
2022-11-03 03:34,0,+15.3,+10.8,+13.1,+9.6,+9.5,+9.0,+8.6,+8.6,+8.6
2022-11-03 04:34,0,+15.3,+10.8,+13.1,+9.5,+9.5,+9.1,+8.6,+8.6,+8.6
2022-11-03 05:34,0,+15.3,+10.8,+13.1,+9.3,+9.3,+9.1,+8.6,+8.6,+8.6
2022-11-03 06:34,0,+15.3,+10.8,+13.1,+9.2,+9.5,+9.1,+8.6,+8.6,+8.6
2022-11-03 07:34,0,+15.3,+10.8,+13.1,+9.1,+9.3,+9.1,+8.6,+8.6,+8.7
2022-11-03 08:34,0,+15.3,+10.8,+13.0,+9.0,+9.2,+9.0,+8.7,+8.6,+8.7
2022-11-03 09:34,0,+15.4,+10.8,+13.0,+8.8,+9.2,+9.1,+8.7,+8.6,+8.7
2022-11-03 10:34,0,+15.6,+10.8,+13.0,+9.0,+9.2,+9.0,+8.6,+8.7,+8.7
2022-11-03 11:34,0,+15.5,+10.8,+13.0,+9.2,+9.2,+9.1,+8.7,+8.7,+8.7
2022-11-03 12:34,0,+15.8,+10.8,+13.1,+9.5,+9.2,+9.1,+8.7,+8.7,+8.7
2022-11-03 13:34,0,+15.7,+10.8,+13.1,+10.0,+9.3,+9.1,+8.7,+8.7,+8.7
2022-11-03 14:34,0,+15.7,+10.8,+13.1,+10.2,+9.5,+9.1,+8.7,+8.7,+8.7
2022-11-03 15:34,0,+15.6,+10.8,+13.1,+10.2,+9.6,+9.1,+8.7,+8.7,+8.8
2022-11-03 16:34,0,+15.7,+10.8,+13.1,+10.1,+9.7,+9.2,+8.7,+8.7,+8.7
2022-11-03 17:34,0,+15.6,+10.8,+13.1,+9.8,+9.7,+9.2,+8.7,+8.7,+8.8
2022-11-03 18:34,0,+15.7,+10.8,+13.1,+9.6,+9.7,+9.3,+8.7,+8.7,+8.8
2022-11-03 19:34,0,+15.7,+10.8,+13.1,+9.2,+9.6,+9.2,+8.8,+8.8,+8.8
2022-11-03 20:34,0,+15.8,+10.8,+13.1,+8.8,+9.5,+9.2,+8.8,+8.8,+8.8
2022-11-03 21:34,0,+16.0,+10.8,+13.1,+8.6,+9.3,+9.2,+8.8,+8.8,+8.8
2022-11-03 22:34,0,+16.0,+10.8,+13.1,+8.3,+9.1,+9.2,+8.8,+8.8,+8.8
2022-11-03 23:34,0,+16.2,+10.8,+13.1,+8.1,+9.1,+9.2,+8.8,+8.8,+9.0
2022-11-04 00:34,0,+16.3,+10.8,+13.1,+8.0,+8.8,+9.1,+8.8,+8.8,+8.8
2022-11-04 01:34,0,+16.3,+10.8,+13.0,+7.8,+8.8,+9.0,+8.8,+8.8,+8.8
2022-11-04 02:34,0,+16.4,+10.8,+13.0,+7.6,+8.7,+9.0,+8.7,+8.8,+8.8
2022-11-04 03:34,0,+16.4,+10.8,+13.0,+7.3,+8.6,+9.0,+8.7,+8.8,+9.0
2022-11-04 04:34,0,+16.4,+10.8,+13.0,+7.2,+8.5,+8.8,+8.7,+8.8,+8.8
2022-11-04 05:34,0,+16.5,+10.8,+13.0,+7.1,+8.3,+8.8,+8.7,+8.8,+8.8
2022-11-04 06:34,0,+16.5,+10.8,+13.0,+6.8,+8.2,+8.7,+8.7,+8.8,+8.8
2022-11-04 07:34,0,+16.5,+10.8,+13.0,+6.7,+8.1,+8.7,+8.6,+8.8,+8.8
2022-11-04 08:34,0,+16.5,+10.8,+13.0,+6.6,+8.0,+8.6,+8.6,+8.7,+8.8
2022-11-04 09:34,0,+16.5,+10.8,+13.0,+6.3,+7.8,+8.5,+8.6,+8.7,+8.8
2022-11-04 10:34,0,+16.5,+10.8,+13.0,+6.3,+7.8,+8.5,+8.5,+8.7,+8.8
2022-11-04 11:34,0,+16.5,+10.8,+13.0,+6.3,+7.7,+8.3,+8.5,+8.7,+8.8
2022-11-04 12:34,0,+16.5,+10.8,+13.0,+6.3,+7.6,+8.3,+8.3,+8.7,+8.8
2022-11-04 13:34,0,+16.5,+10.8,+13.0,+6.5,+7.6,+8.3,+8.3,+8.7,+8.7
2022-11-04 14:34,0,+16.5,+10.8,+13.0,+6.6,+7.6,+8.2,+8.3,+8.6,+8.8
2022-11-04 15:34,0,+16.5,+10.8,+13.0,+6.5,+7.6,+8.2,+8.3,+8.7,+8.7
2022-11-04 16:34,0,+16.5,+10.9,+13.0,+6.5,+7.6,+8.1,+8.3,+8.7,+8.7
2022-11-04 17:34,0,+16.5,+10.9,+13.0,+6.2,+7.5,+8.1,+8.2,+8.6,+8.7
2022-11-04 18:34,0,+16.5,+10.9,+13.0,+6.1,+7.5,+8.1,+8.2,+8.6,+8.7
2022-11-04 19:34,0,+16.5,+10.9,+13.0,+5.8,+7.3,+8.0,+8.2,+8.6,+8.7
2022-11-04 20:34,0,+16.5,+10.9,+13.0,+5.6,+7.2,+8.0,+8.2,+8.6,+8.7
2022-11-04 21:34,0,+16.5,+10.8,+13.0,+5.3,+7.1,+8.0,+8.1,+8.5,+8.6
2022-11-04 22:34,0,+16.5,+10.8,+13.0,+5.2,+7.0,+7.8,+8.1,+8.5,+8.6
2022-11-04 23:34,0,+16.5,+10.8,+13.0,+5.0,+6.8,+7.7,+8.1,+8.5,+8.6
2022-11-05 00:34,0,+16.5,+10.8,+13.0,+4.8,+6.7,+7.7,+8.0,+8.5,+8.6
2022-11-05 01:34,0,+16.4,+10.8,+12.9,+4.6,+6.7,+7.6,+8.0,+8.5,+8.5
2022-11-05 02:34,0,+16.4,+10.8,+12.9,+4.5,+6.5,+7.6,+8.0,+8.3,+8.5
2022-11-05 03:34,0,+16.4,+10.8,+12.9,+4.3,+6.3,+7.5,+7.8,+8.3,+8.5
2022-11-05 04:34,0,+16.4,+10.8,+12.9,+4.2,+6.2,+7.3,+7.7,+8.3,+8.5
2022-11-05 05:34,0,+16.3,+10.8,+12.9,+4.0,+6.1,+7.3,+7.7,+8.3,+8.5
2022-11-05 06:34,0,+16.3,+10.8,+12.9,+3.8,+6.0,+7.2,+7.7,+8.2,+8.5
2022-11-05 07:34,0,+16.3,+10.8,+12.9,+3.7,+6.0,+7.1,+7.7,+8.2,+8.3
2022-11-05 08:34,0,+16.3,+10.8,+12.9,+3.7,+5.8,+7.1,+7.5,+8.2,+8.3
2022-11-05 09:34,0,+16.3,+10.8,+12.9,+3.6,+5.7,+7.0,+7.5,+8.2,+8.3
2022-11-05 10:34,0,+16.4,+10.8,+12.9,+3.7,+5.7,+7.0,+7.5,+8.1,+8.3
2022-11-05 11:34,0,+16.4,+10.8,+12.9,+3.8,+5.6,+6.8,+7.5,+8.1,+8.2
2022-11-05 12:34,0,+16.4,+10.8,+12.9,+4.1,+5.6,+6.7,+7.3,+8.1,+8.2
2022-11-05 13:34,0,+16.4,+10.8,+12.9,+4.6,+5.7,+6.7,+7.3,+8.0,+8.2
2022-11-05 14:34,0,+16.3,+10.8,+12.9,+4.7,+5.8,+6.7,+7.2,+8.0,+8.1
2022-11-05 15:34,0,+16.3,+10.9,+12.9,+4.8,+5.8,+6.7,+7.2,+7.8,+8.1
2022-11-05 16:34,0,+16.3,+10.9,+13.0,+4.8,+6.0,+6.7,+7.2,+7.8,+8.1
2022-11-05 17:34,0,+16.3,+10.9,+13.0,+4.8,+6.0,+6.7,+7.2,+7.8,+8.0
2022-11-05 18:34,0,+16.5,+10.9,+13.0,+4.8,+6.0,+6.7,+7.2,+7.8,+8.1
2022-11-05 19:34,0,+16.3,+10.9,+13.0,+4.8,+6.1,+6.7,+7.1,+7.8,+8.0
2022-11-05 20:34,0,+16.3,+10.9,+13.0,+4.7,+6.1,+6.7,+7.1,+7.7,+8.0
2022-11-05 21:34,0,+16.3,+10.9,+13.0,+4.5,+6.0,+6.7,+7.1,+7.7,+8.0
2022-11-05 22:34,0,+16.4,+10.9,+13.0,+4.3,+5.8,+6.7,+7.1,+7.7,+8.0
2022-11-05 23:34,0,+16.3,+10.9,+13.0,+4.2,+5.8,+6.7,+7.1,+7.7,+7.8
2022-11-06 00:34,0,+16.3,+10.9,+13.0,+4.2,+5.7,+6.6,+7.1,+7.6,+7.8
2022-11-06 01:34,0,+16.3,+10.9,+13.0,+4.2,+5.7,+6.6,+7.1,+7.7,+7.8
2022-11-06 01:34,0,+16.2,+10.9,+13.0,+4.3,+5.7,+6.6,+7.0,+7.6,+7.8
2022-11-06 02:34,0,+16.2,+10.9,+13.0,+4.3,+5.7,+6.6,+7.0,+7.7,+7.8
2022-11-06 03:34,0,+16.1,+10.9,+13.0,+4.5,+5.7,+6.6,+7.0,+7.6,+7.8
2022-11-06 04:34,0,+16.2,+10.9,+13.0,+4.6,+5.7,+6.6,+7.0,+7.6,+7.7
2022-11-06 05:34,0,+16.3,+10.9,+13.0,+4.6,+5.8,+6.6,+7.0,+7.5,+7.8
2022-11-06 06:34,0,+16.5,+10.9,+13.0,+4.6,+5.8,+6.6,+7.0,+7.5,+7.7
2022-11-06 07:34,0,+16.5,+10.9,+13.0,+4.6,+5.8,+6.6,+6.8,+7.6,+7.7
2022-11-06 08:34,0,+16.5,+10.9,+13.0,+4.6,+5.8,+6.6,+6.8,+7.5,+7.7
2022-11-06 09:34,0,+16.3,+10.9,+13.0,+4.6,+5.8,+6.5,+6.8,+7.5,+7.7
2022-11-06 10:34,0,+16.4,+10.9,+13.0,+4.7,+5.8,+6.6,+6.8,+7.5,+7.6
2022-11-06 11:34,0,+16.4,+10.9,+13.0,+4.7,+5.8,+6.5,+6.8,+7.5,+7.7
2022-11-06 12:34,0,+16.4,+11.0,+13.0,+4.7,+5.8,+6.5,+6.8,+7.5,+7.6
2022-11-06 13:34,0,+16.4,+11.0,+13.0,+4.7,+5.8,+6.6,+6.8,+7.3,+7.6
2022-11-06 14:34,0,+16.6,+11.0,+13.0,+4.7,+5.8,+6.5,+6.8,+7.3,+7.6
2022-11-06 15:34,0,+16.6,+11.0,+13.1,+4.5,+5.7,+6.5,+6.8,+7.3,+7.6
2022-11-06 16:34,0,+16.5,+11.0,+13.1,+4.3,+5.7,+6.5,+6.8,+7.3,+7.6
2022-11-06 17:34,0,+16.6,+11.0,+13.0,+4.2,+5.6,+6.5,+6.8,+7.3,+7.6
2022-11-06 18:34,0,+16.4,+11.0,+13.0,+4.1,+5.6,+6.5,+6.7,+7.3,+7.6
2022-11-06 19:34,0,+16.4,+11.0,+13.0,+4.0,+5.6,+6.5,+6.7,+7.3,+7.6
2022-11-06 20:34,0,+16.4,+11.0,+13.0,+3.8,+5.5,+6.3,+6.7,+7.3,+7.5
2022-11-06 21:34,0,+16.5,+11.0,+13.0,+3.7,+5.3,+6.3,+6.7,+7.3,+7.5
2022-11-06 22:34,0,+16.5,+11.0,+13.0,+3.7,+5.3,+6.3,+6.7,+7.3,+7.5
2022-11-06 23:34,0,+16.4,+11.0,+13.0,+3.6,+5.3,+6.2,+6.6,+7.3,+7.5
2022-11-07 00:34,0,+16.4,+11.0,+13.0,+3.6,+5.2,+6.2,+6.6,+7.2,+7.5
2022-11-07 01:34,0,+16.5,+11.0,+13.0,+3.5,+5.1,+6.1,+6.6,+7.2,+7.5
2022-11-07 02:34,0,+16.6,+11.0,+13.0,+3.5,+5.1,+6.1,+6.6,+7.2,+7.5
2022-11-07 03:34,0,+16.4,+11.0,+13.0,+3.5,+5.1,+6.1,+6.6,+7.2,+7.3
2022-11-07 04:34,0,+16.4,+11.0,+13.0,+3.3,+5.0,+6.0,+6.6,+7.2,+7.3
2022-11-07 05:34,0,+16.5,+11.0,+13.0,+3.5,+5.0,+6.1,+6.5,+7.1,+7.3
2022-11-07 06:34,0,+16.5,+11.0,+13.0,+3.3,+5.0,+6.0,+6.5,+7.1,+7.3
2022-11-07 07:34,0,+16.5,+11.0,+13.0,+3.5,+5.0,+6.0,+6.5,+7.1,+7.3
2022-11-07 08:34,0,+16.5,+11.0,+13.0,+3.3,+4.8,+6.0,+6.5,+7.1,+7.3
2022-11-07 09:34,0,+16.4,+11.0,+13.0,+3.5,+5.0,+5.8,+6.3,+7.1,+7.2
2022-11-07 10:34,0,+16.5,+11.0,+13.0,+3.6,+5.0,+6.0,+6.3,+7.1,+7.3
2022-11-07 11:34,0,+16.5,+11.0,+13.1,+3.8,+5.0,+5.8,+6.3,+7.0,+7.2
2022-11-07 12:34,0,+16.9,+11.0,+13.1,+4.1,+5.1,+5.8,+6.3,+7.0,+7.2
2022-11-07 13:34,0,+16.6,+11.0,+13.1,+4.3,+5.1,+5.8,+6.3,+7.0,+7.2
2022-11-07 14:34,0,+16.5,+11.0,+13.1,+4.5,+5.2,+5.8,+6.2,+7.0,+7.2
2022-11-07 15:34,0,+16.6,+11.0,+13.1,+4.5,+5.3,+5.8,+6.3,+7.0,+7.2
2022-11-07 16:34,0,+16.6,+11.1,+13.1,+4.3,+5.3,+6.0,+6.2,+6.8,+7.1
2022-11-07 17:34,0,+16.6,+11.1,+13.1,+4.2,+5.3,+6.0,+6.2,+7.0,+7.1
2022-11-07 18:34,0,+16.6,+11.1,+13.1,+4.2,+5.3,+6.0,+6.2,+7.0,+7.1
2022-11-07 19:34,0,+16.7,+11.1,+13.1,+4.1,+5.3,+6.0,+6.2,+7.0,+7.1
2022-11-07 20:34,0,+16.7,+11.1,+13.1,+4.0,+5.2,+6.0,+6.2,+6.8,+7.1
2022-11-07 21:34,0,+16.7,+11.1,+13.1,+4.0,+5.2,+6.0,+6.2,+6.8,+7.1
2022-11-07 22:34,0,+16.8,+11.1,+13.1,+4.0,+5.1,+6.0,+6.2,+6.8,+7.1
2022-11-07 23:34,0,+16.7,+11.1,+13.1,+4.0,+5.1,+5.8,+6.2,+6.8,+7.1
2022-11-08 00:34,0,+16.7,+11.1,+13.1,+4.0,+5.2,+5.8,+6.2,+6.8,+7.1
2022-11-08 01:34,0,+16.7,+11.5,+13.2,+4.0,+5.1,+6.0,+6.2,+6.8,+7.1
2022-11-08 02:34,0,+16.7,+11.4,+13.2,+3.8,+5.1,+5.8,+6.2,+6.8,+7.1
2022-11-08 03:34,0,+16.7,+11.5,+13.2,+4.0,+5.1,+5.8,+6.2,+6.8,+7.1
2022-11-08 04:34,0,+16.7,+11.5,+13.2,+4.0,+5.1,+5.8,+6.2,+6.8,+7.0
2022-11-08 05:34,0,+16.8,+11.7,+13.2,+4.0,+5.1,+5.8,+6.2,+6.8,+7.0
2022-11-08 06:34,0,+16.7,+11.8,+13.2,+4.0,+5.1,+5.8,+6.2,+6.8,+7.1
2022-11-08 07:34,0,+16.8,+11.3,+13.2,+4.0,+5.1,+5.8,+6.2,+6.8,+7.0
2022-11-08 08:34,0,+16.8,+11.6,+13.2,+4.1,+5.1,+5.8,+6.2,+6.8,+7.0
2022-11-08 09:34,0,+16.8,+11.6,+13.4,+4.1,+5.1,+5.8,+6.2,+6.7,+7.0
2022-11-08 10:34,0,+16.8,+11.3,+13.4,+4.2,+5.2,+5.8,+6.2,+6.7,+7.0
2022-11-08 11:34,0,+16.8,+11.3,+13.4,+4.2,+5.2,+5.8,+6.2,+6.7,+7.0
2022-11-08 12:34,0,+16.9,+11.3,+13.4,+4.5,+5.2,+5.8,+6.1,+6.7,+7.0
2022-11-08 13:34,0,+16.9,+11.3,+13.4,+4.7,+5.2,+5.8,+6.1,+6.7,+7.0
2022-11-08 14:34,0,+16.9,+11.3,+13.4,+4.7,+5.3,+5.8,+6.2,+6.7,+7.0
2022-11-08 15:34,0,+16.9,+11.3,+13.4,+4.8,+5.3,+5.8,+6.1,+6.7,+7.0
2022-11-08 16:34,0,+16.9,+11.3,+13.4,+4.8,+5.5,+6.0,+6.2,+6.7,+7.0
2022-11-08 17:34,0,+17.0,+11.3,+13.4,+4.8,+5.5,+6.0,+6.2,+6.7,+6.8
2022-11-08 18:34,0,+17.5,+11.3,+13.4,+4.8,+5.6,+6.0,+6.2,+6.7,+6.8
2022-11-08 19:34,0,+17.6,+11.3,+13.4,+4.8,+5.5,+6.0,+6.2,+6.7,+7.0
2022-11-08 20:34,0,+17.7,+11.3,+13.4,+4.8,+5.6,+6.0,+6.2,+6.7,+7.0
2022-11-08 21:34,0,+17.7,+11.3,+13.4,+4.8,+5.6,+6.0,+6.2,+6.7,+7.0
2022-11-08 22:34,0,+17.7,+11.3,+13.4,+5.0,+5.6,+6.0,+6.2,+6.7,+6.8
2022-11-08 23:34,0,+17.7,+11.3,+13.4,+5.0,+5.6,+6.0,+6.2,+6.7,+6.8
2022-11-09 00:34,0,+17.7,+11.3,+13.4,+5.1,+5.6,+6.1,+6.2,+6.7,+7.0
2022-11-09 01:34,0,+17.7,+11.3,+13.4,+5.1,+5.7,+6.1,+6.2,+6.7,+6.8
2022-11-09 02:34,0,+17.7,+11.3,+13.4,+5.2,+5.7,+6.1,+6.3,+6.7,+7.0
2022-11-09 03:34,0,+17.7,+11.3,+13.4,+5.2,+5.8,+6.1,+6.2,+6.7,+6.8
2022-11-09 04:34,0,+17.7,+11.4,+13.4,+5.3,+5.7,+6.1,+6.2,+6.7,+7.0
2022-11-09 05:34,0,+17.7,+11.4,+13.4,+5.3,+5.8,+6.2,+6.3,+6.7,+7.0
2022-11-09 06:34,0,+17.7,+11.4,+13.5,+5.5,+5.8,+6.2,+6.2,+6.7,+6.8
2022-11-09 07:34,0,+17.8,+11.4,+13.5,+5.5,+6.0,+6.2,+6.3,+6.7,+6.8
2022-11-09 08:34,0,+17.8,+11.4,+13.5,+5.5,+6.0,+6.2,+6.3,+6.7,+7.0
2022-11-09 09:34,0,+17.8,+11.4,+13.5,+5.6,+6.1,+6.2,+6.3,+6.7,+6.8
2022-11-09 10:34,0,+17.8,+11.4,+13.5,+5.7,+6.1,+6.2,+6.3,+6.8,+7.0
2022-11-09 11:34,0,+17.7,+11.4,+13.5,+5.7,+6.1,+6.3,+6.3,+6.7,+7.0
2022-11-09 12:34,0,+19.1,+11.5,+13.5,+5.8,+6.2,+6.3,+6.3,+6.7,+7.0
2022-11-09 13:34,0,+20.2,+11.7,+13.5,+6.0,+6.2,+6.3,+6.3,+6.8,+7.0
2022-11-09 14:34,0,+20.3,+11.8,+13.6,+6.1,+6.2,+6.3,+6.3,+6.8,+7.0
2022-11-09 15:34,0,+20.1,+11.9,+13.7,+6.1,+6.3,+6.5,+6.5,+6.8,+7.0
2022-11-09 16:34,0,+20.0,+12.0,+13.7,+6.1,+6.3,+6.5,+6.5,+6.8,+7.0
2022-11-09 17:34,0,+20.1,+12.0,+13.8,+6.0,+6.5,+6.5,+6.5,+6.8,+7.0
2022-11-09 18:34,0,+20.0,+12.0,+13.9,+6.0,+6.5,+6.5,+6.5,+6.8,+7.0
2022-11-09 19:34,0,+19.8,+12.0,+13.9,+5.8,+6.3,+6.5,+6.5,+6.8,+7.0
2022-11-09 20:34,0,+19.8,+12.0,+14.0,+5.7,+6.3,+6.5,+6.5,+6.8,+7.0
2022-11-09 21:34,0,+19.7,+12.0,+14.0,+5.7,+6.3,+6.6,+6.5,+6.8,+7.0
2022-11-09 22:34,0,+19.6,+12.0,+14.1,+5.6,+6.3,+6.5,+6.5,+6.8,+7.0
2022-11-09 23:34,0,+19.6,+12.0,+14.1,+5.6,+6.2,+6.5,+6.5,+6.8,+7.0
2022-11-10 00:34,0,+19.5,+12.0,+14.1,+5.5,+6.2,+6.6,+6.6,+7.0,+7.0
2022-11-10 01:34,0,+19.6,+12.3,+14.2,+5.3,+6.2,+6.5,+6.6,+6.8,+7.0
2022-11-10 02:34,0,+19.8,+12.0,+14.2,+5.3,+6.1,+6.5,+6.6,+7.0,+7.0
2022-11-10 03:34,0,+20.2,+12.0,+14.2,+5.2,+6.1,+6.5,+6.6,+6.8,+7.1
2022-11-10 04:34,0,+20.3,+12.1,+14.2,+5.1,+6.0,+6.5,+6.5,+6.8,+7.0
2022-11-10 05:34,0,+20.5,+12.1,+14.3,+5.0,+6.0,+6.5,+6.5,+6.8,+7.1
2022-11-10 06:34,0,+22.7,+12.5,+14.4,+4.8,+6.0,+6.3,+6.5,+6.8,+7.0
2022-11-10 07:34,0,+23.0,+12.8,+14.5,+4.7,+5.8,+6.3,+6.6,+6.8,+7.1
2022-11-10 08:34,0,+23.1,+12.9,+14.8,+4.7,+5.7,+6.3,+6.5,+6.8,+7.1
2022-11-10 09:34,0,+23.6,+13.0,+15.3,+4.6,+5.7,+6.2,+6.5,+6.8,+7.1
2022-11-10 10:34,0,+23.5,+13.3,+16.0,+4.5,+5.6,+6.2,+6.3,+6.8,+7.0
2022-11-10 11:34,0,+23.2,+13.5,+16.7,+4.5,+5.6,+6.2,+6.5,+6.8,+7.1
2022-11-10 12:34,0,+23.0,+13.5,+17.2,+4.6,+5.6,+6.2,+6.3,+6.8,+7.0
2022-11-10 13:34,0,+22.9,+13.5,+17.5,+4.7,+5.6,+6.1,+6.3,+6.8,+7.0
2022-11-10 14:34,0,+22.8,+13.5,+17.7,+4.6,+5.5,+6.1,+6.3,+6.8,+7.0
2022-11-10 15:34,0,+22.8,+14.0,+17.8,+4.6,+5.5,+6.1,+6.3,+6.7,+7.0
2022-11-10 16:34,0,+23.3,+13.5,+17.9,+4.5,+5.6,+6.1,+6.3,+6.8,+7.0
2022-11-10 17:34,0,+23.4,+13.6,+18.1,+4.5,+5.5,+6.1,+6.3,+6.7,+7.0
2022-11-10 18:34,0,+23.4,+13.6,+18.3,+4.3,+5.5,+6.0,+6.2,+6.7,+6.8
2022-11-10 19:34,0,+23.5,+13.6,+18.4,+4.2,+5.3,+6.0,+6.2,+6.7,+7.0
2022-11-10 20:34,0,+23.5,+13.7,+18.5,+4.1,+5.3,+6.0,+6.2,+6.7,+7.0
2022-11-10 21:34,0,+23.3,+13.7,+18.6,+4.0,+5.2,+6.0,+6.2,+6.7,+6.8
2022-11-10 22:34,0,+23.1,+13.7,+18.6,+4.0,+5.2,+5.8,+6.2,+6.7,+6.8
2022-11-10 23:34,0,+22.9,+13.6,+18.6,+3.8,+5.2,+5.8,+6.2,+6.7,+6.8
2022-11-11 00:34,0,+22.7,+13.6,+18.6,+3.8,+5.1,+5.8,+6.2,+6.6,+6.8
2022-11-11 01:34,0,+22.5,+13.6,+18.5,+3.7,+5.1,+5.8,+6.1,+6.6,+6.8
2022-11-11 02:34,0,+22.3,+13.6,+18.5,+3.7,+5.0,+5.8,+6.1,+6.6,+6.8
2022-11-11 03:34,0,+22.2,+13.5,+18.4,+3.6,+5.0,+5.8,+6.1,+6.6,+6.8
2022-11-11 04:34,0,+22.1,+13.5,+18.3,+3.5,+5.0,+5.7,+6.1,+6.6,+6.7
2022-11-11 05:34,0,+22.0,+13.5,+18.2,+3.5,+5.0,+5.7,+6.1,+6.6,+6.7
2022-11-11 06:34,0,+21.9,+13.5,+18.1,+3.3,+4.8,+5.6,+6.0,+6.6,+6.7
2022-11-11 07:34,0,+21.7,+13.4,+18.1,+3.3,+4.8,+5.6,+6.0,+6.6,+6.7
2022-11-11 08:34,0,+21.6,+13.4,+18.0,+3.3,+4.7,+5.6,+6.0,+6.5,+6.7
2022-11-11 09:34,0,+21.6,+13.4,+17.9,+3.2,+4.7,+5.6,+6.0,+6.5,+6.7
2022-11-11 10:34,0,+21.6,+13.3,+17.8,+3.3,+4.7,+5.5,+6.0,+6.5,+6.6
2022-11-11 11:34,0,+21.5,+13.3,+17.8,+3.3,+4.7,+5.6,+5.8,+6.5,+6.7
2022-11-11 12:34,0,+21.4,+13.3,+17.7,+3.3,+4.7,+5.5,+5.8,+6.5,+6.6
2022-11-11 13:34,0,+21.3,+13.3,+17.7,+3.5,+4.6,+5.5,+5.8,+6.5,+6.6
2022-11-11 14:34,0,+21.3,+13.2,+17.6,+3.5,+4.7,+5.5,+5.8,+6.5,+6.6
2022-11-11 15:34,0,+21.3,+13.2,+17.6,+3.5,+4.7,+5.5,+5.8,+6.5,+6.6
2022-11-11 16:34,0,+21.3,+13.2,+17.5,+3.3,+4.6,+5.3,+5.7,+6.3,+6.6
2022-11-11 17:34,0,+21.3,+13.2,+17.5,+3.3,+4.6,+5.5,+5.8,+6.3,+6.6
2022-11-11 18:34,0,+21.3,+13.2,+17.5,+3.2,+4.6,+5.3,+5.8,+6.3,+6.6
2022-11-11 19:34,0,+21.3,+13.2,+17.4,+3.2,+4.6,+5.3,+5.7,+6.3,+6.6
2022-11-11 20:34,0,+21.2,+13.2,+17.4,+3.2,+4.6,+5.3,+5.7,+6.3,+6.5
2022-11-11 21:34,0,+21.1,+13.2,+17.3,+3.2,+4.5,+5.3,+5.7,+6.3,+6.5
2022-11-11 22:34,0,+21.0,+13.1,+17.3,+3.1,+4.5,+5.3,+5.7,+6.2,+6.5
2022-11-11 23:34,0,+21.0,+13.2,+17.3,+3.1,+4.5,+5.3,+5.7,+6.2,+6.5
2022-11-12 00:34,0,+20.9,+13.1,+17.2,+3.1,+4.5,+5.3,+5.7,+6.2,+6.5
2022-11-12 01:34,0,+20.9,+13.1,+17.2,+3.0,+4.3,+5.2,+5.6,+6.2,+6.5
2022-11-12 02:34,0,+20.9,+13.1,+17.1,+3.0,+4.3,+5.2,+5.7,+6.2,+6.5
2022-11-12 03:34,0,+20.9,+13.1,+17.1,+3.0,+4.3,+5.2,+5.6,+6.2,+6.3
2022-11-12 04:34,0,+20.9,+13.1,+17.1,+2.8,+4.3,+5.2,+5.6,+6.2,+6.3
2022-11-12 05:34,0,+20.8,+13.1,+17.0,+2.8,+4.3,+5.1,+5.6,+6.2,+6.5
2022-11-12 06:34,0,+20.8,+13.1,+17.0,+2.8,+4.2,+5.1,+5.6,+6.1,+6.3
2022-11-12 07:34,0,+20.8,+13.0,+17.0,+2.7,+4.2,+5.1,+5.5,+6.2,+6.3
2022-11-12 08:34,0,+20.8,+13.0,+16.9,+2.7,+4.2,+5.1,+5.5,+6.2,+6.3
2022-11-12 09:34,0,+20.8,+13.0,+16.9,+2.7,+4.1,+5.1,+5.5,+6.1,+6.3
2022-11-12 10:34,0,+20.8,+13.0,+16.9,+2.7,+4.1,+5.0,+5.5,+6.1,+6.3
2022-11-12 11:34,0,+20.7,+13.0,+16.9,+2.7,+4.1,+5.0,+5.5,+6.1,+6.2
2022-11-12 12:34,0,+20.7,+13.0,+16.8,+2.7,+4.1,+5.0,+5.5,+6.1,+6.2
2022-11-12 13:34,0,+20.7,+13.0,+16.8,+2.7,+4.1,+5.0,+5.5,+6.1,+6.2
2022-11-12 14:34,0,+20.7,+13.0,+16.8,+2.7,+4.1,+5.0,+5.3,+6.0,+6.2
2022-11-12 15:34,0,+20.7,+13.0,+16.7,+2.7,+4.1,+5.0,+5.3,+6.1,+6.2
2022-11-12 16:34,0,+20.6,+13.0,+16.7,+2.7,+4.1,+5.0,+5.3,+6.0,+6.2
2022-11-12 17:34,0,+20.6,+13.0,+16.7,+2.7,+4.0,+5.0,+5.3,+6.0,+6.2
2022-11-12 18:34,0,+20.7,+13.0,+16.7,+2.7,+4.1,+4.8,+5.3,+6.0,+6.2
2022-11-12 19:34,0,+20.6,+12.9,+16.6,+2.6,+4.0,+4.8,+5.3,+6.0,+6.2
2022-11-12 20:34,0,+20.7,+12.9,+16.6,+2.6,+4.0,+4.8,+5.3,+6.0,+6.1
2022-11-12 21:34,0,+20.6,+12.9,+16.6,+2.6,+4.0,+4.8,+5.2,+6.0,+6.1
2022-11-12 22:34,0,+20.6,+12.9,+16.6,+2.5,+3.8,+4.8,+5.3,+5.8,+6.2
2022-11-12 23:34,0,+20.6,+12.9,+16.6,+2.3,+4.0,+4.8,+5.2,+6.0,+6.1
2022-11-13 00:34,0,+20.6,+12.9,+16.6,+2.3,+3.8,+4.8,+5.2,+5.8,+6.1
2022-11-13 01:34,0,+20.6,+12.9,+16.6,+2.2,+3.8,+4.7,+5.2,+5.8,+6.1
2022-11-13 02:34,0,+20.6,+12.9,+16.6,+2.2,+3.8,+4.7,+5.2,+5.8,+6.1
2022-11-13 03:34,0,+20.6,+12.9,+16.6,+2.2,+3.7,+4.7,+5.2,+5.8,+6.1
2022-11-13 04:34,0,+20.6,+12.8,+16.5,+2.1,+3.7,+4.7,+5.1,+5.8,+6.1
2022-11-13 05:34,0,+20.6,+12.8,+16.5,+2.1,+3.7,+4.6,+5.2,+5.8,+6.0
2022-11-13 06:34,0,+20.6,+12.8,+16.5,+2.1,+3.7,+4.7,+5.1,+5.8,+6.1
2022-11-13 07:34,0,+20.6,+12.8,+16.5,+2.1,+3.6,+4.6,+5.1,+5.8,+6.0
2022-11-13 08:34,0,+20.6,+12.8,+16.5,+2.1,+3.6,+4.6,+5.1,+5.7,+6.0
2022-11-13 09:34,0,+20.6,+12.8,+16.4,+2.1,+3.6,+4.6,+5.1,+5.7,+6.0
2022-11-13 10:34,0,+20.6,+12.8,+16.4,+2.1,+3.6,+4.5,+5.1,+5.7,+6.0
2022-11-13 11:34,0,+20.6,+12.8,+16.4,+2.1,+3.6,+4.5,+5.1,+5.7,+6.0
2022-11-13 12:34,0,+20.6,+12.8,+16.4,+2.1,+3.6,+4.5,+5.0,+5.7,+6.0
2022-11-13 13:34,0,+20.5,+12.8,+16.4,+2.2,+3.5,+4.6,+5.0,+5.7,+6.0
2022-11-13 14:34,0,+20.6,+12.8,+16.3,+2.1,+3.6,+4.5,+5.0,+5.6,+6.0
2022-11-13 15:34,0,+20.5,+12.8,+16.3,+2.2,+3.6,+4.5,+5.0,+5.6,+5.8
2022-11-13 16:34,0,+20.5,+12.8,+16.3,+2.2,+3.6,+4.5,+5.0,+5.6,+5.8
2022-11-13 17:34,0,+20.5,+12.8,+16.3,+2.2,+3.6,+4.5,+5.0,+5.6,+5.8
2022-11-13 18:34,0,+20.5,+12.8,+16.3,+2.2,+3.6,+4.5,+5.0,+5.6,+5.8
2022-11-13 19:34,0,+20.5,+12.8,+16.3,+2.1,+3.6,+4.5,+4.8,+5.6,+5.8
2022-11-13 20:34,0,+20.5,+12.8,+16.2,+2.1,+3.5,+4.5,+4.8,+5.6,+5.8
2022-11-13 21:34,0,+20.5,+12.8,+16.2,+2.1,+3.5,+4.5,+4.8,+5.6,+5.8
2022-11-13 22:34,0,+20.5,+12.8,+16.2,+2.1,+3.5,+4.3,+4.8,+5.6,+5.8
2022-11-13 23:34,0,+20.5,+12.8,+16.2,+2.0,+3.5,+4.3,+4.8,+5.5,+5.7
2022-11-14 00:34,0,+20.5,+12.7,+16.2,+2.0,+3.5,+4.3,+4.8,+5.6,+5.8
2022-11-14 01:34,0,+20.5,+12.7,+16.1,+2.0,+3.3,+4.3,+4.8,+5.5,+5.8
2022-11-14 02:34,0,+20.5,+12.7,+16.1,+2.0,+3.3,+4.3,+4.8,+5.5,+5.7
2022-11-14 03:34,0,+20.5,+12.7,+16.1,+2.0,+3.3,+4.3,+4.7,+5.5,+5.7
2022-11-14 04:34,0,+20.4,+12.7,+16.1,+2.0,+3.3,+4.3,+4.7,+5.5,+5.7
2022-11-14 05:34,0,+20.4,+12.7,+16.1,+2.0,+3.3,+4.2,+4.7,+5.5,+5.7
2022-11-14 06:34,0,+20.4,+12.7,+16.1,+2.0,+3.3,+4.2,+4.7,+5.5,+5.7
2022-11-14 07:34,0,+20.4,+12.7,+16.1,+2.0,+3.3,+4.2,+4.7,+5.5,+5.7
2022-11-14 08:34,0,+20.4,+12.7,+16.0,+2.0,+3.3,+4.2,+4.7,+5.3,+5.7
2022-11-14 09:34,0,+20.5,+12.7,+16.0,+2.0,+3.3,+4.2,+4.7,+5.3,+5.7
2022-11-14 10:34,0,+20.5,+12.7,+16.0,+2.0,+3.3,+4.2,+4.7,+5.3,+5.6
2022-11-14 11:34,0,+20.5,+12.7,+16.0,+2.0,+3.3,+4.2,+4.7,+5.3,+5.6
2022-11-14 12:34,0,+20.5,+12.7,+16.0,+2.1,+3.3,+4.2,+4.7,+5.3,+5.6
2022-11-14 13:34,0,+20.5,+12.7,+16.0,+2.1,+3.3,+4.2,+4.7,+5.3,+5.6
2022-11-14 14:34,0,+20.4,+12.7,+16.0,+2.1,+3.3,+4.2,+4.6,+5.3,+5.6
2022-11-14 15:34,0,+20.4,+12.7,+15.9,+2.2,+3.3,+4.2,+4.6,+5.3,+5.6
2022-11-14 16:34,0,+20.4,+12.7,+15.9,+2.2,+3.3,+4.2,+4.7,+5.3,+5.6
2022-11-14 17:34,0,+20.4,+12.7,+15.9,+2.2,+3.5,+4.2,+4.6,+5.3,+5.6
2022-11-14 18:34,0,+20.4,+12.7,+15.9,+2.2,+3.3,+4.2,+4.6,+5.3,+5.6
2022-11-14 19:34,0,+20.4,+12.7,+15.9,+2.2,+3.3,+4.2,+4.6,+5.3,+5.5
2022-11-14 20:34,0,+20.4,+12.7,+15.9,+2.2,+3.5,+4.2,+4.6,+5.3,+5.5
2022-11-14 21:34,0,+20.4,+12.7,+15.9,+2.2,+3.5,+4.2,+4.6,+5.2,+5.6
2022-11-14 22:34,0,+20.4,+12.7,+15.9,+2.3,+3.5,+4.2,+4.6,+5.2,+5.5
2022-11-14 23:34,0,+20.4,+12.7,+15.9,+2.3,+3.5,+4.2,+4.6,+5.2,+5.5
2022-11-15 00:34,0,+20.4,+12.7,+15.9,+2.3,+3.5,+4.2,+4.6,+5.2,+5.5
2022-11-15 01:34,0,+20.4,+12.7,+15.8,+2.3,+3.5,+4.2,+4.6,+5.2,+5.5
2022-11-15 02:34,0,+20.4,+12.7,+15.8,+2.3,+3.5,+4.2,+4.6,+5.2,+5.5
2022-11-15 03:34,0,+20.4,+12.7,+15.8,+2.3,+3.5,+4.2,+4.6,+5.2,+5.5
2022-11-15 04:34,0,+20.4,+12.7,+15.8,+2.5,+3.5,+4.2,+4.6,+5.2,+5.5
2022-11-15 05:34,0,+20.4,+12.6,+15.8,+2.3,+3.5,+4.2,+4.6,+5.2,+5.5
2022-11-15 06:34,0,+20.4,+12.6,+15.8,+2.3,+3.6,+4.3,+4.6,+5.2,+5.5
2022-11-15 07:34,0,+20.4,+12.6,+15.8,+2.5,+3.5,+4.2,+4.6,+5.2,+5.5
2022-11-15 08:34,0,+20.4,+12.6,+15.8,+2.5,+3.6,+4.2,+4.6,+5.2,+5.5
2022-11-15 09:34,0,+20.4,+12.6,+15.8,+2.5,+3.6,+4.2,+4.6,+5.2,+5.5
2022-11-15 10:34,0,+20.4,+12.6,+15.7,+2.5,+3.6,+4.2,+4.6,+5.2,+5.3
2022-11-15 11:34,0,+20.4,+12.6,+15.7,+2.5,+3.6,+4.3,+4.7,+5.2,+5.5
2022-11-15 12:34,0,+20.4,+12.6,+15.7,+2.5,+3.6,+4.2,+4.6,+5.2,+5.5
2022-11-15 13:34,0,+20.4,+12.6,+15.7,+2.5,+3.6,+4.2,+4.6,+5.1,+5.3
2022-11-15 14:34,0,+20.6,+12.6,+15.7,+2.5,+3.6,+4.2,+4.6,+5.2,+5.3
2022-11-15 15:34,0,+20.5,+12.6,+15.7,+2.6,+3.6,+4.2,+4.6,+5.2,+5.3
2022-11-15 16:34,0,+20.5,+12.6,+15.7,+2.6,+3.7,+4.2,+4.6,+5.2,+5.3
2022-11-15 17:34,0,+20.6,+12.6,+15.7,+2.6,+3.6,+4.2,+4.6,+5.2,+5.3
2022-11-15 18:34,0,+20.6,+12.6,+15.7,+2.6,+3.6,+4.2,+4.6,+5.2,+5.3
2022-11-15 19:34,0,+20.6,+12.6,+15.7,+2.6,+3.7,+4.3,+4.6,+5.2,+5.3
2022-11-15 20:34,0,+20.6,+12.6,+15.6,+2.6,+3.7,+4.2,+4.6,+5.2,+5.5
2022-11-15 21:34,0,+20.6,+12.6,+15.6,+2.6,+3.7,+4.3,+4.6,+5.2,+5.3
2022-11-15 22:34,0,+20.7,+12.6,+15.6,+2.6,+3.7,+4.2,+4.6,+5.2,+5.3
2022-11-15 23:34,0,+20.7,+12.6,+15.6,+2.6,+3.7,+4.2,+4.6,+5.2,+5.3
2022-11-16 00:34,0,+20.7,+12.6,+15.6,+2.6,+3.6,+4.2,+4.6,+5.2,+5.3
2022-11-16 01:34,0,+20.7,+12.6,+15.6,+2.6,+3.7,+4.3,+4.6,+5.2,+5.3
2022-11-16 02:34,0,+20.7,+12.6,+15.6,+2.6,+3.6,+4.3,+4.6,+5.2,+5.3
2022-11-16 03:34,0,+20.7,+12.6,+15.6,+2.7,+3.7,+4.3,+4.6,+5.1,+5.3
2022-11-16 04:34,0,+20.7,+12.7,+15.6,+2.6,+3.7,+4.2,+4.6,+5.2,+5.3
2022-11-16 05:34,0,+20.7,+12.7,+15.6,+2.6,+3.7,+4.2,+4.6,+5.1,+5.3
2022-11-16 06:34,0,+20.7,+12.7,+15.6,+2.6,+3.7,+4.2,+4.6,+5.1,+5.3
2022-11-16 07:34,0,+20.7,+12.7,+15.6,+2.6,+3.7,+4.2,+4.6,+5.2,+5.3
2022-11-16 08:34,0,+20.8,+12.7,+15.6,+2.6,+3.7,+4.3,+4.6,+5.1,+5.3
2022-11-16 09:34,0,+20.8,+12.6,+15.6,+2.6,+3.7,+4.2,+4.6,+5.1,+5.3
2022-11-16 10:34,0,+20.8,+12.7,+15.6,+2.7,+3.6,+4.2,+4.6,+5.1,+5.3
2022-11-16 11:34,0,+20.8,+12.7,+15.6,+2.7,+3.7,+4.3,+4.6,+5.1,+5.3
2022-11-16 12:34,0,+20.8,+12.7,+15.6,+2.7,+3.7,+4.3,+4.6,+5.2,+5.3
2022-11-16 13:34,0,+20.8,+12.7,+15.6,+2.7,+3.7,+4.2,+4.6,+5.1,+5.3
2022-11-16 14:34,0,+20.8,+12.7,+15.6,+2.7,+3.7,+4.2,+4.6,+5.1,+5.3
2022-11-16 15:34,0,+20.8,+12.7,+15.6,+2.7,+3.7,+4.3,+4.6,+5.2,+5.3
2022-11-16 16:34,0,+20.8,+12.7,+15.6,+2.7,+3.7,+4.2,+4.6,+5.1,+5.3
2022-11-16 17:34,0,+20.8,+12.7,+15.6,+2.7,+3.6,+4.3,+4.6,+5.1,+5.3
2022-11-16 18:34,0,+20.8,+12.7,+15.6,+2.7,+3.7,+4.3,+4.6,+5.1,+5.3
2022-11-16 19:34,0,+20.8,+12.7,+15.6,+2.7,+3.7,+4.2,+4.6,+5.1,+5.3
2022-11-16 20:34,0,+20.8,+12.7,+15.6,+2.7,+3.7,+4.3,+4.6,+5.1,+5.3
2022-11-16 21:34,0,+20.8,+12.7,+15.6,+2.7,+3.6,+4.2,+4.6,+5.1,+5.2
2022-11-16 22:34,0,+20.8,+12.7,+15.6,+2.7,+3.7,+4.3,+4.6,+5.1,+5.3
2022-11-16 23:34,0,+20.8,+12.7,+15.6,+2.6,+3.7,+4.2,+4.5,+5.1,+5.3
2022-11-17 00:34,0,+20.9,+12.7,+15.6,+2.7,+3.7,+4.3,+4.5,+5.1,+5.3
2022-11-17 01:34,0,+20.9,+12.7,+15.6,+2.6,+3.7,+4.2,+4.5,+5.1,+5.3
2022-11-17 02:34,0,+20.9,+12.7,+15.6,+2.6,+3.7,+4.3,+4.6,+5.1,+5.3
2022-11-17 03:34,0,+20.9,+12.7,+15.6,+2.6,+3.7,+4.2,+4.6,+5.1,+5.3
2022-11-17 04:34,0,+20.9,+12.7,+15.6,+2.7,+3.7,+4.2,+4.6,+5.1,+5.3
2022-11-17 05:34,0,+20.9,+12.7,+15.6,+2.6,+3.7,+4.2,+4.5,+5.1,+5.2
2022-11-17 06:34,0,+20.9,+12.7,+15.6,+2.6,+3.7,+4.2,+4.5,+5.1,+5.3
2022-11-17 07:34,0,+20.9,+12.7,+15.6,+2.6,+3.7,+4.2,+4.5,+5.1,+5.3
2022-11-17 08:34,0,+20.9,+12.7,+15.6,+2.6,+3.7,+4.2,+4.5,+5.1,+5.3
2022-11-17 09:34,0,+20.9,+12.7,+15.6,+2.7,+3.7,+4.3,+4.6,+5.1,+5.3
2022-11-17 10:34,0,+20.9,+12.7,+15.5,+2.6,+3.7,+4.2,+4.5,+5.1,+5.3
2022-11-17 11:34,0,+20.9,+12.7,+15.5,+2.6,+3.7,+4.2,+4.5,+5.1,+5.2
2022-11-17 12:34,0,+20.9,+12.7,+15.6,+2.6,+3.6,+4.2,+4.5,+5.1,+5.3
2022-11-17 13:34,0,+20.9,+12.7,+15.5,+2.6,+3.7,+4.2,+4.5,+5.1,+5.2
2022-11-17 14:34,0,+20.9,+12.7,+15.6,+2.6,+3.7,+4.2,+4.6,+5.1,+5.2
2022-11-17 15:34,0,+21.0,+12.7,+15.6,+2.6,+3.7,+4.2,+4.6,+5.1,+5.2
2022-11-17 16:34,0,+21.0,+12.7,+15.6,+2.7,+3.7,+4.2,+4.5,+5.1,+5.2
2022-11-17 17:34,0,+20.9,+12.7,+15.6,+2.6,+3.6,+4.2,+4.5,+5.1,+5.2
2022-11-17 18:34,0,+20.9,+12.7,+15.6,+2.6,+3.7,+4.2,+4.6,+5.1,+5.2
2022-11-17 19:34,0,+21.0,+12.7,+15.5,+2.6,+3.6,+4.2,+4.5,+5.0,+5.2
2022-11-17 20:34,0,+20.9,+12.7,+15.5,+2.6,+3.6,+4.2,+4.5,+5.1,+5.2
2022-11-17 21:34,0,+20.9,+12.7,+15.5,+2.6,+3.7,+4.2,+4.5,+5.1,+5.2
2022-11-17 22:34,0,+21.0,+12.7,+15.5,+2.6,+3.6,+4.3,+4.5,+5.0,+5.2
2022-11-17 23:34,0,+21.0,+12.7,+15.5,+2.6,+3.7,+4.2,+4.5,+5.1,+5.2
2022-11-18 00:34,0,+21.0,+12.7,+15.5,+2.6,+3.7,+4.2,+4.5,+5.0,+5.2
2022-11-18 01:34,0,+21.0,+12.7,+15.5,+2.6,+3.6,+4.2,+4.5,+5.0,+5.2
2022-11-18 02:34,0,+21.0,+12.7,+15.5,+2.6,+3.7,+4.2,+4.5,+5.0,+5.2
2022-11-18 03:34,0,+21.0,+12.7,+15.5,+2.6,+3.7,+4.2,+4.5,+5.0,+5.2
2022-11-18 04:34,0,+21.0,+12.7,+15.5,+2.6,+3.7,+4.2,+4.5,+5.0,+5.2
2022-11-18 05:34,0,+21.0,+12.7,+15.5,+2.6,+3.7,+4.2,+4.5,+5.0,+5.2
2022-11-18 06:34,0,+21.0,+12.7,+15.5,+2.6,+3.6,+4.2,+4.5,+5.0,+5.2
2022-11-18 07:34,0,+21.1,+12.7,+15.5,+2.6,+3.6,+4.2,+4.5,+5.0,+5.2
2022-11-18 08:34,0,+21.1,+12.7,+15.5,+2.5,+3.6,+4.2,+4.5,+5.0,+5.2
2022-11-18 09:34,0,+21.1,+12.7,+15.5,+2.6,+3.6,+4.2,+4.5,+5.0,+5.2
2022-11-18 10:34,0,+21.1,+12.7,+15.5,+2.6,+3.6,+4.2,+4.5,+5.0,+5.2
2022-11-18 11:34,0,+21.0,+12.7,+15.5,+2.5,+3.6,+4.2,+4.5,+5.0,+5.2
2022-11-18 12:34,0,+21.0,+12.7,+15.5,+2.6,+3.6,+4.2,+4.5,+5.0,+5.2
2022-11-18 13:34,0,+21.0,+12.7,+15.5,+2.5,+3.6,+4.2,+4.5,+5.0,+5.2
2022-11-18 14:34,0,+21.0,+12.7,+15.5,+2.6,+3.6,+4.1,+4.5,+5.0,+5.2
2022-11-18 15:34,0,+21.0,+12.7,+15.5,+2.5,+3.6,+4.2,+4.5,+5.0,+5.2
2022-11-18 16:34,0,+21.0,+12.7,+15.5,+2.5,+3.6,+4.2,+4.3,+5.0,+5.2
2022-11-18 17:34,0,+21.0,+12.7,+15.5,+2.5,+3.6,+4.2,+4.5,+5.0,+5.1
2022-11-18 18:34,0,+21.0,+12.7,+15.5,+2.3,+3.6,+4.2,+4.5,+5.0,+5.2
2022-11-18 19:34,0,+21.1,+12.7,+15.5,+2.3,+3.5,+4.1,+4.5,+5.0,+5.2
2022-11-18 20:34,0,+21.1,+12.7,+15.5,+2.3,+3.6,+4.1,+4.5,+5.0,+5.1
2022-11-18 21:34,0,+21.1,+12.7,+15.5,+2.3,+3.5,+4.2,+4.5,+5.0,+5.1
2022-11-18 22:34,0,+21.1,+12.7,+15.5,+2.3,+3.5,+4.1,+4.5,+5.0,+5.1
2022-11-18 23:34,0,+21.1,+12.7,+15.5,+2.3,+3.5,+4.1,+4.5,+5.0,+5.1
2022-11-19 00:34,0,+21.1,+12.7,+15.5,+2.2,+3.5,+4.1,+4.3,+5.0,+5.1
2022-11-19 01:34,0,+21.1,+12.7,+15.5,+2.3,+3.5,+4.1,+4.3,+5.0,+5.1
2022-11-19 02:34,0,+21.1,+12.7,+15.5,+2.3,+3.5,+4.1,+4.3,+4.8,+5.1
2022-11-19 03:34,0,+21.1,+12.7,+15.5,+2.3,+3.5,+4.1,+4.3,+5.0,+5.1
2022-11-19 04:34,0,+21.0,+12.7,+15.5,+2.3,+3.3,+4.1,+4.3,+5.0,+5.1
2022-11-19 05:34,0,+21.0,+12.7,+15.5,+2.3,+3.5,+4.1,+4.3,+4.8,+5.1
2022-11-19 06:34,0,+21.1,+12.7,+15.4,+2.3,+3.3,+4.1,+4.3,+4.8,+5.1
2022-11-19 07:34,0,+21.0,+12.7,+15.4,+2.2,+3.5,+4.0,+4.3,+4.8,+5.1
2022-11-19 08:34,0,+21.1,+12.7,+15.4,+2.3,+3.5,+4.1,+4.3,+4.8,+5.1
2022-11-19 09:34,0,+21.0,+12.7,+15.4,+2.2,+3.3,+4.1,+4.3,+4.8,+5.1
2022-11-19 10:34,0,+21.0,+12.7,+15.4,+2.2,+3.3,+4.1,+4.3,+4.8,+5.1
2022-11-19 11:34,0,+21.0,+12.7,+15.4,+2.3,+3.5,+4.0,+4.3,+5.0,+5.1
2022-11-19 12:34,0,+21.0,+12.7,+15.4,+2.3,+3.3,+4.1,+4.3,+5.0,+5.1
2022-11-19 13:34,0,+21.0,+12.7,+15.4,+2.3,+3.3,+4.0,+4.3,+4.8,+5.1
2022-11-19 14:34,0,+21.0,+12.7,+15.4,+2.3,+3.3,+4.0,+4.3,+4.8,+5.1
2022-11-19 15:34,0,+21.0,+12.7,+15.4,+2.3,+3.3,+4.0,+4.3,+4.8,+5.1
2022-11-19 16:34,0,+21.0,+12.7,+15.4,+2.3,+3.3,+4.0,+4.3,+4.8,+5.0
2022-11-19 17:34,0,+21.0,+12.7,+15.4,+2.2,+3.3,+4.0,+4.2,+4.8,+5.0
2022-11-19 18:34,0,+21.0,+12.7,+15.4,+2.3,+3.3,+4.0,+4.3,+4.8,+5.0
2022-11-19 19:34,0,+20.9,+12.7,+15.4,+2.3,+3.3,+4.0,+4.2,+4.8,+5.1
2022-11-19 20:34,0,+20.9,+12.7,+15.4,+2.2,+3.3,+4.0,+4.2,+4.8,+5.0
2022-11-19 21:34,0,+20.9,+12.7,+15.4,+2.2,+3.3,+4.0,+4.2,+4.8,+5.0
2022-11-19 22:34,0,+20.9,+12.6,+15.4,+2.2,+3.3,+4.0,+4.3,+4.8,+5.0
2022-11-19 23:34,0,+20.9,+12.6,+15.4,+2.2,+3.3,+4.0,+4.2,+4.8,+5.0
2022-11-20 00:34,0,+20.9,+12.6,+15.4,+2.2,+3.3,+4.0,+4.2,+4.7,+5.0
2022-11-20 01:34,0,+20.9,+12.6,+15.4,+2.2,+3.3,+4.0,+4.2,+4.7,+5.0
2022-11-20 02:34,0,+20.9,+12.6,+15.3,+2.1,+3.3,+4.0,+4.2,+4.7,+5.0
2022-11-20 03:34,0,+20.9,+12.6,+15.3,+2.1,+3.2,+4.0,+4.2,+4.7,+5.0
2022-11-20 04:34,0,+20.9,+12.6,+15.3,+2.1,+3.3,+4.0,+4.2,+4.8,+5.0
2022-11-20 05:34,0,+20.9,+12.6,+15.3,+2.1,+3.2,+4.0,+4.2,+4.7,+5.0
2022-11-20 06:34,0,+20.9,+12.6,+15.2,+2.1,+3.2,+3.8,+4.2,+4.7,+5.0
2022-11-20 07:34,0,+20.9,+12.6,+15.2,+2.1,+3.2,+3.8,+4.2,+4.7,+5.0
2022-11-20 08:34,0,+20.9,+12.6,+15.2,+2.0,+3.2,+4.0,+4.2,+4.7,+5.0
2022-11-20 09:34,0,+20.9,+12.6,+15.2,+2.1,+3.2,+3.8,+4.2,+4.7,+5.0
2022-11-20 10:34,0,+20.9,+12.6,+15.2,+2.1,+3.2,+3.8,+4.2,+4.7,+5.0
2022-11-20 11:34,0,+20.8,+12.6,+15.2,+2.1,+3.2,+3.8,+4.2,+4.7,+4.8
2022-11-20 12:34,0,+20.8,+12.6,+15.2,+2.1,+3.2,+3.8,+4.2,+4.7,+5.0
2022-11-20 13:34,0,+20.8,+12.6,+15.1,+2.1,+3.2,+3.8,+4.2,+4.7,+5.0
2022-11-20 14:34,0,+20.8,+12.6,+15.1,+2.2,+3.2,+3.8,+4.1,+4.7,+5.0
2022-11-20 15:34,0,+20.8,+12.6,+15.1,+2.2,+3.2,+3.8,+4.1,+4.7,+5.0
2022-11-20 16:34,0,+20.8,+12.6,+15.1,+2.2,+3.2,+3.8,+4.1,+4.7,+4.8
2022-11-20 17:34,0,+20.8,+12.6,+15.1,+2.2,+3.2,+3.8,+4.2,+4.7,+4.8
2022-11-20 18:34,0,+20.8,+12.6,+15.1,+2.2,+3.2,+3.8,+4.1,+4.7,+4.8
2022-11-20 19:34,0,+20.8,+12.6,+15.1,+2.2,+3.2,+3.8,+4.1,+4.7,+4.8
2022-11-20 20:34,0,+20.8,+12.6,+15.1,+2.2,+3.2,+3.8,+4.1,+4.7,+4.8
2022-11-20 21:34,0,+20.8,+12.6,+15.1,+2.3,+3.2,+3.8,+4.2,+4.7,+4.8
2022-11-20 22:34,0,+20.8,+12.6,+15.1,+2.2,+3.3,+3.8,+4.1,+4.7,+4.8
2022-11-20 23:34,0,+20.8,+12.6,+15.1,+2.2,+3.2,+3.8,+4.1,+4.7,+4.8
2022-11-21 00:34,0,+20.8,+12.6,+15.1,+2.3,+3.2,+3.8,+4.2,+4.7,+4.8
2022-11-21 01:34,0,+20.8,+12.6,+15.1,+2.3,+3.2,+3.8,+4.1,+4.6,+4.8
2022-11-21 02:34,0,+20.8,+12.6,+15.1,+2.2,+3.2,+3.8,+4.1,+4.7,+4.8
2022-11-21 03:34,0,+20.8,+12.6,+15.1,+2.2,+3.2,+3.8,+4.1,+4.7,+4.8
2022-11-21 04:34,0,+20.8,+12.6,+15.1,+2.2,+3.2,+3.8,+4.1,+4.6,+4.8
2022-11-21 05:34,0,+20.8,+12.6,+15.1,+2.2,+3.2,+3.8,+4.1,+4.7,+4.8
2022-11-21 06:34,0,+20.8,+12.6,+15.1,+2.2,+3.3,+3.8,+4.1,+4.6,+4.8
2022-11-21 07:34,0,+20.8,+12.6,+15.1,+2.2,+3.2,+3.8,+4.1,+4.6,+4.8
2022-11-21 08:34,0,+20.8,+12.6,+15.1,+2.2,+3.2,+3.8,+4.1,+4.6,+4.8
2022-11-21 09:34,0,+20.8,+12.6,+15.1,+2.2,+3.2,+3.7,+4.1,+4.7,+4.8
2022-11-21 10:34,0,+20.8,+12.6,+15.0,+2.2,+3.2,+3.7,+4.1,+4.6,+4.8
2022-11-21 11:34,0,+20.8,+12.6,+15.0,+2.2,+3.2,+3.7,+4.1,+4.6,+4.8
2022-11-21 12:34,0,+20.8,+12.6,+15.0,+2.2,+3.2,+3.7,+4.1,+4.6,+4.8
2022-11-21 13:34,0,+20.8,+12.6,+15.0,+2.2,+3.2,+3.8,+4.1,+4.6,+4.8
2022-11-21 14:34,0,+20.8,+12.6,+15.0,+2.2,+3.2,+3.7,+4.1,+4.6,+4.8
2022-11-21 15:34,0,+20.8,+12.6,+15.0,+2.2,+3.2,+3.7,+4.1,+4.6,+4.8
2022-11-21 16:34,0,+20.8,+12.6,+15.0,+2.2,+3.2,+3.8,+4.1,+4.6,+4.8
2022-11-21 17:34,0,+20.8,+12.6,+15.0,+2.2,+3.2,+3.8,+4.1,+4.6,+4.7
2022-11-21 18:34,0,+20.8,+12.6,+15.0,+2.2,+3.2,+3.8,+4.1,+4.6,+4.8
2022-11-21 19:34,0,+20.8,+12.6,+15.0,+2.2,+3.2,+3.8,+4.1,+4.6,+4.7
2022-11-21 20:34,0,+20.8,+12.6,+15.0,+2.2,+3.2,+3.8,+4.1,+4.6,+4.8
2022-11-21 21:34,0,+20.8,+12.7,+15.0,+2.3,+3.2,+3.8,+4.0,+4.6,+4.8
2022-11-21 22:34,0,+20.8,+12.7,+15.0,+2.2,+3.2,+3.7,+4.1,+4.6,+4.7
2022-11-21 23:34,0,+20.8,+12.7,+15.0,+2.3,+3.2,+3.8,+4.0,+4.6,+4.7
2022-11-22 00:34,0,+20.8,+12.7,+15.0,+2.2,+3.2,+3.7,+4.1,+4.6,+4.7
2022-11-22 01:34,0,+20.8,+12.7,+15.0,+2.2,+3.2,+3.8,+4.1,+4.6,+4.7
2022-11-22 02:34,0,+20.8,+12.7,+15.0,+2.2,+3.2,+3.8,+4.1,+4.6,+4.7
2022-11-22 03:34,0,+20.8,+12.8,+15.0,+2.2,+3.2,+3.8,+4.1,+4.6,+4.7
2022-11-22 04:34,0,+20.8,+12.7,+15.0,+2.2,+3.2,+3.8,+4.0,+4.6,+4.7
2022-11-22 05:34,0,+20.8,+12.7,+15.0,+2.2,+3.2,+3.7,+4.0,+4.6,+4.7
2022-11-22 06:34,0,+20.8,+12.7,+15.0,+2.2,+3.2,+3.8,+4.0,+4.6,+4.7
2022-11-22 07:34,0,+20.8,+12.7,+15.0,+2.2,+3.2,+3.7,+4.1,+4.6,+4.7
2022-11-22 08:34,0,+20.8,+12.8,+15.0,+2.2,+3.2,+3.8,+4.1,+4.6,+4.7
2022-11-22 09:34,0,+20.8,+12.8,+15.0,+2.2,+3.3,+3.7,+4.0,+4.6,+4.8
2022-11-22 10:34,0,+20.8,+12.8,+15.0,+2.2,+3.2,+3.8,+4.0,+4.5,+4.7
2022-11-22 11:34,0,+20.8,+12.8,+15.0,+2.3,+3.2,+3.7,+4.0,+4.6,+4.7
2022-11-22 12:34,0,+20.8,+12.8,+15.0,+2.3,+3.2,+3.8,+4.1,+4.6,+4.7
2022-11-22 13:34,0,+20.8,+12.8,+15.0,+2.3,+3.2,+3.7,+4.0,+4.6,+4.7
2022-11-22 14:34,0,+20.8,+12.8,+15.0,+2.3,+3.2,+3.8,+4.1,+4.6,+4.7
2022-11-22 15:34,0,+20.8,+12.8,+15.0,+2.3,+3.2,+3.8,+4.1,+4.6,+4.7
2022-11-22 16:34,0,+20.8,+12.8,+15.0,+2.3,+3.2,+3.8,+4.1,+4.6,+4.7
2022-11-22 17:34,0,+20.8,+12.8,+15.0,+2.3,+3.2,+3.8,+4.0,+4.6,+4.7
2022-11-22 18:34,0,+20.8,+12.8,+15.0,+2.3,+3.2,+3.8,+4.0,+4.6,+4.7
2022-11-22 19:34,0,+20.8,+12.8,+15.0,+2.3,+3.2,+3.8,+4.0,+4.5,+4.7
2022-11-22 20:34,0,+20.8,+12.8,+15.0,+2.3,+3.3,+3.7,+4.0,+4.5,+4.7
2022-11-22 21:34,0,+20.8,+12.8,+15.0,+2.2,+3.2,+3.7,+4.0,+4.5,+4.7
2022-11-22 22:34,0,+20.8,+12.8,+15.0,+2.2,+3.2,+3.8,+4.0,+4.6,+4.7
2022-11-22 23:34,0,+20.8,+12.8,+15.0,+2.3,+3.2,+3.8,+4.1,+4.5,+4.7
2022-11-23 00:34,0,+20.8,+12.8,+15.0,+2.2,+3.2,+3.7,+4.0,+4.5,+4.7
2022-11-23 01:34,0,+20.8,+12.8,+15.0,+2.2,+3.2,+3.8,+4.0,+4.5,+4.7
2022-11-23 02:34,0,+20.8,+12.8,+15.0,+2.2,+3.2,+3.7,+4.0,+4.5,+4.7
2022-11-23 03:34,0,+20.8,+12.8,+15.0,+2.2,+3.2,+3.7,+4.0,+4.6,+4.7
2022-11-23 04:34,0,+20.8,+12.8,+15.0,+2.2,+3.2,+3.7,+4.0,+4.5,+4.7
2022-11-23 05:34,0,+20.8,+12.8,+15.0,+2.2,+3.2,+3.8,+4.0,+4.5,+4.7
2022-11-23 06:34,0,+20.8,+12.8,+15.0,+2.2,+3.2,+3.7,+4.0,+4.6,+4.7
2022-11-23 07:34,0,+20.8,+12.8,+14.9,+2.2,+3.2,+3.7,+4.0,+4.5,+4.6
2022-11-23 08:34,0,+20.8,+12.8,+14.9,+2.2,+3.2,+3.7,+4.0,+4.5,+4.7
2022-11-23 09:34,0,+20.8,+12.8,+14.9,+2.2,+3.2,+3.7,+4.0,+4.5,+4.6
2022-11-23 10:34,0,+20.8,+12.8,+14.9,+2.2,+3.2,+3.7,+4.0,+4.5,+4.7
2022-11-23 11:34,0,+20.8,+12.8,+14.9,+2.2,+3.2,+3.7,+4.0,+4.5,+4.7
2022-11-23 12:34,0,+20.8,+12.8,+14.9,+2.2,+3.2,+3.7,+4.0,+4.5,+4.7
2022-11-23 13:34,0,+20.8,+12.8,+14.9,+2.2,+3.2,+3.7,+4.0,+4.5,+4.6
2022-11-23 14:34,0,+20.8,+12.8,+14.9,+2.2,+3.2,+3.7,+4.0,+4.6,+4.7
2022-11-23 15:34,0,+20.8,+12.8,+14.9,+2.3,+3.2,+3.7,+4.0,+4.5,+4.7
2022-11-23 16:34,0,+20.8,+12.8,+14.9,+2.3,+3.2,+3.7,+4.0,+4.5,+4.7
2022-11-23 17:34,0,+20.8,+12.8,+14.9,+2.2,+3.2,+3.7,+4.0,+4.5,+4.7
2022-11-23 18:34,0,+20.8,+12.8,+14.9,+2.2,+3.2,+3.7,+4.0,+4.5,+4.6
2022-11-23 19:34,0,+20.8,+12.8,+14.9,+2.2,+3.2,+3.7,+4.0,+4.5,+4.6
2022-11-23 20:34,0,+20.8,+12.8,+14.9,+2.2,+3.1,+3.7,+4.0,+4.5,+4.6
2022-11-23 21:34,0,+20.9,+12.8,+14.9,+2.2,+3.2,+3.7,+4.0,+4.5,+4.6
2022-11-23 22:34,0,+20.9,+12.8,+14.9,+2.2,+3.2,+3.7,+4.0,+4.5,+4.6
2022-11-23 23:34,0,+20.9,+12.9,+14.9,+2.2,+3.2,+3.7,+4.0,+4.5,+4.6
2022-11-24 00:34,0,+21.0,+12.8,+14.9,+2.2,+3.2,+3.7,+4.0,+4.5,+4.6
2022-11-24 01:34,0,+21.0,+12.8,+14.9,+2.2,+3.2,+3.7,+4.0,+4.5,+4.6
2022-11-24 02:34,0,+21.0,+12.8,+14.9,+2.2,+3.1,+3.7,+4.0,+4.5,+4.7
2022-11-24 03:34,0,+21.0,+12.9,+14.9,+2.2,+3.2,+3.7,+4.0,+4.5,+4.6
2022-11-24 04:34,0,+21.1,+12.9,+14.9,+2.2,+3.2,+3.7,+4.0,+4.5,+4.6
2022-11-24 05:34,0,+21.1,+12.9,+14.9,+2.2,+3.2,+3.7,+4.0,+4.5,+4.6
2022-11-24 06:34,0,+21.1,+12.9,+14.9,+2.2,+3.1,+3.7,+4.0,+4.3,+4.6
2022-11-24 07:34,0,+21.1,+12.9,+14.9,+2.2,+3.1,+3.7,+4.0,+4.5,+4.6
2022-11-24 08:34,0,+21.1,+12.9,+14.9,+2.2,+3.2,+3.7,+4.0,+4.5,+4.6
2022-11-24 09:34,0,+21.1,+12.9,+14.9,+2.2,+3.2,+3.7,+4.0,+4.5,+4.6
2022-11-24 10:34,0,+21.1,+12.9,+14.9,+2.2,+3.2,+3.7,+4.0,+4.5,+4.6
2022-11-24 11:34,0,+21.1,+12.9,+14.9,+2.2,+3.1,+3.7,+4.0,+4.5,+4.6
2022-11-24 12:34,0,+21.1,+12.9,+14.9,+2.2,+3.2,+3.7,+4.0,+4.5,+4.6
2022-11-24 13:34,0,+21.1,+12.9,+14.9,+2.3,+3.1,+3.7,+4.0,+4.5,+4.6
2022-11-24 14:34,0,+21.1,+12.9,+14.9,+2.3,+3.2,+3.7,+4.0,+4.3,+4.6
2022-11-24 15:34,0,+21.1,+12.9,+14.9,+2.2,+3.2,+3.7,+4.0,+4.3,+4.6
2022-11-24 16:34,0,+21.2,+12.9,+14.9,+2.2,+3.2,+3.7,+4.0,+4.5,+4.6
2022-11-24 17:34,0,+21.2,+12.9,+14.9,+2.2,+3.2,+3.7,+4.0,+4.5,+4.6
2022-11-24 18:34,0,+21.3,+13.0,+14.9,+2.2,+3.2,+3.7,+4.0,+4.3,+4.6
2022-11-24 19:34,0,+21.3,+13.0,+14.9,+2.2,+3.2,+3.7,+4.0,+4.5,+4.6
2022-11-24 20:34,0,+21.4,+12.9,+14.9,+2.2,+3.1,+3.7,+3.8,+4.5,+4.6
2022-11-24 21:34,0,+21.4,+12.9,+14.9,+2.2,+3.1,+3.7,+3.8,+4.3,+4.6
2022-11-24 22:34,0,+21.4,+13.0,+14.9,+2.2,+3.1,+3.7,+3.8,+4.3,+4.6
2022-11-24 23:34,0,+21.4,+12.9,+14.9,+2.2,+3.2,+3.7,+4.0,+4.3,+4.6
2022-11-25 00:34,0,+21.4,+12.9,+14.9,+2.2,+3.1,+3.7,+3.8,+4.3,+4.6
2022-11-25 01:34,0,+21.4,+12.9,+14.9,+2.2,+3.1,+3.7,+3.8,+4.3,+4.6
2022-11-25 02:34,0,+21.4,+12.9,+14.9,+2.2,+3.1,+3.7,+4.0,+4.5,+4.6
2022-11-25 03:34,0,+21.4,+12.9,+14.9,+2.1,+3.1,+3.7,+3.8,+4.3,+4.6
2022-11-25 04:34,0,+21.4,+12.9,+14.9,+2.1,+3.1,+3.6,+3.8,+4.3,+4.6
2022-11-25 05:34,0,+21.4,+12.9,+14.9,+2.1,+3.1,+3.7,+3.8,+4.3,+4.6
2022-11-25 06:34,0,+21.3,+12.9,+14.9,+2.1,+3.1,+3.7,+3.8,+4.3,+4.6
2022-11-25 07:34,0,+21.3,+12.9,+14.9,+2.1,+3.1,+3.7,+3.8,+4.3,+4.5
2022-11-25 08:34,0,+21.3,+13.0,+14.9,+2.1,+3.1,+3.6,+3.8,+4.3,+4.6
2022-11-25 09:34,0,+21.3,+12.9,+14.9,+2.0,+3.1,+3.7,+3.8,+4.3,+4.6
2022-11-25 10:34,0,+21.3,+13.0,+14.9,+2.0,+3.1,+3.7,+3.8,+4.3,+4.6
2022-11-25 11:34,0,+21.3,+13.0,+14.9,+2.1,+3.1,+3.7,+3.8,+4.3,+4.6
2022-11-25 12:34,0,+21.3,+13.0,+14.9,+2.1,+3.0,+3.7,+3.8,+4.3,+4.6
2022-11-25 13:34,0,+21.3,+13.0,+14.9,+2.1,+3.1,+3.7,+3.8,+4.3,+4.6
2022-11-25 14:34,0,+21.2,+13.0,+14.9,+2.2,+3.1,+3.7,+3.8,+4.3,+4.5
2022-11-25 15:34,0,+21.2,+13.0,+14.9,+2.1,+3.1,+3.6,+3.8,+4.3,+4.5
2022-11-25 16:34,0,+21.2,+13.0,+14.9,+2.2,+3.1,+3.7,+3.8,+4.3,+4.6
2022-11-25 17:34,0,+21.3,+13.0,+14.9,+2.1,+3.1,+3.6,+3.8,+4.3,+4.6
2022-11-25 18:34,0,+21.3,+13.0,+14.9,+2.1,+3.1,+3.6,+3.8,+4.3,+4.5
2022-11-25 19:34,0,+21.4,+13.0,+14.9,+2.1,+3.1,+3.7,+3.8,+4.3,+4.5
2022-11-25 20:34,0,+21.4,+13.0,+14.9,+2.1,+3.0,+3.7,+3.8,+4.3,+4.5
2022-11-25 21:34,0,+21.5,+13.0,+14.9,+2.1,+3.1,+3.6,+3.8,+4.3,+4.5
2022-11-25 22:34,0,+21.6,+13.0,+14.9,+2.1,+3.1,+3.6,+3.7,+4.3,+4.6
2022-11-25 23:34,0,+21.6,+13.0,+14.9,+2.1,+3.0,+3.6,+3.7,+4.3,+4.5
2022-11-26 00:34,0,+21.7,+13.0,+14.9,+2.1,+3.1,+3.6,+3.8,+4.3,+4.5
2022-11-26 01:34,0,+21.9,+13.1,+15.0,+2.1,+3.0,+3.7,+3.8,+4.3,+4.5
2022-11-26 02:34,0,+22.1,+13.1,+15.0,+2.1,+3.0,+3.6,+3.8,+4.3,+4.5
2022-11-26 03:34,0,+22.2,+13.1,+15.0,+2.0,+3.1,+3.6,+3.8,+4.3,+4.5
2022-11-26 04:34,0,+22.3,+13.1,+15.0,+2.1,+3.0,+3.6,+3.8,+4.3,+4.5
2022-11-26 05:34,0,+22.4,+13.1,+15.0,+2.1,+3.0,+3.6,+3.8,+4.2,+4.5
2022-11-26 06:34,0,+22.5,+13.1,+15.0,+2.1,+3.0,+3.6,+3.7,+4.2,+4.5
2022-11-26 07:34,0,+22.5,+13.1,+15.0,+2.1,+3.0,+3.6,+3.7,+4.2,+4.5
2022-11-26 08:34,0,+22.6,+13.1,+15.0,+2.1,+3.0,+3.5,+3.7,+4.3,+4.5
2022-11-26 09:34,0,+22.7,+13.2,+15.0,+2.1,+3.0,+3.6,+3.8,+4.2,+4.5
2022-11-26 10:34,0,+22.8,+13.2,+15.0,+2.1,+3.0,+3.6,+3.7,+4.3,+4.5
2022-11-26 11:34,0,+22.9,+13.2,+15.0,+2.1,+3.0,+3.6,+3.7,+4.2,+4.5
2022-11-26 12:34,0,+23.1,+13.2,+15.0,+2.1,+3.0,+3.6,+3.7,+4.2,+4.5
2022-11-26 13:34,0,+23.5,+13.3,+15.0,+2.2,+3.1,+3.6,+3.7,+4.2,+4.5
2022-11-26 14:34,0,+24.1,+13.4,+15.1,+2.2,+3.0,+3.6,+3.7,+4.2,+4.5
2022-11-26 15:34,0,+24.5,+13.6,+15.1,+2.2,+3.0,+3.6,+3.7,+4.2,+4.5
2022-11-26 16:34,0,+24.7,+13.7,+15.2,+2.1,+3.0,+3.5,+3.7,+4.2,+4.5
2022-11-26 17:34,0,+24.7,+13.8,+15.4,+2.1,+3.0,+3.5,+3.7,+4.2,+4.5
2022-11-26 18:34,0,+24.6,+13.9,+15.5,+2.1,+3.0,+3.5,+3.7,+4.2,+4.5
2022-11-26 19:34,0,+24.5,+13.9,+15.7,+2.0,+3.0,+3.5,+3.7,+4.2,+4.5
2022-11-26 20:34,0,+24.4,+13.9,+15.8,+2.0,+2.8,+3.5,+3.7,+4.2,+4.3
2022-11-26 21:34,0,+24.3,+14.0,+15.9,+2.0,+2.8,+3.5,+3.7,+4.2,+4.3
2022-11-26 22:34,0,+24.2,+14.0,+16.0,+2.0,+2.8,+3.5,+3.7,+4.2,+4.3
2022-11-26 23:34,0,+24.1,+14.0,+16.0,+1.8,+2.8,+3.5,+3.7,+4.2,+4.5
2022-11-27 00:34,0,+23.9,+14.0,+16.1,+1.8,+2.8,+3.5,+3.7,+4.2,+4.3
2022-11-27 01:34,0,+23.8,+14.0,+16.1,+1.8,+3.0,+3.5,+3.7,+4.2,+4.3
2022-11-27 02:34,0,+23.7,+14.0,+16.1,+1.7,+2.8,+3.5,+3.7,+4.2,+4.3
2022-11-27 03:34,0,+23.5,+13.9,+16.1,+1.7,+2.8,+3.5,+3.7,+4.2,+4.3
2022-11-27 04:34,0,+23.4,+13.9,+16.1,+1.6,+2.8,+3.5,+3.7,+4.2,+4.3
2022-11-27 05:34,0,+23.3,+13.9,+16.1,+1.6,+2.7,+3.5,+3.7,+4.2,+4.3
2022-11-27 06:34,0,+23.2,+13.9,+16.1,+1.6,+2.8,+3.3,+3.7,+4.1,+4.3
2022-11-27 07:34,0,+23.0,+13.9,+16.1,+1.5,+2.7,+3.3,+3.7,+4.2,+4.3
2022-11-27 08:34,0,+22.9,+13.9,+16.1,+1.5,+2.7,+3.3,+3.7,+4.1,+4.3
2022-11-27 09:34,0,+22.9,+13.9,+16.1,+1.3,+2.7,+3.3,+3.6,+4.1,+4.3
2022-11-27 10:34,0,+22.8,+13.9,+16.1,+1.5,+2.6,+3.3,+3.6,+4.2,+4.3
2022-11-27 11:34,0,+22.7,+13.8,+16.1,+1.5,+2.6,+3.3,+3.6,+4.1,+4.3
2022-11-27 12:34,0,+22.7,+13.9,+16.1,+1.5,+2.6,+3.3,+3.6,+4.2,+4.3
2022-11-27 13:34,0,+22.6,+13.9,+16.1,+1.6,+2.6,+3.3,+3.6,+4.1,+4.3
2022-11-27 14:34,0,+22.6,+13.9,+16.1,+1.6,+2.6,+3.3,+3.6,+4.1,+4.3
2022-11-27 15:34,0,+22.6,+13.8,+16.0,+1.7,+2.7,+3.3,+3.6,+4.1,+4.3
2022-11-27 16:34,0,+22.5,+13.9,+16.0,+1.6,+2.7,+3.3,+3.6,+4.1,+4.3
2022-11-27 17:34,0,+22.5,+13.8,+16.0,+1.6,+2.6,+3.3,+3.6,+4.1,+4.3
2022-11-27 18:34,0,+22.4,+13.8,+16.0,+1.6,+2.6,+3.3,+3.6,+4.1,+4.3
2022-11-27 19:34,0,+22.4,+13.8,+16.0,+1.5,+2.7,+3.3,+3.5,+4.1,+4.3
2022-11-27 20:34,0,+22.4,+13.8,+16.0,+1.5,+2.6,+3.3,+3.6,+4.1,+4.2
2022-11-27 21:34,0,+22.3,+13.8,+16.0,+1.5,+2.6,+3.2,+3.6,+4.1,+4.2
2022-11-27 22:34,0,+22.3,+13.8,+16.0,+1.3,+2.6,+3.2,+3.6,+4.1,+4.2
2022-11-27 23:34,0,+22.2,+13.8,+15.9,+1.2,+2.6,+3.2,+3.5,+4.1,+4.2
2022-11-28 00:34,0,+22.2,+13.8,+15.9,+1.2,+2.5,+3.2,+3.5,+4.1,+4.2
2022-11-28 01:34,0,+22.2,+13.8,+15.9,+1.2,+2.5,+3.2,+3.5,+4.1,+4.2
2022-11-28 02:34,0,+22.1,+13.8,+15.9,+1.1,+2.5,+3.2,+3.5,+4.0,+4.2
2022-11-28 03:34,0,+22.1,+13.8,+15.9,+1.1,+2.3,+3.2,+3.6,+4.0,+4.2
2022-11-28 04:34,0,+22.1,+13.8,+15.9,+1.1,+2.5,+3.2,+3.5,+4.0,+4.2
2022-11-28 05:34,0,+22.0,+13.8,+15.9,+1.1,+2.3,+3.2,+3.5,+4.0,+4.2
2022-11-28 06:34,0,+22.0,+13.8,+15.9,+1.1,+2.3,+3.1,+3.5,+4.0,+4.2
2022-11-28 07:34,0,+22.0,+13.8,+15.9,+1.0,+2.3,+3.1,+3.5,+4.0,+4.2
2022-11-28 08:34,0,+21.9,+13.8,+15.8,+1.0,+2.3,+3.1,+3.5,+4.0,+4.2
2022-11-28 09:34,0,+21.9,+13.8,+15.8,+1.0,+2.2,+3.1,+3.3,+4.0,+4.2
2022-11-28 10:34,0,+21.8,+13.8,+15.8,+1.1,+2.3,+3.0,+3.3,+4.0,+4.2
2022-11-28 11:34,0,+21.8,+13.8,+15.8,+1.1,+2.2,+3.0,+3.3,+4.0,+4.2
2022-11-28 12:34,0,+21.8,+13.8,+15.8,+1.1,+2.2,+3.0,+3.3,+4.0,+4.2
2022-11-28 13:34,0,+21.8,+13.8,+15.8,+1.1,+2.3,+3.0,+3.3,+4.0,+4.1
2022-11-28 14:34,0,+21.8,+13.8,+15.8,+1.1,+2.2,+3.0,+3.3,+4.0,+4.1
2022-11-28 15:34,0,+21.7,+13.8,+15.8,+1.1,+2.2,+3.0,+3.3,+4.0,+4.1
2022-11-28 16:34,0,+21.7,+13.8,+15.8,+1.1,+2.2,+3.0,+3.3,+3.8,+4.2
2022-11-28 17:34,0,+21.7,+13.8,+15.8,+1.1,+2.2,+3.0,+3.3,+3.8,+4.1
2022-11-28 18:34,0,+21.7,+13.8,+15.8,+1.2,+2.2,+2.8,+3.3,+3.8,+4.1
2022-11-28 19:34,0,+21.7,+13.8,+15.8,+1.1,+2.3,+3.0,+3.3,+3.8,+4.1
2022-11-28 20:34,0,+21.7,+13.8,+15.7,+1.2,+2.3,+3.0,+3.2,+3.8,+4.1
2022-11-28 21:34,0,+21.6,+13.8,+15.7,+1.2,+2.2,+3.0,+3.2,+3.8,+4.1
2022-11-28 22:34,0,+21.6,+13.8,+15.7,+1.2,+2.3,+3.0,+3.2,+3.8,+4.0
2022-11-28 23:34,0,+21.6,+13.8,+15.7,+1.2,+2.3,+3.0,+3.2,+3.8,+4.1
2022-11-29 00:34,0,+21.6,+13.8,+15.7,+1.2,+2.3,+3.0,+3.2,+3.8,+4.1
2022-11-29 01:34,0,+21.6,+13.8,+15.7,+1.2,+2.3,+3.0,+3.2,+3.8,+4.1
2022-11-29 02:34,0,+21.6,+13.8,+15.7,+1.2,+2.2,+3.0,+3.2,+3.8,+4.1
2022-11-29 03:34,0,+21.6,+13.8,+15.7,+1.2,+2.3,+3.0,+3.2,+3.8,+4.0
2022-11-29 04:34,0,+21.6,+13.8,+15.7,+1.1,+2.2,+3.0,+3.2,+3.7,+4.0
2022-11-29 05:34,0,+21.6,+13.8,+15.7,+1.1,+2.2,+3.0,+3.2,+3.8,+4.0
2022-11-29 06:34,0,+21.6,+13.8,+15.7,+1.1,+2.2,+3.0,+3.2,+3.8,+4.0
2022-11-29 07:34,0,+21.6,+13.8,+15.7,+1.1,+2.2,+3.0,+3.2,+3.8,+4.0
2022-11-29 08:34,0,+21.5,+13.8,+15.7,+1.0,+2.2,+2.8,+3.2,+3.8,+4.0
2022-11-29 09:34,0,+21.5,+13.8,+15.7,+1.0,+2.2,+2.8,+3.2,+3.8,+4.0
2022-11-29 10:34,0,+21.5,+13.8,+15.7,+1.0,+2.2,+2.8,+3.2,+3.8,+4.0
2022-11-29 11:34,0,+21.5,+13.8,+15.7,+1.0,+2.2,+2.8,+3.2,+3.8,+4.0
2022-11-29 12:34,0,+21.5,+13.8,+15.6,+1.0,+2.2,+3.0,+3.2,+3.7,+4.0
2022-11-29 13:34,0,+21.4,+13.8,+15.6,+1.0,+2.2,+2.8,+3.2,+3.8,+4.0
2022-11-29 14:34,0,+21.4,+13.8,+15.6,+1.0,+2.1,+2.8,+3.2,+3.7,+4.0
2022-11-29 15:34,0,+21.4,+13.8,+15.6,+1.0,+2.2,+2.8,+3.1,+3.7,+4.0
2022-11-29 16:34,0,+21.4,+13.8,+15.6,+1.0,+2.2,+2.8,+3.2,+3.7,+4.0
2022-11-29 17:34,0,+21.4,+13.8,+15.6,+1.0,+2.1,+2.8,+3.2,+3.7,+4.0
2022-11-29 18:34,0,+21.4,+13.8,+15.6,+1.0,+2.1,+2.8,+3.2,+3.7,+4.0
2022-11-29 19:34,0,+21.4,+13.7,+15.6,+0.8,+2.1,+2.8,+3.1,+3.7,+4.0
2022-11-29 20:34,0,+21.4,+13.7,+15.6,+0.8,+2.1,+2.8,+3.2,+3.7,+3.8
2022-11-29 21:34,0,+21.3,+13.7,+15.6,+0.8,+2.1,+2.8,+3.1,+3.7,+4.0
2022-11-29 22:34,0,+21.3,+13.7,+15.6,+0.8,+2.0,+2.7,+3.1,+3.7,+4.0
2022-11-29 23:34,0,+21.3,+13.7,+15.6,+0.8,+2.0,+2.8,+3.1,+3.7,+3.8
2022-11-30 00:34,0,+21.3,+13.7,+15.6,+0.8,+2.1,+2.8,+3.1,+3.7,+3.8
2022-11-30 01:34,0,+21.3,+13.7,+15.6,+0.8,+2.0,+2.7,+3.1,+3.7,+3.8
2022-11-30 02:34,0,+21.3,+13.7,+15.6,+0.7,+2.0,+2.7,+3.1,+3.7,+4.0
2022-11-30 03:34,0,+21.2,+13.7,+15.6,+0.7,+2.0,+2.7,+3.1,+3.6,+3.8
2022-11-30 04:34,0,+21.2,+13.7,+15.5,+0.7,+2.0,+2.7,+3.1,+3.7,+3.8
2022-11-30 05:34,0,+21.2,+13.7,+15.5,+0.7,+2.0,+2.7,+3.1,+3.7,+3.8
2022-11-30 06:34,0,+21.2,+13.7,+15.5,+0.7,+2.0,+2.7,+3.1,+3.7,+3.8
2022-11-30 07:34,0,+21.2,+13.7,+15.5,+0.6,+2.0,+2.7,+3.1,+3.6,+3.8
2022-11-30 08:34,0,+21.1,+13.7,+15.5,+0.6,+2.0,+2.7,+3.0,+3.7,+3.8
2022-11-30 09:34,0,+21.1,+13.7,+15.5,+0.6,+2.0,+2.6,+3.1,+3.6,+3.8
2022-11-30 10:34,0,+21.1,+13.6,+15.5,+0.6,+2.0,+2.6,+3.1,+3.7,+3.8
2022-11-30 11:34,0,+21.0,+13.6,+15.5,+0.6,+1.8,+2.7,+3.1,+3.6,+3.8
2022-11-30 12:34,0,+21.0,+13.6,+15.5,+0.6,+1.8,+2.7,+3.0,+3.6,+3.7
2022-11-30 13:34,0,+21.0,+13.6,+15.5,+0.6,+1.8,+2.6,+3.0,+3.6,+3.8
2022-11-30 14:34,0,+21.0,+13.6,+15.5,+0.5,+1.8,+2.6,+3.0,+3.6,+3.8
2022-11-30 15:34,0,+20.9,+13.6,+15.5,+0.6,+1.8,+2.6,+3.0,+3.6,+3.8
2022-11-30 16:34,0,+20.9,+13.6,+15.4,+0.5,+1.8,+2.6,+3.1,+3.6,+3.7
2022-11-30 17:34,0,+20.9,+13.6,+15.4,+0.5,+1.8,+2.6,+3.0,+3.6,+3.7
2022-11-30 18:34,0,+20.8,+13.6,+15.4,+0.5,+1.8,+2.6,+3.0,+3.6,+3.8
2022-11-30 19:34,0,+20.8,+13.6,+15.4,+0.5,+1.8,+2.6,+2.8,+3.5,+3.7
2022-11-30 20:34,0,+20.8,+13.6,+15.4,+0.3,+1.7,+2.6,+2.8,+3.5,+3.7
2022-11-30 21:34,0,+20.8,+13.6,+15.4,+0.3,+1.7,+2.6,+3.0,+3.6,+3.7
2022-11-30 22:34,0,+20.8,+13.6,+15.4,+0.3,+1.7,+2.6,+3.0,+3.5,+3.7
2022-11-30 23:34,0,+20.7,+13.6,+15.4,+0.3,+1.7,+2.5,+3.0,+3.5,+3.7
2022-12-01 00:34,0,+20.7,+13.6,+15.4,+0.3,+1.7,+2.5,+2.8,+3.5,+3.7
2022-12-01 01:34,0,+20.6,+13.5,+15.4,+0.3,+1.7,+2.5,+2.8,+3.5,+3.7
2022-12-01 02:34,0,+20.6,+13.5,+15.4,+0.3,+1.7,+2.5,+2.8,+3.5,+3.7
2022-12-01 03:34,0,+20.5,+13.5,+15.4,+0.2,+1.7,+2.5,+2.8,+3.5,+3.7
2022-12-01 04:34,0,+20.5,+13.5,+15.4,+0.2,+1.6,+2.5,+2.8,+3.5,+3.7
2022-12-01 05:34,0,+20.4,+13.5,+15.4,+0.2,+1.6,+2.5,+2.8,+3.5,+3.7
2022-12-01 06:34,0,+20.4,+13.5,+15.3,+0.1,+1.6,+2.5,+2.8,+3.5,+3.7
2022-12-01 07:34,0,+20.3,+13.5,+15.3,+0.2,+1.7,+2.5,+2.7,+3.5,+3.7
2022-12-01 08:34,0,+20.3,+13.5,+15.3,+0.2,+1.6,+2.3,+2.7,+3.5,+3.6
2022-12-01 09:34,0,+20.2,+13.5,+15.3,+0.1,+1.6,+2.3,+2.8,+3.5,+3.6
2022-12-01 10:34,0,+20.2,+13.5,+15.3,+0.1,+1.6,+2.5,+2.7,+3.3,+3.6
2022-12-01 11:34,0,+20.2,+13.5,+15.3,+0.2,+1.6,+2.3,+2.7,+3.3,+3.6
2022-12-01 12:34,0,+20.2,+13.5,+15.3,+0.1,+1.5,+2.3,+2.7,+3.3,+3.6
2022-12-01 13:34,0,+20.2,+13.5,+15.3,+0.1,+1.6,+2.3,+2.7,+3.3,+3.6
2022-12-01 14:34,0,+20.2,+13.5,+15.3,+0.2,+1.5,+2.3,+2.7,+3.3,+3.6
2022-12-01 15:34,0,+20.2,+13.5,+15.3,+0.1,+1.5,+2.3,+2.7,+3.3,+3.6
2022-12-01 16:34,0,+20.2,+13.5,+15.3,+0.2,+1.6,+2.3,+2.7,+3.3,+3.6
2022-12-01 17:34,0,+20.2,+13.5,+15.3,+0.1,+1.5,+2.3,+2.7,+3.3,+3.6
2022-12-01 18:34,0,+20.1,+13.4,+15.3,+0.2,+1.5,+2.3,+2.7,+3.3,+3.6
2022-12-01 19:34,0,+20.1,+13.5,+15.2,+0.1,+1.5,+2.3,+2.7,+3.3,+3.6
2022-12-01 20:34,0,+20.1,+13.5,+15.2,+0.1,+1.5,+2.3,+2.7,+3.3,+3.6
2022-12-01 21:34,0,+20.1,+13.5,+15.2,+0.1,+1.5,+2.3,+2.7,+3.3,+3.5
2022-12-01 22:34,0,+20.1,+13.5,+15.2,+0.1,+1.5,+2.3,+2.6,+3.2,+3.6
2022-12-01 23:34,0,+20.1,+13.4,+15.2,+0.1,+1.5,+2.2,+2.7,+3.3,+3.5
2022-12-02 00:34,0,+20.1,+13.4,+15.2,+0.2,+1.5,+2.3,+2.7,+3.3,+3.5
2022-12-02 01:34,0,+20.1,+13.4,+15.2,+0.1,+1.5,+2.3,+2.6,+3.2,+3.5
2022-12-02 02:34,0,+20.1,+13.4,+15.2,+0.1,+1.5,+2.2,+2.6,+3.3,+3.5
2022-12-02 03:34,0,+20.1,+13.4,+15.2,+0.1,+1.5,+2.2,+2.6,+3.2,+3.5
2022-12-02 04:34,0,+20.1,+13.4,+15.2,+0.1,+1.5,+2.2,+2.6,+3.2,+3.6
2022-12-02 05:34,0,+20.1,+13.4,+15.2,+0.1,+1.5,+2.2,+2.6,+3.2,+3.5
2022-12-02 06:34,0,+20.1,+13.4,+15.2,+0.1,+1.5,+2.2,+2.6,+3.2,+3.5
2022-12-02 07:34,0,+20.1,+13.4,+15.2,+0.1,+1.5,+2.3,+2.6,+3.2,+3.5
2022-12-02 08:34,0,+20.1,+13.4,+15.2,+0.1,+1.5,+2.2,+2.6,+3.2,+3.5
2022-12-02 09:34,0,+20.1,+13.4,+15.2,+0.2,+1.5,+2.2,+2.6,+3.2,+3.5
2022-12-02 10:34,0,+20.1,+13.4,+15.2,+0.2,+1.5,+2.2,+2.6,+3.2,+3.5
2022-12-02 11:34,0,+20.1,+13.4,+15.2,+0.2,+1.3,+2.2,+2.6,+3.2,+3.5
2022-12-02 12:34,0,+20.1,+13.4,+15.2,+0.2,+1.5,+2.2,+2.6,+3.2,+3.5
2022-12-02 13:34,0,+20.1,+13.4,+15.2,+0.1,+1.3,+2.2,+2.6,+3.2,+3.5
2022-12-02 14:34,0,+20.1,+13.4,+15.2,+0.2,+1.5,+2.2,+2.6,+3.2,+3.5
2022-12-02 15:12,0,+20.1,+13.4,+15.1,+0.2,+1.5,+2.2,+2.6,+3.2,+3.5