
2024-06-19 08:25,1,+7.4,+3.2,+5.6,+14.3,+14.3,+13.9,+13.3,+12.5,+12.3
2024-06-19 09:25,1,+7.6,+3.6,+5.7,+14.3,+14.1,+13.5,+13.0,+12.3,+12.0
2024-06-19 10:25,1,+7.6,+3.6,+5.7,+14.3,+14.1,+13.5,+13.0,+12.3,+12.0
2024-06-19 11:25,1,+7.6,+3.6,+5.7,+14.3,+14.0,+13.4,+12.9,+12.3,+12.0
2024-06-19 12:25,1,+7.5,+3.6,+5.7,+14.3,+13.9,+13.4,+13.0,+12.1,+12.0
2024-06-19 13:25,1,+7.5,+3.6,+5.7,+14.5,+13.9,+13.3,+12.9,+12.1,+12.0
2024-06-19 14:25,1,+7.5,+3.6,+5.7,+14.5,+14.0,+13.3,+12.9,+12.1,+12.0
2024-06-19 15:25,1,+7.5,+3.6,+5.7,+14.6,+14.0,+13.3,+12.9,+12.1,+12.0
2024-06-19 16:25,1,+7.4,+3.6,+5.7,+14.8,+14.0,+13.3,+12.8,+12.1,+12.0
2024-06-19 17:25,1,+7.4,+3.6,+5.7,+14.8,+14.0,+13.3,+12.8,+12.1,+11.9
2024-06-19 18:25,1,+7.4,+3.6,+5.7,+14.9,+14.1,+13.3,+12.8,+12.1,+11.9
2024-06-19 19:25,1,+7.4,+3.6,+5.7,+14.9,+14.1,+13.3,+12.8,+12.1,+11.9
2024-06-19 20:25,1,+7.4,+3.6,+5.7,+14.8,+14.1,+13.3,+12.9,+12.1,+11.9
2024-06-19 21:25,1,+7.4,+3.6,+5.7,+14.8,+14.1,+13.3,+12.8,+12.1,+11.9
2024-06-19 22:25,1,+7.5,+3.6,+5.7,+14.5,+14.1,+13.3,+12.8,+12.1,+11.9
2024-06-19 23:25,1,+7.5,+3.6,+5.6,+14.4,+14.1,+13.3,+12.8,+12.1,+11.9
2024-06-20 00:25,1,+7.5,+3.7,+5.6,+14.1,+13.9,+13.4,+12.8,+12.1,+11.9
2024-06-20 01:25,1,+7.5,+3.6,+5.6,+14.0,+13.8,+13.3,+12.8,+12.1,+11.9
2024-06-20 02:25,1,+7.5,+3.6,+5.6,+13.9,+13.6,+13.1,+12.8,+12.1,+11.9
2024-06-20 03:25,1,+7.5,+3.6,+5.6,+13.6,+13.6,+13.1,+12.8,+12.1,+11.9
2024-06-20 04:25,1,+7.5,+3.6,+5.6,+13.4,+13.5,+13.0,+12.8,+12.1,+11.9
2024-06-20 05:25,1,+7.5,+3.6,+5.6,+13.4,+13.4,+13.0,+12.6,+12.1,+11.9
2024-06-20 06:25,1,+7.5,+3.6,+5.6,+13.3,+13.3,+13.0,+12.6,+12.0,+11.9
2024-06-20 07:25,1,+7.6,+3.6,+5.6,+13.1,+13.1,+12.9,+12.6,+12.0,+11.9
2024-06-20 08:25,1,+7.5,+3.6,+5.6,+13.1,+13.1,+12.8,+12.6,+12.0,+11.9
2024-06-20 09:25,1,+7.5,+3.6,+5.6,+13.1,+13.1,+12.8,+12.6,+12.0,+11.9
2024-06-20 10:25,1,+7.5,+3.6,+5.6,+13.4,+13.0,+12.8,+12.5,+12.0,+11.9
2024-06-20 11:25,1,+7.5,+3.6,+5.6,+13.4,+13.1,+12.6,+12.5,+12.0,+11.9
2024-06-20 12:25,1,+7.4,+3.6,+5.6,+13.5,+13.1,+12.6,+12.5,+12.0,+11.8
2024-06-20 13:25,1,+7.4,+3.6,+5.6,+13.8,+13.3,+12.6,+12.4,+11.9,+11.8
2024-06-20 14:25,1,+7.3,+3.6,+5.6,+13.9,+13.3,+12.8,+12.4,+11.9,+11.8
2024-06-20 15:25,1,+7.3,+3.6,+5.6,+14.0,+13.4,+12.8,+12.4,+12.0,+11.8
2024-06-20 16:25,1,+7.3,+3.6,+5.6,+14.1,+13.4,+12.6,+12.4,+11.9,+11.8
2024-06-20 17:25,1,+7.3,+3.6,+5.6,+14.3,+13.5,+12.8,+12.4,+11.9,+11.8
2024-06-20 18:25,1,+7.2,+3.6,+5.6,+14.4,+13.5,+12.8,+12.4,+11.9,+11.8
2024-06-20 19:25,1,+7.2,+3.6,+5.5,+14.4,+13.6,+12.8,+12.4,+11.9,+11.8
2024-06-20 20:25,1,+7.7,+3.6,+5.5,+14.3,+13.6,+12.8,+12.4,+11.9,+11.8
2024-06-20 21:25,1,+7.6,+3.6,+5.5,+14.3,+13.6,+12.8,+12.4,+11.9,+11.8
2024-06-20 22:25,1,+7.6,+3.7,+5.5,+14.1,+13.6,+12.9,+12.4,+11.9,+11.8
2024-06-20 23:25,1,+7.5,+3.6,+5.5,+14.0,+13.6,+12.9,+12.5,+11.9,+11.8
2024-06-21 00:25,1,+7.6,+3.7,+5.5,+13.9,+13.5,+12.9,+12.4,+11.9,+11.8
2024-06-21 01:25,1,+7.6,+3.7,+5.5,+13.8,+13.5,+12.9,+12.4,+11.9,+11.8
2024-06-21 02:25,1,+7.6,+3.7,+5.5,+13.6,+13.4,+12.9,+12.5,+11.9,+11.8
2024-06-21 03:25,1,+7.6,+3.7,+5.5,+13.5,+13.4,+12.8,+12.4,+11.9,+11.8
2024-06-21 04:25,1,+7.7,+3.7,+5.5,+13.3,+13.3,+12.8,+12.4,+11.9,+11.8
2024-06-21 05:25,1,+7.7,+3.7,+5.5,+13.3,+13.1,+12.8,+12.4,+11.9,+11.8
2024-06-21 06:25,1,+7.7,+3.7,+5.5,+13.1,+13.0,+12.8,+12.4,+11.9,+11.8
2024-06-21 07:25,1,+7.6,+3.7,+5.5,+13.0,+13.0,+12.6,+12.4,+11.9,+11.6
2024-06-21 08:25,1,+7.6,+3.7,+5.5,+13.0,+12.9,+12.6,+12.3,+11.9,+11.6
2024-06-21 09:25,1,+7.6,+3.7,+5.5,+13.0,+12.9,+12.5,+12.4,+11.9,+11.8
2024-06-21 10:25,1,+7.6,+3.7,+5.5,+13.1,+12.9,+12.5,+12.3,+11.9,+11.6
2024-06-21 11:25,1,+7.6,+3.7,+5.5,+13.4,+12.9,+12.4,+12.3,+11.8,+11.6
2024-06-21 12:25,1,+7.6,+3.7,+5.5,+13.6,+13.0,+12.5,+12.3,+11.8,+11.6
2024-06-21 13:25,1,+7.4,+3.7,+5.5,+14.0,+13.1,+12.5,+12.3,+11.8,+11.6
2024-06-21 14:25,1,+7.4,+3.7,+5.5,+14.3,+13.3,+12.5,+12.3,+11.8,+11.6
2024-06-21 15:25,1,+7.3,+3.7,+5.5,+14.6,+13.4,+12.5,+12.1,+11.8,+11.6
2024-06-21 16:25,1,+7.3,+3.7,+5.5,+14.8,+13.5,+12.6,+12.4,+11.8,+11.6
2024-06-21 17:25,1,+7.3,+3.7,+5.5,+14.8,+13.6,+12.6,+12.3,+11.8,+11.5
2024-06-21 18:25,1,+7.4,+3.7,+5.5,+14.9,+13.8,+12.8,+12.3,+11.8,+11.5
2024-06-21 19:25,1,+7.3,+3.7,+5.5,+15.0,+13.9,+12.8,+12.3,+11.8,+11.6
2024-06-21 20:25,1,+7.0,+3.7,+5.5,+15.0,+14.0,+12.9,+12.4,+11.8,+11.6
2024-06-21 21:25,1,+7.0,+3.7,+5.5,+15.0,+14.0,+12.9,+12.4,+11.8,+11.6
2024-06-21 22:25,1,+7.4,+3.7,+5.5,+14.9,+14.0,+12.9,+12.4,+11.8,+11.6
2024-06-21 23:25,1,+7.1,+3.7,+5.5,+14.8,+14.0,+13.0,+12.4,+11.8,+11.6
2024-06-22 00:25,1,+7.1,+3.7,+5.5,+14.8,+14.0,+13.0,+12.4,+11.8,+11.6
2024-06-22 01:25,1,+7.3,+3.7,+5.5,+14.6,+13.9,+13.0,+12.4,+11.8,+11.6
2024-06-22 02:25,1,+7.2,+3.7,+5.5,+14.5,+13.9,+13.0,+12.5,+11.8,+11.6
2024-06-22 03:25,1,+7.3,+3.8,+5.5,+14.4,+13.9,+13.0,+12.5,+11.9,+11.6
2024-06-22 04:25,1,+7.2,+3.8,+5.5,+14.3,+13.9,+13.0,+12.5,+11.9,+11.6
2024-06-22 05:25,1,+7.3,+3.8,+5.5,+14.3,+13.8,+12.9,+12.5,+11.9,+11.6
2024-06-22 06:25,1,+7.2,+3.8,+5.5,+14.1,+13.6,+13.0,+12.5,+11.9,+11.6
2024-06-22 07:25,1,+7.2,+3.8,+5.5,+14.1,+13.6,+13.0,+12.4,+11.9,+11.8
2024-06-22 08:25,1,+7.2,+3.8,+5.5,+14.1,+13.6,+12.9,+12.5,+11.9,+11.6
2024-06-22 09:25,1,+7.2,+3.8,+5.5,+14.1,+13.6,+13.0,+12.4,+11.9,+11.8
2024-06-22 10:25,1,+7.5,+3.8,+5.5,+14.1,+13.6,+12.9,+12.5,+11.9,+11.6
2024-06-22 11:25,1,+7.3,+3.8,+5.5,+14.4,+13.6,+12.9,+12.5,+11.9,+11.8
2024-06-22 12:25,1,+7.2,+3.8,+5.5,+14.5,+13.6,+12.9,+12.4,+11.9,+11.8
2024-06-22 13:25,1,+7.2,+3.8,+5.5,+14.6,+13.8,+12.9,+12.4,+11.9,+11.6
2024-06-22 14:25,1,+7.2,+3.8,+5.5,+14.6,+13.8,+12.9,+12.5,+11.9,+11.6
2024-06-22 15:25,1,+7.5,+3.8,+5.5,+14.6,+13.9,+12.9,+12.4,+11.9,+11.6
2024-06-22 16:25,1,+7.6,+3.8,+5.5,+14.8,+13.9,+13.0,+12.5,+11.9,+11.6
2024-06-22 17:25,1,+7.5,+3.8,+5.5,+14.6,+13.9,+13.0,+12.5,+11.9,+11.8
2024-06-22 18:25,1,+7.6,+3.8,+5.5,+14.6,+14.0,+13.0,+12.5,+11.9,+11.8
2024-06-22 19:25,1,+7.6,+3.8,+5.5,+14.6,+13.9,+13.0,+12.5,+11.9,+11.6
2024-06-22 20:25,1,+7.6,+3.9,+5.5,+14.6,+13.9,+13.0,+12.5,+11.9,+11.6
2024-06-22 21:25,1,+7.7,+3.9,+5.5,+14.5,+13.9,+13.0,+12.5,+11.9,+11.6
2024-06-22 22:25,1,+7.7,+3.9,+5.5,+14.5,+13.9,+13.0,+12.6,+12.0,+11.8
2024-06-22 23:25,1,+7.7,+3.9,+5.5,+14.4,+13.9,+13.1,+12.5,+11.9,+11.8
2024-06-23 00:25,1,+8.0,+3.9,+5.5,+14.3,+13.8,+13.0,+12.5,+11.9,+11.8
2024-06-23 01:25,1,+7.9,+3.9,+5.5,+14.1,+13.8,+13.0,+12.6,+11.9,+11.8
2024-06-23 02:25,1,+7.9,+3.9,+5.5,+14.0,+13.6,+13.0,+12.6,+11.9,+11.8
2024-06-23 03:25,1,+7.9,+3.9,+5.5,+13.9,+13.6,+12.9,+12.6,+11.9,+11.8
2024-06-23 04:25,1,+8.0,+3.9,+5.5,+13.8,+13.5,+12.9,+12.6,+11.9,+11.8
2024-06-23 05:25,1,+9.0,+3.9,+5.5,+13.5,+13.4,+12.9,+12.5,+12.0,+11.8
2024-06-23 06:25,1,+8.6,+4.0,+5.5,+13.5,+13.4,+12.9,+12.5,+11.9,+11.8
2024-06-23 07:25,1,+8.6,+4.0,+5.6,+13.4,+13.3,+12.9,+12.5,+12.0,+11.8
2024-06-23 08:25,1,+8.7,+4.0,+5.6,+13.4,+13.1,+12.8,+12.5,+11.9,+11.8
2024-06-23 09:25,1,+8.7,+4.1,+5.6,+13.4,+13.1,+12.8,+12.4,+11.9,+11.8
2024-06-23 10:25,1,+8.5,+4.1,+5.6,+13.5,+13.1,+12.8,+12.4,+11.9,+11.8
2024-06-23 11:25,1,+8.9,+4.1,+5.6,+13.8,+13.1,+12.6,+12.4,+12.0,+11.8
2024-06-23 12:25,1,+8.7,+4.1,+5.6,+14.0,+13.3,+12.6,+12.4,+11.9,+11.8
2024-06-23 13:25,1,+8.4,+4.1,+5.6,+14.5,+13.4,+12.8,+12.4,+11.9,+11.8
2024-06-23 14:25,1,+8.3,+4.1,+5.6,+14.8,+13.6,+12.8,+12.4,+11.9,+11.8
2024-06-23 15:25,1,+8.3,+4.1,+5.6,+15.0,+13.9,+12.8,+12.4,+11.9,+11.8
2024-06-23 16:25,1,+8.3,+4.1,+5.7,+15.3,+14.0,+12.9,+12.4,+11.9,+11.8
2024-06-23 17:25,1,+8.3,+4.1,+5.7,+15.4,+14.1,+12.9,+12.4,+11.9,+11.8
2024-06-23 18:25,1,+8.3,+4.2,+5.7,+15.5,+14.3,+13.0,+12.4,+11.9,+11.8
2024-06-23 19:25,1,+8.2,+4.2,+5.7,+15.6,+14.4,+13.1,+12.4,+11.9,+11.8
2024-06-23 20:25,1,+8.3,+4.2,+5.7,+15.5,+14.4,+13.1,+12.5,+11.9,+11.8
2024-06-23 21:25,1,+8.3,+4.2,+5.7,+15.4,+14.4,+13.3,+12.5,+11.9,+11.8
2024-06-23 22:25,1,+8.3,+4.2,+5.7,+15.3,+14.4,+13.3,+12.6,+11.9,+11.8
2024-06-23 23:25,1,+8.2,+4.2,+5.7,+15.1,+14.4,+13.4,+12.6,+11.9,+11.8
2024-06-24 00:25,1,+8.2,+4.2,+5.7,+15.0,+14.4,+13.3,+12.6,+12.0,+11.8
2024-06-24 01:25,1,+8.2,+4.2,+5.7,+14.8,+14.3,+13.4,+12.6,+12.0,+11.8
2024-06-24 02:25,1,+8.2,+4.2,+5.7,+14.6,+14.1,+13.3,+12.6,+12.0,+11.8
2024-06-24 03:25,1,+8.2,+4.2,+5.7,+14.4,+14.0,+13.3,+12.6,+12.0,+11.8
2024-06-24 04:25,1,+8.2,+4.3,+5.7,+14.3,+13.9,+13.3,+12.6,+12.0,+11.9
2024-06-24 05:25,1,+8.2,+4.3,+5.8,+14.1,+13.9,+13.3,+12.8,+12.0,+11.9
2024-06-24 06:25,1,+8.2,+4.3,+5.7,+14.0,+13.8,+13.1,+12.6,+12.0,+11.9
2024-06-24 07:25,1,+8.5,+4.3,+5.7,+13.9,+13.6,+13.1,+12.6,+12.0,+11.9
2024-06-24 08:25,1,+8.3,+4.3,+5.8,+13.9,+13.6,+13.1,+12.6,+12.0,+11.9
2024-06-24 09:25,1,+8.3,+4.3,+5.8,+14.0,+13.6,+13.1,+12.6,+12.1,+11.9
2024-06-24 10:25,1,+8.2,+4.3,+5.8,+14.3,+13.6,+13.0,+12.6,+12.0,+11.9
2024-06-24 11:25,1,+8.4,+4.3,+5.8,+14.4,+13.6,+12.9,+12.6,+12.0,+11.9
2024-06-24 12:25,1,+8.1,+4.3,+5.8,+14.6,+13.8,+13.0,+12.6,+12.0,+11.9
2024-06-24 13:25,1,+8.1,+4.3,+5.8,+14.8,+13.9,+13.0,+12.6,+12.0,+11.9
2024-06-24 14:25,1,+8.0,+4.3,+5.8,+14.9,+14.0,+13.0,+12.6,+12.0,+11.9
2024-06-24 15:25,1,+8.0,+4.3,+5.8,+15.1,+14.0,+13.1,+12.6,+12.0,+11.9
2024-06-24 16:25,1,+8.4,+4.3,+5.8,+15.4,+14.3,+13.1,+12.6,+12.0,+11.9
2024-06-24 17:25,1,+8.4,+4.3,+5.8,+15.6,+14.3,+13.1,+12.6,+12.0,+11.9
2024-06-24 18:25,1,+8.5,+4.3,+5.8,+15.9,+14.5,+13.3,+12.6,+12.0,+11.9
2024-06-24 19:25,1,+8.3,+4.3,+5.8,+16.0,+14.6,+13.3,+12.6,+12.0,+11.9
2024-06-24 20:25,1,+8.3,+4.3,+5.8,+16.1,+14.8,+13.4,+12.8,+12.0,+11.9
2024-06-24 21:25,1,+8.1,+4.3,+5.8,+16.0,+14.9,+13.5,+12.8,+12.0,+11.9
2024-06-24 22:25,1,+8.1,+4.4,+5.8,+16.0,+14.9,+13.5,+12.8,+12.0,+11.9
2024-06-24 23:25,1,+8.2,+4.4,+5.8,+15.9,+14.9,+13.6,+12.9,+12.1,+11.9
2024-06-25 00:25,1,+8.2,+4.4,+5.8,+15.9,+14.9,+13.6,+12.9,+12.1,+11.9
2024-06-25 01:25,1,+8.5,+4.4,+5.8,+15.8,+14.9,+13.6,+12.9,+12.1,+11.9
2024-06-25 02:25,1,+8.4,+4.3,+5.8,+15.6,+14.8,+13.6,+13.0,+12.1,+11.9
2024-06-25 03:25,1,+8.5,+4.4,+5.8,+15.5,+14.8,+13.8,+12.9,+12.1,+11.9
2024-06-25 04:25,1,+8.5,+4.4,+5.8,+15.4,+14.8,+13.8,+13.0,+12.1,+12.0
2024-06-25 05:25,1,+8.4,+4.4,+5.8,+15.1,+14.6,+13.6,+12.9,+12.3,+12.0
2024-06-25 06:25,1,+8.4,+4.4,+5.8,+15.0,+14.5,+13.6,+13.0,+12.3,+12.0
2024-06-25 07:25,1,+8.9,+4.4,+5.9,+15.0,+14.5,+13.6,+13.0,+12.3,+12.1
2024-06-25 08:25,1,+8.8,+4.4,+5.8,+14.9,+14.4,+13.6,+13.0,+12.3,+12.0
2024-06-25 09:25,1,+8.8,+4.4,+5.8,+15.0,+14.4,+13.6,+13.0,+12.4,+12.0
2024-06-25 10:25,1,+8.7,+4.4,+5.9,+15.1,+14.4,+13.5,+13.0,+12.3,+12.1
2024-06-25 11:25,1,+8.8,+4.4,+5.8,+15.4,+14.5,+13.5,+13.0,+12.3,+12.1
2024-06-25 12:25,1,+8.7,+4.4,+5.9,+15.6,+14.5,+13.6,+13.0,+12.3,+12.0
2024-06-25 13:25,1,+8.7,+4.5,+5.8,+15.9,+14.6,+13.5,+13.0,+12.3,+12.1
2024-06-25 14:25,1,+8.7,+4.5,+5.9,+16.1,+14.8,+13.6,+13.0,+12.3,+12.1
2024-06-25 15:25,1,+8.7,+4.5,+5.8,+16.3,+14.9,+13.6,+12.9,+12.3,+12.0
2024-06-25 16:25,1,+8.4,+4.5,+5.8,+16.4,+15.0,+13.6,+12.9,+12.3,+12.0
2024-06-25 17:25,1,+8.4,+4.5,+5.9,+16.5,+15.1,+13.8,+12.9,+12.3,+12.0
2024-06-25 18:25,1,+8.4,+4.5,+5.9,+16.5,+15.1,+13.8,+13.0,+12.3,+12.1
2024-06-25 19:25,1,+8.3,+4.5,+5.9,+16.5,+15.3,+13.9,+13.0,+12.3,+12.1
2024-06-25 20:25,1,+8.3,+4.5,+5.9,+16.4,+15.3,+13.9,+13.1,+12.4,+12.1
2024-06-25 21:25,1,+8.3,+4.5,+5.9,+16.3,+15.3,+14.0,+13.1,+12.4,+12.1
2024-06-25 22:25,1,+8.4,+4.5,+5.9,+16.1,+15.3,+14.0,+13.1,+12.4,+12.1
2024-06-25 23:25,1,+8.3,+4.5,+5.8,+16.0,+15.1,+14.0,+13.3,+12.4,+12.1
2024-06-26 00:25,1,+8.3,+4.5,+5.9,+15.8,+15.1,+14.0,+13.3,+12.4,+12.1
2024-06-26 01:25,1,+8.2,+4.5,+5.9,+15.6,+15.0,+14.0,+13.3,+12.4,+12.3
2024-06-26 02:25,1,+8.2,+4.5,+5.9,+15.5,+15.0,+13.9,+13.3,+12.5,+12.3
2024-06-26 03:25,1,+8.3,+4.5,+5.8,+15.4,+14.9,+14.0,+13.3,+12.4,+12.3
2024-06-26 04:25,1,+8.3,+4.5,+5.8,+15.3,+14.8,+14.0,+13.3,+12.5,+12.3
2024-06-26 05:25,1,+8.4,+4.5,+5.8,+15.1,+14.8,+13.9,+13.3,+12.5,+12.3
2024-06-26 06:25,1,+8.3,+4.5,+5.8,+15.0,+14.6,+13.9,+13.3,+12.5,+12.3
2024-06-26 07:25,1,+8.3,+4.5,+5.8,+14.9,+14.5,+13.9,+13.3,+12.5,+12.3
2024-06-26 08:25,1,+8.5,+4.5,+5.8,+14.8,+14.5,+13.8,+13.3,+12.5,+12.3
2024-06-26 09:25,1,+8.2,+4.5,+5.8,+14.6,+14.4,+13.8,+13.3,+12.5,+12.3
2024-06-26 10:25,1,+8.4,+4.5,+5.8,+14.6,+14.4,+13.8,+13.1,+12.5,+12.3
2024-06-26 11:25,1,+8.5,+4.5,+5.8,+14.6,+14.3,+13.6,+13.1,+12.5,+12.3
2024-06-26 12:25,1,+8.5,+4.5,+5.8,+14.8,+14.3,+13.6,+13.1,+12.5,+12.3
2024-06-26 13:25,1,+8.4,+4.5,+5.8,+14.8,+14.3,+13.5,+13.1,+12.5,+12.4
2024-06-26 14:25,1,+8.4,+4.5,+5.8,+14.8,+14.3,+13.5,+13.1,+12.5,+12.3
2024-06-26 15:25,1,+8.4,+4.5,+5.8,+14.8,+14.3,+13.5,+13.1,+12.5,+12.3
2024-06-26 16:25,1,+8.8,+4.5,+5.8,+14.8,+14.3,+13.5,+13.1,+12.5,+12.3
2024-06-26 17:25,1,+8.3,+4.5,+5.8,+14.8,+14.3,+13.5,+13.1,+12.5,+12.3
2024-06-26 18:25,1,+8.2,+4.5,+5.8,+14.8,+14.3,+13.5,+13.0,+12.4,+12.3
2024-06-26 19:25,1,+8.3,+4.5,+5.8,+14.8,+14.3,+13.5,+13.0,+12.4,+12.3
2024-06-26 20:25,1,+8.3,+4.5,+5.8,+14.6,+14.3,+13.5,+13.0,+12.5,+12.3
2024-06-26 21:25,1,+8.3,+4.5,+5.8,+14.6,+14.3,+13.5,+13.0,+12.5,+12.3
2024-06-26 22:25,1,+8.3,+4.5,+5.8,+14.4,+14.1,+13.4,+13.0,+12.4,+12.3
2024-06-26 23:25,1,+8.5,+4.5,+5.8,+14.3,+14.0,+13.5,+13.0,+12.4,+12.3
2024-06-27 00:25,1,+8.5,+4.5,+5.8,+14.0,+14.0,+13.4,+13.0,+12.4,+12.3
2024-06-27 01:25,1,+8.5,+4.5,+5.8,+13.8,+13.9,+13.4,+13.0,+12.4,+12.3
2024-06-27 02:25,1,+8.5,+4.5,+5.8,+13.5,+13.6,+13.4,+13.0,+12.4,+12.3
2024-06-27 03:25,1,+8.5,+4.5,+5.7,+13.3,+13.5,+13.3,+13.0,+12.4,+12.3
2024-06-27 04:25,1,+8.5,+4.5,+5.7,+13.1,+13.4,+13.1,+12.9,+12.4,+12.1
2024-06-27 05:25,1,+8.5,+4.5,+5.7,+13.0,+13.3,+13.1,+12.9,+12.4,+12.3
2024-06-27 06:25,1,+8.5,+4.5,+5.7,+12.8,+13.1,+13.1,+12.9,+12.4,+12.3
2024-06-27 07:25,1,+8.5,+4.5,+5.7,+12.6,+13.0,+12.9,+12.8,+12.4,+12.1
2024-06-27 08:25,1,+8.5,+4.5,+5.7,+12.6,+13.0,+12.8,+12.8,+12.4,+12.1
2024-06-27 09:25,1,+8.5,+4.5,+5.7,+12.6,+12.8,+12.8,+12.8,+12.3,+12.1
2024-06-27 10:25,1,+8.4,+4.5,+5.7,+12.9,+12.8,+12.8,+12.6,+12.3,+12.1
2024-06-27 11:25,1,+8.4,+4.5,+5.7,+13.1,+12.9,+12.6,+12.6,+12.3,+12.1
2024-06-27 12:25,1,+8.3,+4.4,+5.6,+13.4,+12.9,+12.6,+12.5,+12.3,+12.1
2024-06-27 13:25,1,+8.3,+4.4,+5.6,+13.6,+13.0,+12.6,+12.6,+12.3,+12.1
2024-06-27 14:25,1,+8.2,+4.4,+5.6,+13.9,+13.1,+12.6,+12.5,+12.1,+12.0
2024-06-27 15:25,1,+8.2,+4.4,+5.6,+14.0,+13.3,+12.6,+12.6,+12.1,+12.0
2024-06-27 16:25,1,+8.2,+4.4,+5.6,+14.3,+13.4,+12.8,+12.5,+12.1,+12.0
2024-06-27 17:25,1,+8.2,+4.4,+5.6,+14.3,+13.5,+12.8,+12.5,+12.1,+12.0
2024-06-27 18:25,1,+8.2,+4.4,+5.6,+14.4,+13.6,+12.8,+12.5,+12.1,+12.0
2024-06-27 19:25,1,+8.2,+4.4,+5.6,+14.5,+13.6,+12.9,+12.6,+12.1,+12.0
2024-06-27 20:25,1,+8.1,+4.4,+5.6,+14.5,+13.8,+12.9,+12.5,+12.1,+12.0
2024-06-27 21:25,1,+8.2,+4.4,+5.6,+14.5,+13.8,+12.9,+12.5,+12.1,+12.0
2024-06-27 22:25,1,+8.2,+4.4,+5.6,+14.4,+13.8,+13.0,+12.6,+12.1,+12.0
2024-06-27 23:25,1,+8.2,+4.4,+5.6,+14.4,+13.8,+13.0,+12.6,+12.1,+12.0
2024-06-28 00:25,1,+8.2,+4.4,+5.6,+14.3,+13.8,+13.0,+12.6,+12.1,+12.0
2024-06-28 01:25,1,+8.2,+4.4,+5.6,+14.3,+13.8,+13.0,+12.6,+12.1,+12.0
2024-06-28 02:25,1,+8.2,+4.4,+5.6,+14.1,+13.8,+13.0,+12.6,+12.1,+11.9
2024-06-28 03:25,1,+8.2,+4.4,+5.6,+14.1,+13.6,+13.0,+12.6,+12.1,+12.0
2024-06-28 04:25,1,+8.5,+4.4,+5.6,+14.0,+13.6,+13.0,+12.6,+12.1,+12.0
2024-06-28 05:25,1,+8.5,+4.4,+5.6,+14.0,+13.6,+13.0,+12.6,+12.1,+12.0
2024-06-28 06:25,1,+8.7,+4.4,+5.6,+14.1,+13.6,+13.0,+12.6,+12.1,+12.0
2024-06-28 07:25,1,+8.9,+4.4,+5.6,+14.1,+13.6,+13.0,+12.6,+12.1,+12.0
2024-06-28 08:25,1,+12.2,+4.5,+5.6,+14.3,+13.6,+13.0,+12.6,+12.1,+12.0
2024-06-28 09:25,1,+11.4,+4.5,+5.6,+14.4,+13.8,+13.0,+12.6,+12.1,+12.0
2024-06-28 10:25,1,+11.0,+4.6,+5.6,+14.4,+13.8,+13.0,+12.6,+12.1,+12.0
2024-06-28 11:25,1,+10.9,+4.8,+5.7,+14.4,+13.9,+13.0,+12.6,+12.1,+12.0
2024-06-28 12:25,1,+10.8,+4.9,+5.7,+14.5,+13.9,+13.0,+12.6,+12.1,+12.0
2024-06-28 13:25,1,+10.7,+4.9,+5.8,+14.6,+13.9,+13.1,+12.8,+12.1,+12.0
2024-06-28 14:25,1,+10.6,+5.0,+5.8,+14.8,+13.9,+13.1,+12.8,+12.1,+12.0
2024-06-28 15:25,1,+10.6,+5.0,+5.8,+14.9,+14.0,+13.3,+12.8,+12.1,+12.0
2024-06-28 16:25,1,+10.5,+5.0,+5.9,+15.1,+14.1,+13.3,+12.8,+12.1,+12.0
2024-06-28 17:25,1,+10.4,+5.0,+5.9,+15.4,+14.3,+13.3,+12.8,+12.3,+12.0
2024-06-28 18:25,1,+10.4,+5.1,+6.0,+15.6,+14.4,+13.3,+12.8,+12.1,+12.0
2024-06-28 19:25,1,+10.4,+5.1,+6.0,+15.8,+14.5,+13.4,+12.8,+12.1,+12.0
2024-06-28 20:25,1,+10.3,+5.1,+6.0,+15.8,+14.6,+13.4,+12.9,+12.1,+12.0
2024-06-28 21:25,1,+10.3,+5.1,+6.1,+15.8,+14.8,+13.5,+12.9,+12.1,+12.0
2024-06-28 22:25,1,+10.3,+5.1,+6.1,+15.6,+14.8,+13.5,+12.9,+12.3,+12.1
2024-06-28 23:25,1,+10.3,+5.2,+6.1,+15.6,+14.8,+13.6,+12.9,+12.3,+12.1
2024-06-29 00:25,1,+10.2,+5.2,+6.1,+15.5,+14.8,+13.6,+13.0,+12.3,+12.1
2024-06-29 01:25,1,+10.4,+5.2,+6.1,+15.4,+14.6,+13.6,+13.0,+12.3,+12.1
2024-06-29 02:25,1,+10.5,+5.2,+6.1,+15.3,+14.6,+13.6,+13.0,+12.4,+12.1
2024-06-29 03:25,1,+10.5,+5.2,+6.2,+15.1,+14.6,+13.6,+13.0,+12.4,+12.1
2024-06-29 04:25,1,+10.5,+5.3,+6.2,+14.9,+14.5,+13.6,+13.0,+12.4,+12.1
2024-06-29 05:25,1,+10.5,+5.3,+6.2,+14.9,+14.5,+13.8,+13.0,+12.4,+12.3
2024-06-29 06:25,1,+10.4,+5.3,+6.2,+14.6,+14.4,+13.6,+13.1,+12.4,+12.3
2024-06-29 07:25,1,+10.4,+5.3,+6.2,+14.6,+14.3,+13.6,+13.0,+12.4,+12.1
2024-06-29 08:25,1,+10.4,+5.3,+6.2,+14.5,+14.3,+13.5,+13.0,+12.4,+12.3
2024-06-29 09:25,1,+10.4,+5.3,+6.3,+14.4,+14.1,+13.5,+13.0,+12.4,+12.3
2024-06-29 10:25,1,+10.4,+5.3,+6.3,+14.3,+14.1,+13.4,+13.1,+12.4,+12.3
2024-06-29 11:25,1,+10.3,+5.3,+6.3,+14.3,+14.0,+13.5,+13.0,+12.4,+12.3
2024-06-29 12:25,1,+10.3,+5.3,+6.3,+14.1,+13.9,+13.4,+13.0,+12.4,+12.3
2024-06-29 13:25,1,+10.3,+5.3,+6.3,+14.3,+13.9,+13.4,+13.0,+12.4,+12.3
2024-06-29 14:25,1,+10.2,+5.3,+6.3,+14.1,+13.9,+13.3,+13.0,+12.4,+12.3
2024-06-29 15:25,1,+10.2,+5.3,+6.3,+14.3,+13.9,+13.3,+13.0,+12.4,+12.3
2024-06-29 16:25,1,+10.1,+5.3,+6.3,+14.3,+13.9,+13.3,+13.0,+12.4,+12.3
2024-06-29 17:25,1,+10.7,+5.3,+6.3,+14.3,+13.9,+13.3,+13.0,+12.4,+12.3
2024-06-29 18:25,1,+10.6,+5.3,+6.3,+14.4,+13.9,+13.3,+13.0,+12.4,+12.3
2024-06-29 19:25,1,+10.7,+5.3,+6.4,+14.4,+13.9,+13.3,+12.9,+12.4,+12.3
2024-06-29 20:25,1,+10.7,+5.3,+6.4,+14.3,+13.9,+13.3,+12.9,+12.4,+12.3
2024-06-29 21:25,1,+10.7,+5.3,+6.4,+14.1,+13.9,+13.3,+12.9,+12.4,+12.3
2024-06-29 22:25,1,+10.7,+5.3,+6.4,+14.0,+13.8,+13.3,+12.9,+12.4,+12.3
2024-06-29 23:25,1,+10.8,+5.3,+6.3,+13.8,+13.8,+13.3,+13.0,+12.4,+12.3
2024-06-30 00:25,1,+10.8,+5.3,+6.3,+13.5,+13.6,+13.1,+12.9,+12.4,+12.3
2024-06-30 01:25,1,+10.8,+5.3,+6.3,+13.3,+13.4,+13.1,+12.9,+12.3,+12.3
2024-06-30 02:25,1,+11.1,+5.3,+6.3,+13.0,+13.4,+13.0,+12.9,+12.4,+12.3
2024-06-30 03:25,1,+10.9,+5.3,+6.3,+12.8,+13.1,+13.0,+12.9,+12.4,+12.3
2024-06-30 04:25,1,+10.7,+5.3,+6.3,+12.5,+13.0,+12.9,+12.8,+12.3,+12.1
2024-06-30 05:25,1,+10.5,+5.3,+6.3,+12.4,+12.9,+12.9,+12.8,+12.4,+12.3
2024-06-30 06:25,1,+10.5,+5.3,+6.3,+12.1,+12.8,+12.8,+12.8,+12.3,+12.1
2024-06-30 07:25,1,+10.8,+5.3,+6.3,+12.0,+12.6,+12.6,+12.8,+12.4,+12.1
2024-06-30 08:25,1,+10.7,+5.2,+6.3,+12.0,+12.5,+12.6,+12.6,+12.3,+12.1
2024-06-30 09:25,1,+10.7,+5.2,+6.3,+12.1,+12.4,+12.5,+12.5,+12.3,+12.1
2024-06-30 10:25,1,+10.6,+5.2,+6.3,+12.4,+12.4,+12.4,+12.5,+12.3,+12.1
2024-06-30 11:25,1,+10.3,+5.2,+6.3,+12.6,+12.4,+12.4,+12.5,+12.1,+12.1
2024-06-30 12:25,1,+10.2,+5.2,+6.3,+12.9,+12.5,+12.4,+12.5,+12.1,+12.0
2024-06-30 13:25,1,+10.1,+5.2,+6.3,+13.4,+12.8,+12.4,+12.4,+12.1,+12.1
2024-06-30 14:25,1,+10.1,+5.2,+6.3,+13.8,+12.9,+12.4,+12.4,+12.1,+12.0
2024-06-30 15:25,1,+10.3,+5.2,+6.3,+13.9,+13.0,+12.4,+12.4,+12.1,+12.0
2024-06-30 16:25,1,+10.4,+5.2,+6.3,+14.1,+13.1,+12.5,+12.4,+12.0,+12.0
2024-06-30 17:25,1,+10.0,+5.2,+6.3,+14.3,+13.4,+12.6,+12.4,+12.1,+12.0
2024-06-30 18:25,1,+10.0,+5.2,+6.3,+14.4,+13.4,+12.6,+12.5,+12.0,+12.0
2024-06-30 19:25,1,+10.0,+5.2,+6.3,+14.5,+13.5,+12.6,+12.4,+12.0,+12.0
2024-06-30 20:25,1,+10.2,+5.2,+6.3,+14.5,+13.6,+12.8,+12.4,+12.0,+11.9
2024-06-30 21:25,1,+10.5,+5.2,+6.2,+14.4,+13.6,+12.8,+12.4,+12.0,+11.9
2024-06-30 22:25,1,+10.5,+5.2,+6.2,+14.1,+13.6,+12.8,+12.5,+12.0,+11.9
2024-06-30 23:25,1,+10.2,+5.2,+6.2,+14.0,+13.6,+12.9,+12.5,+12.0,+11.9
2024-07-01 00:25,1,+10.3,+5.2,+6.2,+13.9,+13.5,+12.9,+12.5,+12.1,+11.9
2024-07-01 01:25,1,+10.5,+5.2,+6.2,+13.6,+13.5,+12.9,+12.5,+12.0,+11.9
2024-07-01 02:25,1,+10.5,+5.2,+6.2,+13.5,+13.4,+12.9,+12.5,+12.1,+12.0
2024-07-01 03:25,1,+10.6,+5.2,+6.2,+13.3,+13.3,+12.8,+12.5,+12.1,+12.0
2024-07-01 04:25,1,+10.6,+5.2,+6.2,+13.1,+13.1,+12.8,+12.5,+12.1,+12.0
2024-07-01 05:25,1,+10.6,+5.2,+6.2,+13.0,+13.1,+12.8,+12.5,+12.1,+12.0
2024-07-01 06:25,1,+10.7,+5.2,+6.2,+12.9,+13.0,+12.6,+12.5,+12.0,+11.9
2024-07-01 07:25,1,+10.7,+5.2,+6.2,+12.9,+12.9,+12.6,+12.5,+12.0,+12.0
2024-07-01 08:25,1,+10.6,+5.2,+6.1,+12.9,+12.9,+12.6,+12.5,+12.0,+11.9
2024-07-01 09:25,1,+10.7,+5.2,+6.1,+12.9,+12.8,+12.5,+12.5,+12.0,+11.9
2024-07-01 10:25,1,+10.6,+5.2,+6.1,+13.1,+12.9,+12.5,+12.5,+12.0,+11.9
2024-07-01 11:25,1,+10.6,+5.2,+6.1,+13.4,+12.9,+12.5,+12.4,+12.0,+11.9
2024-07-01 12:25,1,+10.7,+5.2,+6.1,+13.6,+13.0,+12.5,+12.4,+12.0,+11.9
2024-07-01 13:25,1,+10.8,+5.2,+6.1,+14.0,+13.1,+12.5,+12.4,+12.0,+11.9
2024-07-01 14:25,1,+10.7,+5.2,+6.1,+14.4,+13.3,+12.5,+12.4,+12.0,+11.9
2024-07-01 15:25,1,+10.7,+5.2,+6.1,+14.6,+13.5,+12.6,+12.4,+12.0,+11.9
2024-07-01 16:25,1,+10.6,+5.2,+6.1,+14.6,+13.6,+12.8,+12.4,+12.0,+11.9
2024-07-01 17:25,1,+10.7,+5.2,+6.1,+14.6,+13.6,+12.8,+12.4,+12.0,+11.9
2024-07-01 18:25,1,+10.7,+5.2,+6.1,+14.6,+13.8,+12.8,+12.5,+12.0,+11.9
2024-07-01 19:25,1,+10.8,+5.2,+6.1,+14.5,+13.8,+12.9,+12.5,+12.0,+11.9
2024-07-01 20:25,1,+11.0,+5.2,+6.1,+14.4,+13.8,+12.9,+12.4,+12.0,+11.9
2024-07-01 21:25,1,+11.0,+5.1,+6.1,+14.4,+13.8,+12.9,+12.5,+12.0,+11.9
2024-07-01 22:25,1,+11.0,+5.1,+6.1,+14.3,+13.8,+13.0,+12.5,+12.0,+11.9
2024-07-01 23:25,1,+10.6,+5.1,+6.1,+14.1,+13.8,+13.0,+12.5,+12.0,+11.9
2024-07-02 00:25,1,+10.8,+5.1,+6.1,+14.1,+13.6,+13.0,+12.5,+12.0,+11.9
2024-07-02 01:25,1,+10.9,+5.1,+6.1,+14.1,+13.6,+12.9,+12.6,+12.0,+11.9
2024-07-02 02:25,1,+10.9,+5.2,+6.1,+14.0,+13.6,+13.0,+12.6,+12.0,+11.9
2024-07-02 03:25,1,+11.1,+5.2,+6.1,+13.9,+13.5,+12.9,+12.6,+12.0,+11.9
2024-07-02 04:25,1,+11.1,+5.2,+6.1,+13.8,+13.5,+12.9,+12.6,+12.0,+11.9
2024-07-02 05:25,1,+11.3,+5.2,+6.1,+13.6,+13.5,+12.9,+12.5,+12.1,+12.0
2024-07-02 06:25,1,+10.8,+5.2,+6.1,+13.5,+13.4,+12.9,+12.6,+12.1,+12.0
2024-07-02 07:25,1,+11.1,+5.2,+6.1,+13.5,+13.3,+12.9,+12.5,+12.1,+11.9
2024-07-02 08:25,1,+11.3,+5.2,+6.1,+13.4,+13.3,+12.8,+12.6,+12.1,+12.0
2024-07-02 09:25,1,+11.2,+5.2,+6.1,+13.5,+13.3,+12.8,+12.5,+12.0,+11.9
2024-07-02 10:25,1,+11.0,+5.2,+6.1,+13.5,+13.1,+12.8,+12.5,+12.0,+11.9
2024-07-02 11:25,1,+10.7,+5.2,+6.1,+13.6,+13.1,+12.8,+12.5,+12.0,+12.0
2024-07-02 12:25,1,+10.8,+5.2,+6.1,+13.8,+13.3,+12.8,+12.5,+12.1,+11.9
2024-07-02 13:25,1,+11.0,+5.2,+6.1,+14.0,+13.3,+12.6,+12.5,+12.0,+11.9
2024-07-02 14:25,1,+10.9,+5.2,+6.1,+14.4,+13.4,+12.8,+12.5,+12.0,+11.9
2024-07-02 15:25,1,+11.3,+5.2,+6.1,+14.6,+13.5,+12.8,+12.5,+12.1,+11.9
2024-07-02 16:25,1,+10.8,+5.3,+6.1,+14.9,+13.8,+12.9,+12.5,+12.0,+12.0
2024-07-02 17:25,1,+10.8,+5.3,+6.1,+15.1,+13.9,+12.9,+12.5,+12.0,+12.0
2024-07-02 18:25,1,+10.8,+5.3,+6.1,+15.4,+14.0,+12.9,+12.5,+12.0,+11.9
2024-07-02 19:25,1,+10.9,+5.3,+6.1,+15.5,+14.3,+13.0,+12.5,+12.0,+12.0
2024-07-02 20:25,1,+11.1,+5.3,+6.1,+15.4,+14.3,+13.1,+12.6,+12.1,+11.9
2024-07-02 21:25,1,+11.5,+5.3,+6.1,+15.5,+14.4,+13.3,+12.6,+12.1,+11.9
2024-07-02 22:25,1,+11.2,+5.3,+6.1,+15.4,+14.5,+13.3,+12.6,+12.1,+11.9
2024-07-02 23:25,1,+10.7,+5.3,+6.1,+15.4,+14.5,+13.4,+12.6,+12.1,+11.9
2024-07-03 00:25,1,+10.8,+5.3,+6.1,+15.3,+14.4,+13.4,+12.8,+12.1,+12.0
2024-07-03 01:25,1,+10.4,+5.3,+6.1,+15.1,+14.5,+13.5,+12.8,+12.1,+12.0
2024-07-03 02:25,1,+10.4,+5.4,+6.1,+15.1,+14.5,+13.4,+12.8,+12.1,+12.0
2024-07-03 03:25,1,+11.1,+5.4,+6.1,+15.0,+14.4,+13.4,+12.9,+12.1,+12.0
2024-07-03 04:25,1,+10.8,+5.4,+6.2,+14.9,+14.3,+13.4,+12.9,+12.3,+12.0
2024-07-03 05:25,1,+10.4,+5.4,+6.2,+14.8,+14.3,+13.4,+12.9,+12.3,+12.1
2024-07-03 06:25,1,+10.5,+5.4,+6.2,+14.6,+14.3,+13.4,+12.9,+12.3,+12.1
2024-07-03 07:25,1,+10.5,+5.4,+6.2,+14.6,+14.1,+13.4,+12.9,+12.3,+12.1
2024-07-03 08:25,1,+11.1,+5.4,+6.2,+14.6,+14.1,+13.4,+12.9,+12.3,+12.1
2024-07-03 09:25,1,+10.6,+5.4,+6.2,+14.8,+14.1,+13.4,+12.9,+12.3,+12.1
2024-07-03 10:25,1,+11.3,+5.4,+6.2,+14.9,+14.1,+13.4,+12.9,+12.3,+12.1
2024-07-03 11:25,1,+11.1,+5.4,+6.2,+15.0,+14.1,+13.4,+12.9,+12.3,+12.1
2024-07-03 12:25,1,+11.4,+5.4,+6.1,+15.3,+14.3,+13.4,+12.9,+12.3,+12.1
2024-07-03 13:25,1,+11.5,+5.4,+6.2,+15.6,+14.4,+13.4,+12.9,+12.4,+12.1
2024-07-03 14:25,1,+11.9,+5.4,+6.1,+15.9,+14.6,+13.5,+12.9,+12.4,+12.1
2024-07-03 15:25,1,+11.5,+5.4,+6.2,+16.0,+14.6,+13.5,+12.9,+12.3,+12.1
2024-07-03 16:25,1,+11.6,+5.4,+6.2,+16.1,+14.8,+13.5,+12.9,+12.3,+12.1
2024-07-03 17:25,1,+11.5,+5.4,+6.2,+16.1,+14.9,+13.6,+13.0,+12.4,+12.1
2024-07-03 18:25,1,+11.6,+5.4,+6.2,+16.3,+15.0,+13.6,+13.0,+12.4,+12.1
2024-07-03 19:25,1,+11.8,+5.4,+6.2,+16.3,+15.0,+13.8,+13.0,+12.4,+12.3
2024-07-03 20:25,1,+11.8,+5.4,+6.2,+16.1,+15.0,+13.8,+13.0,+12.4,+12.1
2024-07-03 21:25,1,+11.7,+5.4,+6.2,+16.0,+15.0,+13.9,+13.1,+12.4,+12.3
2024-07-03 22:25,1,+11.8,+5.4,+6.2,+15.8,+15.0,+13.9,+13.1,+12.4,+12.3
2024-07-03 23:25,1,+12.1,+5.4,+6.2,+15.5,+15.0,+13.9,+13.1,+12.4,+12.3
2024-07-04 00:25,1,+12.3,+5.4,+6.2,+15.3,+14.9,+13.9,+13.1,+12.5,+12.3
2024-07-04 01:25,1,+12.4,+5.4,+6.2,+15.1,+14.8,+13.9,+13.1,+12.5,+12.3
2024-07-04 02:25,1,+12.6,+5.4,+6.2,+15.0,+14.6,+13.8,+13.3,+12.5,+12.3
2024-07-04 03:25,1,+12.6,+5.4,+6.2,+14.8,+14.5,+13.8,+13.3,+12.5,+12.3
2024-07-04 04:25,1,+12.4,+5.4,+6.1,+14.5,+14.4,+13.8,+13.1,+12.5,+12.3
2024-07-04 05:25,1,+12.2,+5.4,+6.2,+14.4,+14.3,+13.6,+13.3,+12.5,+12.4
2024-07-04 06:25,1,+12.1,+5.4,+6.1,+14.3,+14.1,+13.6,+13.1,+12.5,+12.4
2024-07-04 07:25,1,+12.1,+5.4,+6.1,+14.0,+14.0,+13.5,+13.1,+12.5,+12.4
2024-07-04 08:25,1,+12.4,+5.4,+6.1,+14.0,+13.9,+13.5,+13.1,+12.6,+12.4
2024-07-04 09:25,1,+12.4,+5.4,+6.1,+14.1,+13.9,+13.5,+13.1,+12.5,+12.4
2024-07-04 10:25,1,+12.5,+5.4,+6.1,+14.3,+13.9,+13.4,+13.1,+12.5,+12.4
2024-07-04 11:25,1,+12.2,+5.4,+6.1,+14.5,+13.9,+13.4,+13.1,+12.5,+12.4
2024-07-04 12:25,1,+12.2,+5.4,+6.1,+14.9,+14.0,+13.4,+13.0,+12.5,+12.4
2024-07-04 13:25,1,+12.1,+5.4,+6.1,+15.3,+14.3,+13.4,+13.0,+12.5,+12.4
2024-07-04 14:25,1,+12.1,+5.4,+6.1,+15.5,+14.4,+13.4,+13.0,+12.5,+12.3
2024-07-04 15:25,1,+12.1,+5.4,+6.1,+15.6,+14.5,+13.4,+13.0,+12.5,+12.4
2024-07-04 16:25,1,+12.1,+5.4,+6.1,+15.8,+14.6,+13.5,+13.1,+12.5,+12.4
2024-07-04 17:25,1,+12.1,+5.4,+6.1,+15.9,+14.8,+13.6,+13.0,+12.5,+12.4
2024-07-04 18:25,1,+12.2,+5.4,+6.1,+16.0,+14.9,+13.6,+13.1,+12.5,+12.3
2024-07-04 19:25,1,+12.1,+5.4,+6.1,+16.1,+14.9,+13.8,+13.0,+12.5,+12.4
2024-07-04 20:25,1,+12.1,+5.4,+6.1,+16.1,+15.0,+13.8,+13.1,+12.5,+12.4
2024-07-04 21:25,1,+12.1,+5.4,+6.1,+16.0,+15.0,+13.9,+13.1,+12.5,+12.4
2024-07-04 22:25,1,+12.0,+5.4,+6.1,+15.9,+15.0,+13.9,+13.1,+12.5,+12.4
2024-07-04 23:25,1,+12.1,+5.4,+6.1,+15.6,+15.0,+13.9,+13.3,+12.6,+12.4
2024-07-05 00:25,1,+12.1,+5.4,+6.1,+15.5,+15.0,+13.9,+13.3,+12.6,+12.4
2024-07-05 01:25,1,+12.2,+5.4,+6.1,+15.4,+14.9,+13.9,+13.3,+12.6,+12.4
2024-07-05 02:25,1,+12.1,+5.4,+6.1,+15.3,+14.8,+13.9,+13.3,+12.6,+12.4
2024-07-05 03:25,1,+12.1,+5.4,+6.1,+15.0,+14.6,+13.9,+13.3,+12.6,+12.5
2024-07-05 04:25,1,+12.1,+5.4,+6.1,+14.9,+14.5,+13.9,+13.3,+12.6,+12.4
2024-07-05 05:25,1,+12.1,+5.4,+6.1,+14.8,+14.5,+13.8,+13.3,+12.6,+12.5
2024-07-05 06:25,1,+12.1,+5.4,+6.1,+14.6,+14.4,+13.8,+13.3,+12.6,+12.5
2024-07-05 07:25,1,+12.1,+5.4,+6.1,+14.5,+14.3,+13.8,+13.3,+12.6,+12.5
2024-07-05 08:25,1,+12.2,+5.4,+6.1,+14.5,+14.3,+13.6,+13.3,+12.6,+12.5
2024-07-05 09:25,1,+12.3,+5.3,+6.1,+14.5,+14.1,+13.6,+13.3,+12.6,+12.5
2024-07-05 10:25,1,+12.2,+5.3,+6.1,+14.6,+14.1,+13.6,+13.3,+12.6,+12.5
2024-07-05 11:25,1,+12.3,+5.3,+6.1,+14.9,+14.3,+13.6,+13.3,+12.6,+12.5
2024-07-05 12:25,1,+12.1,+5.3,+6.0,+15.3,+14.3,+13.6,+13.3,+12.6,+12.5
2024-07-05 13:25,1,+12.1,+5.3,+6.1,+15.5,+14.5,+13.5,+13.1,+12.6,+12.4
2024-07-05 14:25,1,+12.1,+5.3,+6.0,+15.8,+14.6,+13.6,+13.1,+12.6,+12.4
2024-07-05 15:25,1,+12.3,+5.3,+6.0,+16.0,+14.8,+13.6,+13.3,+12.6,+12.5
2024-07-05 16:25,1,+12.1,+5.3,+6.0,+16.1,+14.9,+13.6,+13.1,+12.6,+12.4
2024-07-05 17:25,1,+12.3,+5.3,+6.1,+16.1,+15.0,+13.8,+13.3,+12.6,+12.4
2024-07-05 18:25,1,+12.4,+5.4,+6.1,+16.1,+15.1,+13.9,+13.3,+12.6,+12.5
2024-07-05 19:25,1,+12.3,+5.3,+6.1,+16.1,+15.0,+13.9,+13.3,+12.6,+12.5
2024-07-05 20:25,1,+12.6,+5.4,+6.0,+16.0,+15.0,+14.0,+13.4,+12.6,+12.5
2024-07-05 21:25,1,+12.5,+5.3,+6.1,+15.9,+15.0,+14.0,+13.3,+12.6,+12.5
2024-07-05 22:25,1,+12.5,+5.4,+6.1,+15.8,+15.0,+14.0,+13.4,+12.8,+12.5
2024-07-05 23:25,1,+12.5,+5.4,+6.1,+15.6,+15.0,+14.0,+13.4,+12.6,+12.5
2024-07-06 00:25,1,+12.5,+5.4,+6.0,+15.5,+15.0,+14.0,+13.4,+12.6,+12.5
2024-07-06 01:25,1,+12.6,+5.4,+6.1,+15.3,+14.9,+14.0,+13.4,+12.8,+12.5
2024-07-06 02:25,1,+12.6,+5.4,+6.0,+15.1,+14.8,+14.0,+13.5,+12.8,+12.5
2024-07-06 03:25,1,+12.6,+5.4,+6.1,+14.9,+14.6,+14.0,+13.4,+12.8,+12.6
2024-07-06 04:25,1,+12.6,+5.3,+6.0,+14.8,+14.5,+13.9,+13.4,+12.8,+12.6
2024-07-06 05:25,1,+12.6,+5.3,+6.0,+14.6,+14.5,+13.9,+13.4,+12.8,+12.5
2024-07-06 06:25,1,+12.6,+5.3,+6.0,+14.5,+14.4,+13.9,+13.4,+12.8,+12.6
2024-07-06 07:25,1,+12.6,+5.3,+6.0,+14.4,+14.3,+13.8,+13.4,+12.8,+12.5
2024-07-06 08:25,1,+12.5,+5.3,+6.0,+14.4,+14.3,+13.8,+13.4,+12.8,+12.6
2024-07-06 09:25,1,+12.5,+5.3,+6.0,+14.5,+14.1,+13.6,+13.4,+12.8,+12.6
2024-07-06 10:25,1,+12.5,+5.3,+6.0,+14.8,+14.1,+13.6,+13.3,+12.8,+12.6
2024-07-06 11:25,1,+12.5,+5.3,+6.0,+15.0,+14.3,+13.6,+13.3,+12.8,+12.6
2024-07-06 12:25,1,+12.4,+5.3,+6.0,+15.3,+14.4,+13.6,+13.3,+12.8,+12.6
2024-07-06 13:25,1,+12.4,+5.3,+6.0,+15.3,+14.5,+13.6,+13.3,+12.8,+12.5
2024-07-06 14:25,1,+12.5,+5.3,+6.0,+15.3,+14.5,+13.6,+13.3,+12.8,+12.5
2024-07-06 15:25,1,+12.6,+5.3,+6.0,+15.4,+14.6,+13.8,+13.3,+12.8,+12.6
2024-07-06 16:25,1,+12.6,+5.3,+6.0,+15.6,+14.6,+13.8,+13.3,+12.8,+12.5
2024-07-06 17:25,1,+12.6,+5.3,+6.0,+15.6,+14.8,+13.8,+13.3,+12.6,+12.5
2024-07-06 18:25,1,+12.6,+5.3,+6.0,+15.8,+14.8,+13.8,+13.3,+12.8,+12.5
2024-07-06 19:25,1,+12.5,+5.3,+6.0,+15.8,+14.9,+13.9,+13.3,+12.8,+12.5
2024-07-06 20:25,1,+12.4,+5.3,+6.0,+15.9,+14.9,+13.9,+13.4,+12.8,+12.5
2024-07-06 21:25,1,+12.4,+5.3,+6.0,+15.8,+14.9,+13.9,+13.4,+12.8,+12.6
2024-07-06 22:25,1,+12.6,+5.3,+6.0,+15.6,+14.9,+14.0,+13.4,+12.8,+12.6
2024-07-06 23:25,1,+12.6,+5.3,+6.0,+15.6,+14.9,+14.0,+13.4,+12.8,+12.6
2024-07-07 00:25,1,+12.6,+5.3,+6.0,+15.5,+14.9,+14.0,+13.4,+12.8,+12.6
2024-07-07 01:25,1,+12.4,+5.2,+6.0,+15.3,+14.9,+14.0,+13.4,+12.8,+12.6
2024-07-07 02:25,1,+12.8,+5.2,+6.0,+15.3,+14.8,+14.0,+13.4,+12.8,+12.6
2024-07-07 03:25,1,+12.8,+5.2,+6.0,+15.1,+14.8,+14.0,+13.4,+12.8,+12.6
2024-07-07 04:25,1,+12.8,+5.2,+6.0,+15.1,+14.6,+13.9,+13.4,+12.8,+12.6
2024-07-07 05:25,1,+12.9,+5.2,+6.0,+15.1,+14.6,+13.9,+13.4,+12.9,+12.6
2024-07-07 06:25,1,+12.7,+5.2,+6.0,+15.0,+14.6,+13.9,+13.5,+12.9,+12.6
2024-07-07 07:25,1,+12.6,+5.2,+6.0,+15.0,+14.5,+13.9,+13.4,+12.8,+12.6
2024-07-07 08:25,1,+12.6,+5.2,+6.0,+14.9,+14.5,+13.9,+13.4,+12.8,+12.6
2024-07-07 09:25,1,+12.7,+5.2,+6.0,+14.9,+14.5,+13.8,+13.4,+12.9,+12.6
2024-07-07 10:25,1,+12.8,+5.2,+6.0,+14.9,+14.5,+13.8,+13.4,+12.8,+12.6
2024-07-07 11:25,1,+12.9,+5.2,+5.9,+15.0,+14.5,+13.8,+13.4,+12.9,+12.6
2024-07-07 12:25,1,+12.9,+5.2,+6.0,+15.3,+14.5,+13.8,+13.4,+12.9,+12.6
2024-07-07 13:25,1,+12.9,+5.2,+6.0,+15.5,+14.5,+13.8,+13.4,+12.8,+12.6
2024-07-07 14:25,1,+12.8,+5.2,+5.9,+15.8,+14.8,+13.9,+13.4,+12.8,+12.6
2024-07-07 15:25,1,+12.8,+5.2,+6.0,+15.9,+14.9,+13.9,+13.4,+12.8,+12.6
2024-07-07 16:25,1,+12.9,+5.2,+5.9,+16.1,+15.0,+13.9,+13.4,+12.9,+12.6
2024-07-07 17:25,1,+13.0,+5.2,+6.0,+16.1,+15.0,+14.0,+13.4,+12.8,+12.6
2024-07-07 18:25,1,+13.1,+5.3,+6.0,+16.0,+15.1,+14.0,+13.4,+12.8,+12.6
2024-07-07 19:25,1,+13.1,+5.3,+6.0,+16.0,+15.1,+14.0,+13.4,+12.8,+12.6
2024-07-07 20:25,1,+13.2,+5.3,+6.0,+15.9,+15.1,+14.1,+13.5,+12.9,+12.6
2024-07-07 21:25,1,+13.3,+5.3,+6.0,+15.9,+15.1,+14.1,+13.5,+12.9,+12.6
2024-07-07 22:25,1,+13.3,+5.3,+6.0,+15.8,+15.1,+14.1,+13.5,+12.9,+12.6
2024-07-07 23:25,1,+13.2,+5.3,+6.0,+15.6,+15.0,+14.1,+13.5,+12.9,+12.6
2024-07-08 00:25,1,+13.2,+5.3,+6.0,+15.5,+15.0,+14.1,+13.6,+12.9,+12.8
2024-07-08 01:25,1,+13.2,+5.3,+6.0,+15.4,+14.9,+14.1,+13.5,+12.9,+12.8
2024-07-08 02:25,1,+13.3,+5.3,+6.0,+15.1,+14.9,+14.1,+13.5,+12.9,+12.8
2024-07-08 03:25,1,+13.4,+5.3,+6.0,+15.0,+14.8,+14.0,+13.5,+12.9,+12.8
2024-07-08 04:25,1,+13.3,+5.3,+6.0,+14.9,+14.6,+14.0,+13.6,+12.9,+12.8
2024-07-08 05:25,1,+13.3,+5.3,+6.0,+14.8,+14.5,+14.0,+13.5,+12.9,+12.8
2024-07-08 06:25,1,+13.0,+5.3,+6.0,+14.6,+14.5,+13.9,+13.5,+12.9,+12.8
2024-07-08 07:25,1,+13.2,+5.3,+5.9,+14.6,+14.4,+13.9,+13.5,+12.9,+12.8
2024-07-08 08:25,1,+13.3,+5.3,+5.9,+14.6,+14.4,+13.9,+13.5,+12.9,+12.8
2024-07-08 09:25,1,+13.3,+5.3,+6.0,+14.8,+14.4,+13.8,+13.5,+12.9,+12.8
2024-07-08 10:25,1,+13.1,+5.3,+5.9,+15.0,+14.4,+13.9,+13.5,+12.9,+12.8
2024-07-08 11:25,1,+13.1,+5.3,+5.9,+15.3,+14.5,+13.8,+13.5,+12.9,+12.8
2024-07-08 12:25,1,+13.1,+5.3,+5.9,+15.6,+14.6,+13.8,+13.4,+12.9,+12.8
2024-07-08 13:25,1,+13.1,+5.3,+6.0,+16.0,+14.8,+13.9,+13.5,+12.9,+12.8
2024-07-08 14:25,1,+13.1,+5.3,+6.0,+16.4,+15.0,+13.9,+13.4,+12.9,+12.8
2024-07-08 15:25,1,+13.1,+5.3,+5.9,+16.5,+15.1,+14.0,+13.5,+12.9,+12.8
2024-07-08 16:25,1,+13.0,+5.3,+6.0,+16.8,+15.3,+14.0,+13.5,+12.9,+12.6
2024-07-08 17:25,1,+13.0,+5.2,+6.0,+16.9,+15.4,+14.1,+13.5,+12.9,+12.8
2024-07-08 18:25,1,+13.0,+5.2,+6.0,+17.0,+15.6,+14.3,+13.5,+12.9,+12.6
2024-07-08 19:25,1,+13.0,+5.2,+6.0,+16.8,+15.6,+14.3,+13.5,+12.9,+12.8
2024-07-08 20:25,1,+13.0,+5.2,+6.0,+16.8,+15.6,+14.4,+13.6,+12.9,+12.8
2024-07-08 21:25,1,+13.0,+5.3,+6.0,+16.6,+15.6,+14.4,+13.6,+12.9,+12.8
2024-07-08 22:25,1,+12.9,+5.2,+6.0,+16.6,+15.6,+14.4,+13.6,+13.0,+12.8
2024-07-08 23:25,1,+12.9,+5.3,+6.0,+16.4,+15.6,+14.5,+13.8,+13.0,+12.8
2024-07-09 00:25,1,+12.9,+5.3,+6.0,+16.3,+15.5,+14.5,+13.8,+13.0,+12.8
2024-07-09 01:25,1,+12.9,+5.3,+6.0,+16.0,+15.5,+14.5,+13.8,+13.0,+12.9
2024-07-09 02:25,1,+12.9,+5.2,+6.0,+15.9,+15.4,+14.5,+13.8,+13.0,+12.9
2024-07-09 03:25,1,+12.9,+5.2,+6.0,+15.8,+15.3,+14.4,+13.8,+13.0,+12.9
2024-07-09 04:25,1,+12.8,+5.2,+6.0,+15.5,+15.1,+14.4,+13.8,+13.0,+12.9
2024-07-09 05:25,1,+12.8,+5.2,+6.0,+15.4,+15.1,+14.4,+13.8,+13.1,+13.0
2024-07-09 06:25,1,+12.9,+5.2,+6.0,+15.3,+15.0,+14.3,+13.8,+13.1,+12.9
2024-07-09 07:25,1,+12.9,+5.2,+6.0,+15.1,+14.9,+14.3,+13.8,+13.1,+12.9
2024-07-09 08:25,1,+12.9,+5.2,+5.9,+15.1,+14.8,+14.3,+13.8,+13.1,+13.0
2024-07-09 09:25,1,+12.9,+5.2,+5.9,+15.3,+14.8,+14.1,+13.8,+13.1,+12.9
2024-07-09 10:25,1,+13.0,+5.2,+5.9,+15.5,+14.9,+14.1,+13.8,+13.0,+12.9
2024-07-09 11:25,1,+13.0,+5.2,+5.9,+15.9,+14.9,+14.1,+13.6,+13.0,+12.9
2024-07-09 12:25,1,+12.8,+5.2,+5.9,+16.1,+15.1,+14.1,+13.6,+13.1,+12.9
2024-07-09 13:25,1,+12.8,+5.2,+5.9,+16.5,+15.3,+14.3,+13.8,+13.1,+12.9
2024-07-09 14:25,1,+12.8,+5.2,+5.9,+16.8,+15.4,+14.3,+13.6,+13.1,+12.9
2024-07-09 15:25,1,+13.0,+5.2,+5.9,+17.0,+15.6,+14.3,+13.6,+13.1,+12.9
2024-07-09 16:25,1,+12.7,+5.2,+5.9,+17.3,+15.8,+14.4,+13.6,+13.0,+12.9
2024-07-09 17:25,1,+12.9,+5.1,+5.8,+17.4,+15.9,+14.4,+13.8,+13.0,+12.9
2024-07-09 18:25,1,+12.9,+5.1,+5.9,+17.4,+16.0,+14.5,+13.8,+13.1,+12.9
2024-07-09 19:25,1,+12.8,+5.1,+5.9,+17.5,+16.1,+14.6,+13.8,+13.1,+12.9
2024-07-09 20:25,1,+12.7,+5.1,+5.9,+17.4,+16.1,+14.6,+13.8,+13.1,+13.0
2024-07-09 21:25,1,+12.6,+5.1,+5.9,+17.3,+16.1,+14.8,+13.9,+13.1,+13.0
2024-07-09 22:25,1,+12.9,+5.1,+5.9,+17.3,+16.1,+14.8,+13.9,+13.1,+13.0
2024-07-09 23:25,1,+12.9,+5.1,+5.9,+17.0,+16.1,+14.8,+14.0,+13.1,+13.0
2024-07-10 00:25,1,+12.9,+5.1,+5.9,+16.9,+16.0,+14.9,+14.0,+13.3,+13.0
2024-07-10 01:25,1,+12.7,+5.1,+5.9,+16.8,+16.0,+14.9,+14.0,+13.3,+13.0
2024-07-10 02:25,1,+12.7,+5.1,+5.9,+16.6,+16.0,+14.9,+14.0,+13.3,+13.0
2024-07-10 03:25,1,+12.6,+5.1,+5.8,+16.4,+15.9,+14.9,+14.0,+13.3,+13.0
2024-07-10 04:25,1,+12.7,+5.1,+5.8,+16.3,+15.8,+14.9,+14.1,+13.4,+13.1
2024-07-10 05:25,1,+12.7,+5.1,+5.8,+16.1,+15.6,+14.8,+14.1,+13.4,+13.1
2024-07-10 06:25,1,+12.6,+5.1,+5.8,+15.9,+15.5,+14.8,+14.1,+13.4,+13.1
2024-07-10 07:25,1,+12.6,+5.1,+5.8,+15.8,+15.5,+14.8,+14.0,+13.4,+13.1
2024-07-10 08:25,1,+12.6,+5.1,+5.8,+15.8,+15.4,+14.6,+14.1,+13.4,+13.1
2024-07-10 09:25,1,+12.6,+5.1,+5.8,+15.8,+15.4,+14.6,+14.1,+13.4,+13.1
2024-07-10 10:25,1,+12.5,+5.1,+5.8,+16.0,+15.4,+14.5,+14.1,+13.4,+13.1
2024-07-10 11:25,1,+12.5,+5.0,+5.8,+16.3,+15.4,+14.5,+14.0,+13.4,+13.1
2024-07-10 12:25,1,+12.5,+5.0,+5.8,+16.6,+15.5,+14.5,+14.0,+13.4,+13.1
2024-07-10 13:25,1,+12.4,+5.0,+5.8,+17.0,+15.6,+14.5,+14.0,+13.4,+13.1
2024-07-10 14:25,1,+12.4,+5.0,+5.8,+17.4,+15.9,+14.6,+14.0,+13.4,+13.1
2024-07-10 15:25,1,+12.4,+5.0,+5.8,+17.4,+16.0,+14.6,+14.0,+13.4,+13.1
2024-07-10 16:25,1,+12.4,+5.0,+5.8,+17.6,+16.1,+14.8,+14.0,+13.4,+13.1
2024-07-10 17:25,1,+12.3,+5.0,+5.8,+17.6,+16.3,+14.8,+14.0,+13.3,+13.1
2024-07-10 18:25,1,+12.3,+5.0,+5.8,+17.8,+16.3,+14.9,+14.0,+13.4,+13.1
2024-07-10 19:25,1,+12.3,+5.0,+5.8,+17.8,+16.4,+14.9,+14.0,+13.4,+13.1
2024-07-10 20:25,1,+12.3,+5.0,+5.8,+17.8,+16.5,+15.0,+14.1,+13.4,+13.1
2024-07-10 21:25,1,+12.3,+5.0,+5.7,+17.6,+16.5,+15.0,+14.1,+13.4,+13.3
2024-07-10 22:25,1,+12.2,+5.0,+5.7,+17.5,+16.5,+15.1,+14.3,+13.4,+13.1
2024-07-10 23:25,1,+12.2,+5.0,+5.7,+17.4,+16.4,+15.1,+14.3,+13.4,+13.3
2024-07-11 00:25,1,+12.2,+4.9,+5.7,+17.1,+16.4,+15.1,+14.3,+13.5,+13.3
2024-07-11 01:25,1,+12.2,+4.9,+5.7,+17.0,+16.3,+15.1,+14.3,+13.5,+13.3
2024-07-11 02:25,1,+12.2,+4.9,+5.7,+16.9,+16.3,+15.1,+14.4,+13.5,+13.3
2024-07-11 03:25,1,+12.1,+4.8,+5.7,+16.8,+16.1,+15.1,+14.4,+13.5,+13.3
2024-07-11 04:25,1,+12.1,+4.8,+5.7,+16.5,+16.0,+15.1,+14.4,+13.5,+13.3
2024-07-11 05:25,1,+12.1,+4.8,+5.7,+16.4,+15.9,+15.1,+14.3,+13.6,+13.4
2024-07-11 06:25,1,+12.1,+4.8,+5.7,+16.3,+15.9,+15.0,+14.4,+13.5,+13.4
2024-07-11 07:25,1,+12.1,+4.8,+5.7,+16.1,+15.8,+15.0,+14.4,+13.6,+13.4
2024-07-11 08:25,1,+12.1,+4.8,+5.7,+16.1,+15.8,+14.9,+14.3,+13.6,+13.4
2024-07-11 09:25,1,+12.1,+4.8,+5.6,+16.1,+15.6,+14.9,+14.3,+13.5,+13.4
2024-07-11 10:25,1,+12.1,+4.8,+5.7,+16.3,+15.6,+14.9,+14.3,+13.6,+13.4
2024-07-11 11:25,1,+12.1,+4.8,+5.6,+16.5,+15.6,+14.8,+14.3,+13.5,+13.3
2024-07-11 12:25,1,+12.0,+4.8,+5.6,+16.9,+15.8,+14.9,+14.3,+13.5,+13.4
2024-07-11 13:25,1,+12.0,+4.8,+5.6,+17.3,+16.0,+14.8,+14.3,+13.5,+13.4
2024-07-11 14:25,1,+12.0,+4.8,+5.6,+17.6,+16.1,+14.9,+14.3,+13.5,+13.4
2024-07-11 15:25,1,+11.9,+4.8,+5.6,+17.9,+16.4,+14.9,+14.3,+13.5,+13.4
2024-07-11 16:25,1,+11.9,+4.7,+5.6,+18.1,+16.5,+15.0,+14.3,+13.5,+13.4
2024-07-11 17:25,1,+11.9,+4.7,+5.6,+18.3,+16.6,+15.1,+14.3,+13.5,+13.3
2024-07-11 18:25,1,+11.8,+4.7,+5.6,+18.3,+16.8,+15.1,+14.3,+13.5,+13.4
2024-07-11 19:25,1,+11.8,+4.7,+5.6,+18.4,+16.9,+15.1,+14.3,+13.5,+13.4
2024-07-11 20:25,1,+11.8,+4.7,+5.6,+18.3,+16.9,+15.4,+14.4,+13.6,+13.4
2024-07-11 21:25,1,+11.8,+4.7,+5.6,+18.3,+16.9,+15.4,+14.4,+13.6,+13.4
2024-07-11 22:25,1,+11.8,+4.7,+5.6,+18.0,+16.9,+15.4,+14.4,+13.6,+13.4
2024-07-11 23:25,1,+11.8,+4.7,+5.6,+17.9,+16.9,+15.5,+14.5,+13.6,+13.4
2024-07-12 00:25,1,+11.8,+4.7,+5.6,+17.8,+16.9,+15.5,+14.5,+13.6,+13.4
2024-07-12 01:25,1,+11.7,+4.7,+5.6,+17.5,+16.8,+15.5,+14.5,+13.8,+13.4
2024-07-12 02:25,1,+11.7,+4.7,+5.6,+17.4,+16.6,+15.5,+14.6,+13.8,+13.5
2024-07-12 03:25,1,+11.7,+4.7,+5.6,+17.1,+16.6,+15.5,+14.6,+13.8,+13.5
2024-07-12 04:25,1,+11.7,+4.7,+5.6,+17.0,+16.5,+15.5,+14.6,+13.8,+13.5
2024-07-12 05:25,1,+11.6,+4.6,+5.6,+16.9,+16.4,+15.4,+14.6,+13.8,+13.5
2024-07-12 06:25,1,+11.6,+4.6,+5.6,+16.8,+16.3,+15.4,+14.6,+13.8,+13.5
2024-07-12 07:25,1,+11.6,+4.6,+5.6,+16.6,+16.3,+15.4,+14.6,+13.8,+13.6
2024-07-12 08:25,1,+11.6,+4.6,+5.6,+16.6,+16.1,+15.3,+14.6,+13.9,+13.5
2024-07-12 09:25,1,+11.6,+4.6,+5.6,+16.8,+16.1,+15.3,+14.6,+13.8,+13.6
2024-07-12 10:25,1,+11.6,+4.6,+5.6,+16.9,+16.0,+15.3,+14.6,+13.8,+13.6
2024-07-12 11:25,1,+11.6,+4.6,+5.5,+17.3,+16.1,+15.3,+14.6,+13.8,+13.6
2024-07-12 12:25,1,+11.5,+4.6,+5.6,+17.5,+16.4,+15.3,+14.5,+13.8,+13.6
2024-07-12 13:25,1,+11.5,+4.6,+5.5,+17.9,+16.5,+15.3,+14.6,+13.8,+13.5
2024-07-12 14:25,1,+11.5,+4.6,+5.5,+18.1,+16.6,+15.3,+14.5,+13.8,+13.6
2024-07-12 15:25,1,+11.4,+4.5,+5.5,+18.4,+16.8,+15.4,+14.5,+13.8,+13.6
2024-07-12 16:25,1,+11.4,+4.5,+5.5,+18.5,+16.9,+15.4,+14.6,+13.8,+13.6
2024-07-12 17:25,1,+11.3,+4.5,+5.5,+18.5,+17.0,+15.4,+14.6,+13.9,+13.6
2024-07-12 18:25,1,+11.3,+4.5,+5.5,+18.6,+17.1,+15.5,+14.6,+13.8,+13.6
2024-07-12 19:25,1,+11.3,+4.5,+5.5,+18.6,+17.1,+15.6,+14.6,+13.8,+13.6
2024-07-12 20:25,1,+11.2,+4.5,+5.5,+18.6,+17.3,+15.6,+14.8,+13.9,+13.6
2024-07-12 21:25,1,+11.2,+4.5,+5.5,+18.5,+17.3,+15.8,+14.8,+13.9,+13.6
2024-07-12 22:25,1,+11.2,+4.5,+5.5,+18.3,+17.3,+15.8,+14.8,+13.9,+13.6
2024-07-12 23:25,1,+11.2,+4.5,+5.5,+18.1,+17.3,+15.8,+14.8,+14.0,+13.6
2024-07-13 00:25,1,+11.2,+4.5,+5.5,+18.0,+17.1,+15.8,+14.9,+13.9,+13.6
2024-07-13 01:25,1,+11.2,+4.5,+5.5,+17.8,+17.0,+15.8,+14.8,+13.9,+13.8
2024-07-13 02:25,1,+11.1,+4.5,+5.5,+17.6,+16.9,+15.8,+14.9,+14.0,+13.8
2024-07-13 03:25,1,+11.1,+4.5,+5.5,+17.5,+16.9,+15.8,+14.9,+14.0,+13.8
2024-07-13 04:25,1,+11.1,+4.5,+5.5,+17.4,+16.8,+15.8,+14.9,+14.0,+13.8
2024-07-13 05:25,1,+11.1,+4.5,+5.5,+17.3,+16.6,+15.8,+14.9,+14.0,+13.8
2024-07-13 06:25,1,+11.1,+4.5,+5.5,+17.1,+16.6,+15.6,+14.9,+14.0,+13.8
2024-07-13 07:25,1,+11.1,+4.5,+5.5,+17.1,+16.5,+15.6,+14.9,+14.0,+13.8
2024-07-13 08:25,1,+11.1,+4.5,+5.5,+17.1,+16.5,+15.6,+14.9,+14.1,+13.9
2024-07-13 09:25,1,+11.1,+4.5,+5.5,+17.3,+16.5,+15.5,+14.9,+14.1,+13.9
2024-07-13 10:25,1,+11.1,+4.5,+5.5,+17.4,+16.5,+15.5,+14.9,+14.0,+13.9
2024-07-13 11:25,1,+11.1,+4.4,+5.5,+17.8,+16.6,+15.6,+14.9,+14.0,+13.9
2024-07-13 12:25,1,+11.0,+4.4,+5.4,+17.9,+16.8,+15.5,+14.9,+14.0,+13.8
2024-07-13 13:25,1,+11.3,+4.5,+5.5,+17.9,+16.9,+15.6,+14.8,+14.0,+13.9
2024-07-13 14:25,1,+11.3,+4.5,+5.5,+17.9,+16.9,+15.6,+14.9,+14.0,+13.9
2024-07-13 15:25,1,+11.3,+4.5,+5.5,+18.0,+16.9,+15.6,+14.9,+14.0,+13.9
2024-07-13 16:25,1,+11.3,+4.5,+5.5,+18.3,+16.9,+15.6,+14.9,+14.0,+13.8
2024-07-13 17:25,1,+11.3,+4.5,+5.5,+18.5,+17.0,+15.8,+14.9,+14.1,+13.9
2024-07-13 18:25,1,+11.3,+4.5,+5.5,+18.6,+17.1,+15.8,+14.9,+14.0,+13.9
2024-07-13 19:25,1,+11.3,+4.5,+5.5,+18.8,+17.3,+15.8,+15.0,+14.1,+13.9
2024-07-13 20:25,1,+11.3,+4.5,+5.5,+18.8,+17.4,+15.9,+15.0,+14.1,+13.9
2024-07-13 21:25,1,+11.3,+4.5,+5.5,+18.6,+17.5,+15.9,+15.0,+14.1,+13.9
2024-07-13 22:25,1,+11.4,+4.5,+5.4,+18.6,+17.5,+16.0,+15.0,+14.1,+13.9
2024-07-13 23:25,1,+11.4,+4.5,+5.4,+18.4,+17.5,+16.0,+15.1,+14.1,+13.9
2024-07-14 00:25,1,+11.4,+4.5,+5.4,+18.3,+17.4,+16.0,+15.1,+14.1,+13.9
2024-07-14 01:25,1,+11.4,+4.4,+5.4,+18.0,+17.3,+16.0,+15.1,+14.1,+13.9
2024-07-14 02:25,1,+11.4,+4.5,+5.4,+17.9,+17.3,+16.0,+15.1,+14.3,+14.0
2024-07-14 03:25,1,+11.4,+4.4,+5.3,+17.8,+17.1,+16.0,+15.1,+14.3,+14.0
2024-07-14 04:25,1,+11.4,+4.4,+5.3,+17.6,+17.0,+16.0,+15.1,+14.3,+14.0
2024-07-14 05:25,1,+11.4,+4.4,+5.3,+17.5,+16.9,+16.0,+15.1,+14.3,+14.0
2024-07-14 06:25,1,+11.4,+4.4,+5.3,+17.4,+16.9,+15.9,+15.3,+14.3,+14.0
2024-07-14 07:25,1,+11.4,+4.4,+5.3,+17.3,+16.8,+15.9,+15.1,+14.3,+14.0
2024-07-14 08:25,1,+11.4,+4.4,+5.3,+17.3,+16.8,+15.9,+15.1,+14.3,+14.0
2024-07-14 09:25,1,+11.3,+4.4,+5.3,+17.3,+16.6,+15.8,+15.1,+14.3,+14.0
2024-07-14 10:25,1,+11.3,+4.4,+5.3,+17.4,+16.6,+15.8,+15.1,+14.3,+14.1
2024-07-14 11:25,1,+11.4,+4.4,+5.3,+17.8,+16.8,+15.8,+15.1,+14.3,+14.0
2024-07-14 12:25,1,+11.3,+4.4,+5.3,+18.1,+16.9,+15.8,+15.0,+14.3,+14.0
2024-07-14 13:25,1,+11.3,+4.4,+5.3,+18.4,+17.0,+15.8,+15.0,+14.3,+14.0
2024-07-14 14:25,1,+11.3,+4.3,+5.3,+18.6,+17.1,+15.8,+15.0,+14.3,+14.0
2024-07-14 15:25,1,+11.3,+4.3,+5.3,+18.8,+17.3,+15.9,+15.0,+14.3,+14.0
2024-07-14 16:25,1,+11.3,+4.3,+5.3,+18.9,+17.4,+15.9,+15.1,+14.3,+14.0
2024-07-14 17:25,1,+11.2,+4.3,+5.3,+19.0,+17.5,+16.0,+15.1,+14.3,+14.0
2024-07-14 18:25,1,+11.2,+4.3,+5.3,+19.0,+17.5,+16.0,+15.1,+14.3,+14.0
2024-07-14 19:25,1,+11.2,+4.3,+5.3,+19.0,+17.6,+16.1,+15.1,+14.3,+14.0
2024-07-14 20:25,1,+11.1,+4.3,+5.3,+18.9,+17.6,+16.1,+15.1,+14.4,+14.1
2024-07-14 21:25,1,+11.1,+4.3,+5.3,+18.8,+17.6,+16.3,+15.3,+14.3,+14.1
2024-07-14 22:25,1,+11.1,+4.3,+5.3,+18.6,+17.6,+16.3,+15.3,+14.3,+14.1
2024-07-14 23:25,1,+11.1,+4.3,+5.3,+18.4,+17.5,+16.3,+15.3,+14.3,+14.1
2024-07-15 00:25,1,+11.1,+4.3,+5.3,+18.1,+17.5,+16.3,+15.4,+14.4,+14.1
2024-07-15 01:25,1,+11.1,+4.3,+5.3,+17.9,+17.4,+16.3,+15.3,+14.4,+14.1
2024-07-15 02:25,1,+11.0,+4.3,+5.3,+17.6,+17.1,+16.3,+15.4,+14.4,+14.1
2024-07-15 03:25,1,+11.0,+4.3,+5.3,+17.5,+17.0,+16.1,+15.3,+14.4,+14.1
2024-07-15 04:25,1,+11.0,+4.3,+5.3,+17.3,+16.9,+16.1,+15.4,+14.5,+14.3
2024-07-15 05:25,1,+11.0,+4.2,+5.3,+17.1,+16.9,+16.1,+15.3,+14.4,+14.3
2024-07-15 06:25,1,+11.0,+4.2,+5.3,+17.0,+16.8,+16.0,+15.3,+14.5,+14.3
2024-07-15 07:25,1,+11.0,+4.2,+5.2,+16.9,+16.6,+15.9,+15.4,+14.5,+14.1
2024-07-15 08:25,1,+11.0,+4.2,+5.2,+16.9,+16.5,+15.9,+15.3,+14.4,+14.1
2024-07-15 09:25,1,+11.0,+4.1,+5.2,+16.8,+16.5,+15.9,+15.3,+14.5,+14.3
2024-07-15 10:25,1,+11.0,+4.1,+5.2,+16.9,+16.4,+15.8,+15.3,+14.4,+14.3
2024-07-15 11:25,1,+11.0,+4.1,+5.2,+17.0,+16.5,+15.8,+15.3,+14.5,+14.3
2024-07-15 12:25,1,+11.0,+4.1,+5.2,+17.3,+16.5,+15.8,+15.1,+14.5,+14.3
2024-07-15 13:25,1,+11.0,+4.1,+5.2,+17.5,+16.5,+15.6,+15.1,+14.4,+14.3
2024-07-15 14:25,1,+11.0,+4.1,+5.2,+17.8,+16.6,+15.6,+15.1,+14.4,+14.3
2024-07-15 15:25,1,+11.0,+4.1,+5.2,+17.9,+16.8,+15.8,+15.1,+14.4,+14.3
2024-07-15 16:25,1,+11.0,+4.1,+5.2,+18.0,+16.9,+15.8,+15.1,+14.4,+14.1
2024-07-15 17:25,1,+10.9,+4.1,+5.2,+18.3,+17.0,+15.8,+15.1,+14.4,+14.3
2024-07-15 18:25,1,+10.9,+4.1,+5.2,+18.3,+17.0,+15.9,+15.1,+14.4,+14.1
2024-07-15 19:25,1,+10.9,+4.1,+5.2,+18.3,+17.1,+15.9,+15.1,+14.4,+14.1
2024-07-15 20:25,1,+10.9,+4.1,+5.2,+18.1,+17.1,+15.9,+15.1,+14.4,+14.1
2024-07-15 21:25,1,+10.8,+4.1,+5.2,+18.0,+17.1,+16.0,+15.1,+14.4,+14.1
2024-07-15 22:25,1,+10.8,+4.1,+5.2,+17.8,+17.0,+16.0,+15.3,+14.4,+14.1
2024-07-15 23:25,1,+10.8,+4.1,+5.2,+17.5,+17.0,+16.0,+15.3,+14.4,+14.1
2024-07-16 00:25,1,+10.8,+4.1,+5.2,+17.3,+16.9,+16.0,+15.3,+14.4,+14.1
2024-07-16 01:25,1,+10.8,+4.1,+5.1,+17.0,+16.8,+15.9,+15.3,+14.4,+14.3
2024-07-16 02:25,1,+10.8,+4.1,+5.2,+16.8,+16.6,+15.9,+15.3,+14.5,+14.3
2024-07-16 03:25,1,+10.7,+4.1,+5.1,+16.6,+16.5,+15.8,+15.3,+14.4,+14.3
2024-07-16 04:25,1,+10.7,+4.0,+5.1,+16.5,+16.4,+15.8,+15.3,+14.4,+14.3
2024-07-16 05:25,1,+10.7,+4.0,+5.1,+16.4,+16.3,+15.8,+15.1,+14.5,+14.3
2024-07-16 06:25,1,+10.7,+4.0,+5.1,+16.3,+16.1,+15.6,+15.1,+14.4,+14.3
2024-07-16 07:25,1,+10.6,+4.0,+5.1,+16.1,+16.0,+15.5,+15.1,+14.4,+14.3
2024-07-16 08:25,1,+10.6,+3.9,+5.1,+16.1,+16.0,+15.5,+15.1,+14.4,+14.3
2024-07-16 09:25,1,+10.6,+3.9,+5.1,+16.0,+15.9,+15.5,+15.0,+14.4,+14.3
2024-07-16 10:25,1,+10.5,+3.9,+5.0,+16.1,+15.9,+15.4,+15.0,+14.4,+14.3
2024-07-16 11:25,1,+10.5,+3.9,+5.0,+16.3,+15.9,+15.4,+15.0,+14.4,+14.3
2024-07-16 12:25,1,+10.5,+3.9,+5.0,+16.4,+15.9,+15.4,+15.0,+14.4,+14.1
2024-07-16 13:25,1,+10.4,+3.9,+5.0,+16.6,+16.0,+15.3,+15.0,+14.4,+14.1
2024-07-16 14:25,1,+10.4,+3.9,+5.0,+16.6,+16.0,+15.3,+14.9,+14.3,+14.1
2024-07-16 15:25,1,+10.3,+3.8,+5.0,+16.8,+16.0,+15.3,+14.9,+14.3,+14.1
2024-07-16 16:25,1,+10.3,+3.8,+5.0,+16.9,+16.1,+15.3,+14.9,+14.3,+14.1
2024-07-16 17:25,1,+10.3,+3.8,+5.0,+16.8,+16.1,+15.3,+14.9,+14.3,+14.1
2024-07-16 18:25,1,+10.2,+3.8,+5.0,+16.8,+16.1,+15.4,+14.9,+14.3,+14.0
2024-07-16 19:25,1,+10.2,+3.8,+5.0,+16.6,+16.1,+15.3,+14.9,+14.3,+14.1
2024-07-16 20:25,1,+10.2,+3.8,+4.9,+16.5,+16.1,+15.4,+14.9,+14.3,+14.0
2024-07-16 21:25,1,+10.2,+3.8,+4.9,+16.4,+16.0,+15.4,+14.9,+14.3,+14.0
2024-07-16 22:25,1,+10.2,+3.8,+4.9,+16.1,+16.0,+15.3,+14.9,+14.3,+14.1
2024-07-16 23:25,1,+10.1,+3.8,+4.9,+15.9,+15.9,+15.3,+14.9,+14.3,+14.1
2024-07-17 00:25,1,+10.1,+3.8,+4.9,+15.8,+15.6,+15.3,+14.9,+14.3,+14.1
2024-07-17 01:25,1,+10.1,+3.8,+4.9,+15.5,+15.6,+15.1,+14.9,+14.3,+14.1
2024-07-17 02:25,1,+10.1,+3.7,+4.9,+15.3,+15.4,+15.1,+14.8,+14.3,+14.0
2024-07-17 03:25,1,+10.1,+3.7,+4.9,+15.0,+15.3,+15.1,+14.9,+14.3,+14.0
2024-07-17 04:25,1,+10.1,+3.7,+4.9,+14.9,+15.3,+15.0,+14.8,+14.1,+14.0
2024-07-17 05:25,1,+10.1,+3.7,+4.9,+14.6,+15.0,+15.0,+14.8,+14.1,+14.0
2024-07-17 06:25,1,+10.1,+3.7,+4.8,+14.5,+14.9,+14.8,+14.6,+14.1,+14.0
2024-07-17 07:25,1,+10.0,+3.7,+4.8,+14.3,+14.8,+14.8,+14.6,+14.1,+14.0
2024-07-17 08:25,1,+10.0,+3.7,+4.8,+14.3,+14.6,+14.6,+14.6,+14.1,+14.0
2024-07-17 09:25,1,+10.0,+3.7,+4.8,+14.3,+14.5,+14.5,+14.6,+14.1,+14.0
2024-07-17 10:25,1,+10.0,+3.6,+4.8,+14.5,+14.5,+14.5,+14.5,+14.1,+14.0
2024-07-17 11:25,1,+10.0,+3.6,+4.8,+14.8,+14.5,+14.4,+14.5,+14.1,+13.9
2024-07-17 12:25,1,+9.9,+3.6,+4.7,+15.0,+14.6,+14.4,+14.4,+14.0,+13.9
2024-07-17 13:25,1,+9.9,+3.6,+4.7,+15.1,+14.6,+14.4,+14.4,+14.0,+13.9
2024-07-17 14:25,1,+9.8,+3.5,+4.7,+15.3,+14.8,+14.4,+14.4,+14.0,+13.9
2024-07-17 15:25,1,+9.8,+3.5,+4.7,+15.5,+14.9,+14.4,+14.4,+14.0,+13.9
2024-07-17 16:25,1,+9.8,+3.5,+4.7,+15.6,+15.0,+14.4,+14.4,+13.9,+13.9
2024-07-17 17:25,1,+9.8,+3.5,+4.7,+15.6,+15.0,+14.4,+14.4,+13.9,+13.8
2024-07-17 18:25,1,+9.7,+3.5,+4.7,+15.8,+15.1,+14.5,+14.4,+13.9,+13.8
2024-07-17 19:25,1,+9.7,+3.5,+4.7,+15.9,+15.3,+14.5,+14.3,+13.9,+13.8
2024-07-17 20:25,1,+9.7,+3.5,+4.7,+15.8,+15.3,+14.6,+14.3,+13.9,+13.8
2024-07-17 21:25,1,+9.7,+3.5,+4.7,+15.8,+15.3,+14.6,+14.3,+13.9,+13.8
2024-07-17 22:25,1,+9.7,+3.5,+4.7,+15.5,+15.3,+14.6,+14.3,+13.9,+13.8
2024-07-17 23:25,1,+9.6,+3.5,+4.7,+15.4,+15.1,+14.6,+14.4,+13.9,+13.8
2024-07-18 00:25,1,+9.6,+3.5,+4.7,+15.1,+15.1,+14.6,+14.3,+13.9,+13.8
2024-07-18 01:25,1,+9.6,+3.5,+4.7,+14.9,+15.0,+14.6,+14.4,+13.9,+13.8
2024-07-18 02:25,1,+9.6,+3.5,+4.6,+14.8,+14.9,+14.5,+14.3,+13.9,+13.6
2024-07-18 03:25,1,+9.6,+3.4,+4.6,+14.5,+14.8,+14.5,+14.4,+13.9,+13.8
2024-07-18 04:25,1,+9.5,+3.4,+4.6,+14.3,+14.6,+14.4,+14.3,+13.9,+13.6
2024-07-18 05:25,1,+9.5,+3.4,+4.6,+14.1,+14.5,+14.4,+14.3,+13.9,+13.8
2024-07-18 06:25,1,+9.5,+3.4,+4.6,+14.0,+14.4,+14.3,+14.3,+13.9,+13.8
2024-07-18 07:25,1,+9.5,+3.4,+4.6,+13.9,+14.3,+14.3,+14.3,+13.8,+13.6
2024-07-18 08:25,1,+9.5,+3.4,+4.6,+13.9,+14.1,+14.1,+14.1,+13.8,+13.6
2024-07-18 09:25,1,+9.5,+3.4,+4.5,+14.0,+14.1,+14.1,+14.1,+13.8,+13.6
2024-07-18 10:25,1,+9.5,+3.3,+4.6,+14.3,+14.1,+14.0,+14.1,+13.8,+13.6
2024-07-18 11:25,1,+9.4,+3.3,+4.5,+14.6,+14.1,+14.0,+14.0,+13.8,+13.6
2024-07-18 12:25,1,+9.4,+3.3,+4.5,+15.0,+14.4,+14.0,+14.0,+13.8,+13.6
2024-07-18 13:25,1,+9.4,+3.3,+4.5,+15.1,+14.5,+14.0,+13.9,+13.8,+13.5
2024-07-18 14:25,1,+9.3,+3.3,+4.5,+15.5,+14.6,+14.0,+14.0,+13.6,+13.5
2024-07-18 15:25,1,+9.3,+3.3,+4.5,+15.8,+14.8,+14.1,+14.0,+13.6,+13.6
2024-07-18 16:25,1,+9.3,+3.3,+4.5,+16.0,+15.0,+14.1,+14.0,+13.6,+13.5
2024-07-18 17:25,1,+9.3,+3.3,+4.5,+16.3,+15.1,+14.3,+14.0,+13.5,+13.5
2024-07-18 18:25,1,+9.2,+3.2,+4.5,+16.4,+15.3,+14.4,+14.0,+13.6,+13.5
2024-07-18 19:25,1,+9.2,+3.2,+4.5,+16.4,+15.4,+14.4,+14.0,+13.5,+13.5
2024-07-18 20:25,1,+9.2,+3.3,+4.5,+16.4,+15.5,+14.5,+14.0,+13.6,+13.5
2024-07-18 21:25,1,+9.2,+3.3,+4.5,+16.3,+15.5,+14.5,+14.0,+13.6,+13.5
2024-07-18 22:25,1,+9.2,+3.3,+4.5,+16.1,+15.5,+14.5,+14.1,+13.6,+13.5
2024-07-18 23:25,1,+9.1,+3.3,+4.5,+15.9,+15.4,+14.6,+14.1,+13.6,+13.5
2024-07-19 00:25,1,+9.1,+3.2,+4.5,+15.8,+15.4,+14.6,+14.1,+13.6,+13.5
2024-07-19 01:25,1,+9.1,+3.3,+4.5,+15.5,+15.3,+14.6,+14.1,+13.6,+13.5
2024-07-19 02:25,1,+9.1,+3.2,+4.4,+15.4,+15.3,+14.5,+14.1,+13.6,+13.5
2024-07-19 03:25,1,+9.0,+3.2,+4.4,+15.1,+15.1,+14.5,+14.3,+13.6,+13.5
2024-07-19 04:25,1,+9.0,+3.2,+4.4,+15.0,+14.9,+14.5,+14.1,+13.6,+13.5
2024-07-19 05:25,1,+9.0,+3.2,+4.4,+14.9,+14.9,+14.5,+14.3,+13.6,+13.5
2024-07-19 06:25,1,+9.0,+3.2,+4.4,+14.8,+14.9,+14.5,+14.3,+13.6,+13.5
2024-07-19 07:25,1,+9.0,+3.2,+4.4,+14.6,+14.6,+14.4,+14.1,+13.6,+13.5
2024-07-19 08:25,1,+9.0,+3.2,+4.4,+14.6,+14.6,+14.3,+14.1,+13.6,+13.5
2024-07-19 09:25,1,+8.9,+3.2,+4.4,+14.8,+14.6,+14.3,+14.1,+13.6,+13.6
2024-07-19 10:25,1,+8.9,+3.1,+4.4,+15.0,+14.6,+14.3,+14.1,+13.6,+13.5
2024-07-19 11:25,1,+8.9,+3.1,+4.4,+15.5,+14.8,+14.3,+14.1,+13.6,+13.5
2024-07-19 12:25,1,+8.9,+3.1,+4.4,+15.9,+14.9,+14.3,+14.0,+13.6,+13.5
2024-07-19 13:25,1,+8.9,+3.1,+4.3,+16.3,+15.1,+14.3,+14.0,+13.5,+13.5
2024-07-19 14:25,1,+8.9,+3.1,+4.3,+16.6,+15.3,+14.4,+14.0,+13.6,+13.5
2024-07-19 15:25,1,+8.8,+3.1,+4.3,+16.9,+15.5,+14.4,+14.0,+13.5,+13.4
2024-07-19 16:25,1,+8.8,+3.1,+4.3,+17.3,+15.8,+14.5,+14.1,+13.5,+13.4
2024-07-19 17:25,1,+8.8,+3.1,+4.3,+17.4,+15.9,+14.6,+14.0,+13.6,+13.5
2024-07-19 18:25,1,+8.7,+3.1,+4.3,+17.5,+16.0,+14.6,+14.1,+13.6,+13.5
2024-07-19 19:25,1,+8.7,+3.1,+4.3,+17.4,+16.1,+14.8,+14.1,+13.6,+13.5
2024-07-19 20:25,1,+8.7,+3.1,+4.3,+17.5,+16.1,+14.9,+14.3,+13.6,+13.5
2024-07-19 21:25,1,+8.6,+3.1,+4.3,+17.4,+16.3,+14.9,+14.3,+13.6,+13.5
2024-07-19 22:25,1,+8.6,+3.1,+4.3,+17.3,+16.3,+15.0,+14.3,+13.6,+13.5
2024-07-19 23:25,1,+8.6,+3.1,+4.3,+17.1,+16.3,+15.0,+14.3,+13.6,+13.5
2024-07-20 00:25,1,+8.6,+3.1,+4.3,+16.9,+16.1,+15.0,+14.4,+13.6,+13.5
2024-07-20 01:25,1,+8.6,+3.1,+4.3,+16.8,+16.1,+15.0,+14.4,+13.8,+13.6
2024-07-20 02:25,1,+8.5,+3.1,+4.3,+16.6,+16.0,+15.1,+14.4,+13.8,+13.5
2024-07-20 03:25,1,+8.5,+3.1,+4.3,+16.5,+16.0,+15.1,+14.5,+13.8,+13.6
2024-07-20 04:25,1,+8.5,+3.1,+4.3,+16.4,+15.9,+15.1,+14.4,+13.8,+13.6
2024-07-20 05:25,1,+8.5,+3.1,+4.3,+16.3,+15.8,+15.0,+14.5,+13.8,+13.6
2024-07-20 06:25,1,+8.5,+3.1,+4.3,+16.1,+15.8,+15.0,+14.5,+13.9,+13.6
2024-07-20 07:25,1,+8.5,+3.1,+4.3,+16.0,+15.6,+15.0,+14.5,+13.8,+13.6
2024-07-20 08:25,1,+8.5,+3.1,+4.3,+16.0,+15.6,+14.9,+14.5,+13.9,+13.8
2024-07-20 09:25,1,+8.5,+3.1,+4.3,+16.1,+15.6,+15.0,+14.5,+13.8,+13.6
2024-07-20 10:25,1,+8.5,+3.1,+4.3,+16.4,+15.6,+14.9,+14.4,+13.8,+13.6
2024-07-20 11:25,1,+8.4,+3.1,+4.2,+16.8,+15.8,+14.9,+14.5,+13.9,+13.6
2024-07-20 12:25,1,+8.4,+3.1,+4.2,+17.0,+15.9,+14.9,+14.4,+13.8,+13.6
2024-07-20 13:25,1,+8.4,+3.0,+4.2,+17.4,+16.0,+14.9,+14.4,+13.9,+13.6
2024-07-20 14:25,1,+8.4,+3.0,+4.2,+17.6,+16.1,+15.0,+14.5,+13.8,+13.6
2024-07-20 15:25,1,+8.3,+3.0,+4.2,+18.0,+16.4,+15.0,+14.4,+13.9,+13.6
2024-07-20 16:25,1,+8.3,+3.0,+4.2,+18.1,+16.5,+15.1,+14.4,+13.9,+13.6
2024-07-20 17:25,1,+8.3,+3.0,+4.2,+18.1,+16.6,+15.3,+14.5,+13.8,+13.6
2024-07-20 18:25,1,+8.2,+3.0,+4.2,+18.1,+16.8,+15.4,+14.5,+13.9,+13.6
2024-07-20 19:25,1,+8.2,+3.0,+4.2,+18.0,+16.8,+15.4,+14.5,+13.9,+13.6
2024-07-20 20:25,1,+8.2,+3.0,+4.2,+18.0,+16.8,+15.4,+14.6,+13.9,+13.8
2024-07-20 21:25,1,+8.2,+3.0,+4.2,+17.9,+16.8,+15.5,+14.6,+14.0,+13.8
2024-07-20 22:25,1,+8.2,+3.1,+4.2,+17.8,+16.8,+15.5,+14.8,+13.9,+13.8
2024-07-20 23:25,1,+8.2,+3.0,+4.2,+17.6,+16.8,+15.5,+14.8,+14.0,+13.8
2024-07-21 00:25,1,+8.1,+3.1,+4.2,+17.4,+16.6,+15.6,+14.8,+14.0,+13.8
2024-07-21 01:25,1,+8.1,+3.0,+4.2,+17.4,+16.6,+15.5,+14.8,+14.0,+13.8
2024-07-21 02:25,1,+8.1,+3.1,+4.2,+17.1,+16.5,+15.5,+14.8,+14.0,+13.8
2024-07-21 03:25,1,+8.1,+3.0,+4.2,+17.0,+16.5,+15.6,+14.9,+14.0,+13.9
2024-07-21 04:25,1,+8.1,+3.0,+4.2,+16.9,+16.4,+15.5,+14.9,+14.0,+13.9
2024-07-21 05:25,1,+8.0,+3.0,+4.2,+16.8,+16.4,+15.5,+14.9,+14.1,+13.9
2024-07-21 06:25,1,+8.0,+3.0,+4.2,+16.6,+16.3,+15.4,+14.9,+14.0,+13.9
2024-07-21 07:25,1,+8.0,+3.0,+4.2,+16.6,+16.3,+15.4,+14.8,+14.1,+13.9
2024-07-21 08:25,1,+8.0,+3.0,+4.2,+16.5,+16.1,+15.4,+14.9,+14.1,+13.9
2024-07-21 09:25,1,+8.0,+3.0,+4.2,+16.5,+16.1,+15.4,+14.9,+14.1,+13.9
2024-07-21 10:25,1,+8.0,+3.0,+4.2,+16.6,+16.0,+15.4,+14.8,+14.1,+13.9
2024-07-21 11:25,1,+8.0,+3.0,+4.2,+16.8,+16.1,+15.3,+14.8,+14.1,+13.9
2024-07-21 12:25,1,+8.0,+3.0,+4.2,+16.9,+16.1,+15.3,+14.8,+14.1,+13.9
2024-07-21 13:25,1,+7.9,+3.0,+4.1,+17.0,+16.1,+15.3,+14.8,+14.1,+13.9
2024-07-21 14:25,1,+7.9,+3.0,+4.1,+17.4,+16.3,+15.3,+14.8,+14.1,+13.9
2024-07-21 15:25,1,+7.9,+2.9,+4.1,+17.5,+16.4,+15.3,+14.8,+14.0,+13.9
2024-07-21 16:25,1,+7.8,+2.9,+4.1,+17.8,+16.5,+15.4,+14.8,+14.0,+13.9
2024-07-21 17:25,1,+7.8,+2.9,+4.1,+17.9,+16.5,+15.4,+14.6,+14.0,+13.9
2024-07-21 18:25,1,+7.7,+2.9,+4.1,+18.0,+16.6,+15.5,+14.8,+14.0,+13.9
2024-07-21 19:25,1,+7.7,+2.9,+4.0,+18.0,+16.8,+15.4,+14.8,+14.0,+13.9
2024-07-21 20:25,1,+7.7,+2.9,+4.1,+18.0,+16.8,+15.5,+14.9,+14.1,+13.9
2024-07-21 21:25,1,+7.7,+2.9,+4.0,+17.9,+16.9,+15.6,+14.9,+14.1,+13.9
2024-07-21 22:25,1,+7.6,+2.9,+4.0,+17.8,+16.8,+15.6,+14.9,+14.1,+13.9
2024-07-21 23:25,1,+7.6,+2.9,+4.0,+17.6,+16.8,+15.6,+14.9,+14.1,+14.0
2024-07-22 00:25,1,+7.6,+2.9,+4.0,+17.5,+16.8,+15.6,+15.0,+14.1,+14.0
2024-07-22 01:25,1,+7.6,+2.9,+4.0,+17.4,+16.6,+15.6,+14.9,+14.1,+14.0
2024-07-22 02:25,1,+7.6,+2.9,+4.0,+17.3,+16.6,+15.6,+14.9,+14.1,+14.0
2024-07-22 03:25,1,+7.6,+2.9,+4.0,+17.1,+16.5,+15.6,+15.0,+14.3,+13.9
2024-07-22 04:25,1,+7.5,+2.9,+4.0,+16.9,+16.5,+15.6,+15.0,+14.1,+14.0
2024-07-22 05:25,1,+7.5,+2.9,+4.0,+16.8,+16.4,+15.6,+15.0,+14.3,+14.0
2024-07-22 06:25,1,+7.5,+2.9,+4.0,+16.6,+16.3,+15.6,+15.0,+14.3,+14.0
2024-07-22 07:25,1,+7.5,+2.9,+4.0,+16.5,+16.3,+15.5,+15.0,+14.3,+14.0
2024-07-22 08:25,1,+7.5,+2.9,+4.0,+16.5,+16.1,+15.5,+15.0,+14.3,+14.0
2024-07-22 09:25,1,+7.4,+2.8,+4.0,+16.6,+16.1,+15.5,+14.9,+14.3,+14.0
2024-07-22 10:25,1,+7.4,+2.8,+4.0,+16.6,+16.1,+15.4,+14.9,+14.3,+14.1
2024-07-22 11:25,1,+7.4,+2.8,+4.0,+16.8,+16.1,+15.4,+14.9,+14.3,+14.0
2024-07-22 12:25,1,+7.4,+2.8,+4.0,+16.9,+16.3,+15.4,+14.9,+14.3,+14.0
2024-07-22 13:25,1,+7.4,+2.8,+4.0,+16.9,+16.1,+15.4,+14.9,+14.1,+14.0
2024-07-22 14:25,1,+7.4,+2.8,+3.9,+16.9,+16.3,+15.4,+14.9,+14.3,+14.0
2024-07-22 15:25,1,+7.4,+2.8,+3.9,+17.0,+16.3,+15.4,+14.9,+14.3,+14.0
2024-07-22 16:25,1,+7.3,+2.8,+3.9,+17.3,+16.3,+15.4,+14.9,+14.3,+14.0
2024-07-22 17:25,1,+7.3,+2.7,+3.9,+17.3,+16.4,+15.4,+14.9,+14.1,+14.0
2024-07-22 18:25,1,+7.3,+2.8,+3.9,+17.4,+16.4,+15.4,+14.9,+14.3,+14.0
2024-07-22 19:25,1,+7.3,+2.7,+3.9,+17.4,+16.5,+15.5,+14.9,+14.3,+14.0
2024-07-22 20:25,1,+7.2,+2.7,+3.9,+17.3,+16.5,+15.4,+14.9,+14.1,+14.0
2024-07-22 21:25,1,+7.2,+2.7,+3.9,+17.3,+16.5,+15.5,+14.9,+14.1,+14.0
2024-07-22 22:25,1,+7.2,+2.7,+3.9,+17.1,+16.5,+15.5,+14.9,+14.1,+14.0
2024-07-22 23:25,1,+7.2,+2.7,+3.9,+16.9,+16.4,+15.5,+14.9,+14.3,+14.0
2024-07-23 00:25,1,+7.2,+2.7,+3.9,+16.9,+16.4,+15.5,+14.9,+14.3,+14.0
2024-07-23 01:25,1,+7.2,+2.7,+3.9,+16.8,+16.3,+15.5,+14.9,+14.3,+14.0
2024-07-23 02:25,1,+7.2,+2.7,+3.9,+16.6,+16.3,+15.5,+15.0,+14.3,+14.0
2024-07-23 03:25,1,+7.2,+2.7,+3.9,+16.5,+16.1,+15.4,+14.9,+14.3,+14.0
2024-07-23 04:25,1,+7.1,+2.7,+3.9,+16.4,+16.1,+15.4,+14.9,+14.3,+14.0
2024-07-23 05:25,1,+7.1,+2.7,+3.9,+16.3,+16.0,+15.4,+14.9,+14.3,+14.0
2024-07-23 06:25,1,+7.1,+2.7,+3.9,+16.1,+15.9,+15.4,+14.9,+14.3,+14.0
2024-07-23 07:25,1,+7.1,+2.7,+3.9,+16.1,+15.9,+15.3,+14.9,+14.3,+14.1
2024-07-23 08:25,1,+7.1,+2.7,+3.9,+15.9,+15.9,+15.3,+14.9,+14.3,+14.0
2024-07-23 09:25,1,+7.1,+2.7,+3.8,+16.0,+15.8,+15.3,+14.9,+14.3,+14.1
2024-07-23 10:25,1,+7.1,+2.6,+3.8,+16.0,+15.6,+15.3,+14.9,+14.3,+14.1
2024-07-23 11:25,1,+7.1,+2.6,+3.8,+16.0,+15.6,+15.1,+14.8,+14.3,+14.0
2024-07-23 12:25,1,+7.1,+2.6,+3.8,+16.3,+15.6,+15.1,+14.8,+14.3,+14.0
2024-07-23 13:25,1,+7.1,+2.6,+3.8,+16.4,+15.8,+15.1,+14.8,+14.1,+14.0
2024-07-23 14:25,1,+7.1,+2.6,+3.8,+16.6,+15.9,+15.1,+14.8,+14.1,+14.0
2024-07-23 15:25,1,+7.1,+2.6,+3.8,+16.8,+15.9,+15.1,+14.8,+14.1,+14.0
2024-07-23 16:25,1,+7.1,+2.6,+3.8,+16.8,+16.0,+15.1,+14.8,+14.1,+14.0
2024-07-23 17:25,1,+7.1,+2.6,+3.8,+16.8,+16.0,+15.1,+14.8,+14.1,+14.0
2024-07-23 18:25,1,+7.0,+2.6,+3.7,+16.8,+16.0,+15.3,+14.8,+14.1,+14.0
2024-07-23 19:25,1,+7.0,+2.5,+3.7,+16.6,+16.1,+15.3,+14.8,+14.1,+14.0
2024-07-23 20:25,1,+7.0,+2.5,+3.7,+16.6,+16.0,+15.3,+14.8,+14.1,+14.0
2024-07-23 21:25,1,+7.0,+2.5,+3.7,+16.5,+16.0,+15.3,+14.8,+14.1,+14.0
2024-07-23 22:25,1,+7.0,+2.5,+3.7,+16.5,+16.0,+15.3,+14.8,+14.1,+14.0
2024-07-23 23:25,1,+7.0,+2.5,+3.7,+16.4,+16.0,+15.3,+14.8,+14.1,+14.0
2024-07-24 00:25,1,+7.0,+2.5,+3.7,+16.3,+15.9,+15.1,+14.8,+14.1,+14.0
2024-07-24 01:25,1,+7.0,+2.5,+3.7,+16.0,+15.9,+15.1,+14.8,+14.1,+14.0
2024-07-24 02:25,1,+6.9,+2.5,+3.7,+15.9,+15.8,+15.3,+14.8,+14.1,+14.0
2024-07-24 03:25,1,+6.9,+2.5,+3.7,+15.6,+15.6,+15.1,+14.8,+14.1,+14.0
2024-07-24 04:25,1,+6.9,+2.5,+3.7,+15.4,+15.5,+15.1,+14.8,+14.1,+14.0
2024-07-24 05:25,1,+6.9,+2.5,+3.7,+15.3,+15.4,+15.0,+14.8,+14.1,+14.0
2024-07-24 06:25,1,+6.9,+2.5,+3.7,+15.0,+15.3,+15.0,+14.8,+14.1,+14.0
2024-07-24 07:25,1,+6.8,+2.5,+3.7,+14.9,+15.1,+15.0,+14.6,+14.1,+14.0
2024-07-24 08:25,1,+6.8,+2.5,+3.7,+14.8,+15.0,+14.9,+14.6,+14.1,+14.0
2024-07-24 09:25,1,+6.8,+2.4,+3.7,+14.9,+15.0,+14.8,+14.6,+14.1,+14.0
2024-07-24 10:25,1,+6.8,+2.4,+3.7,+15.0,+14.9,+14.8,+14.6,+14.1,+14.0
2024-07-24 11:25,1,+6.8,+2.4,+3.7,+15.3,+15.0,+14.6,+14.5,+14.1,+13.9
2024-07-24 12:25,1,+6.8,+2.4,+3.6,+15.5,+15.0,+14.6,+14.5,+14.0,+14.0
2024-07-24 13:25,1,+6.8,+2.4,+3.6,+15.8,+15.1,+14.6,+14.5,+14.0,+13.9
2024-07-24 14:25,1,+6.7,+2.3,+3.6,+16.3,+15.3,+14.6,+14.5,+14.0,+13.9
2024-07-24 15:25,1,+6.7,+2.4,+3.6,+16.5,+15.5,+14.6,+14.5,+14.0,+13.9
2024-07-24 16:25,1,+6.7,+2.3,+3.5,+16.6,+15.6,+14.8,+14.5,+14.0,+13.9
2024-07-24 17:25,1,+6.7,+2.3,+3.5,+16.6,+15.8,+14.8,+14.4,+14.0,+13.9
2024-07-24 18:25,1,+6.6,+2.3,+3.5,+16.8,+15.8,+14.9,+14.5,+14.0,+13.9
2024-07-24 19:25,1,+6.6,+2.3,+3.5,+16.8,+15.8,+14.9,+14.5,+14.0,+13.9
2024-07-24 20:25,1,+6.6,+2.3,+3.5,+16.8,+15.9,+14.9,+14.5,+14.0,+13.8
2024-07-24 21:25,1,+6.6,+2.3,+3.5,+16.6,+15.9,+15.0,+14.5,+14.0,+13.9
2024-07-24 22:25,1,+6.5,+2.3,+3.4,+16.5,+15.9,+15.0,+14.5,+14.0,+13.9
2024-07-24 23:25,1,+6.5,+2.3,+3.5,+16.3,+15.9,+15.0,+14.6,+14.0,+13.9
2024-07-25 00:25,1,+6.5,+2.3,+3.4,+16.0,+15.8,+15.0,+14.6,+14.0,+13.9
2024-07-25 01:25,1,+6.5,+2.3,+3.4,+15.8,+15.6,+15.0,+14.6,+13.9,+13.9
2024-07-25 02:25,1,+6.4,+2.3,+3.4,+15.6,+15.5,+15.0,+14.6,+14.0,+13.9
2024-07-25 03:25,1,+6.4,+2.3,+3.4,+15.4,+15.4,+15.0,+14.6,+14.0,+13.9
2024-07-25 04:25,1,+6.4,+2.3,+3.4,+15.3,+15.4,+14.9,+14.6,+14.0,+13.9
2024-07-25 05:25,1,+6.4,+2.2,+3.4,+15.1,+15.3,+14.9,+14.6,+14.0,+13.9
2024-07-25 06:25,1,+6.3,+2.2,+3.4,+15.0,+15.0,+14.8,+14.5,+14.0,+13.9
2024-07-25 07:25,1,+6.3,+2.2,+3.4,+14.8,+15.0,+14.8,+14.5,+14.0,+13.9
2024-07-25 08:25,1,+6.3,+2.2,+3.4,+14.8,+14.9,+14.8,+14.5,+14.0,+13.9
2024-07-25 09:25,1,+6.3,+2.2,+3.4,+14.9,+14.9,+14.6,+14.5,+14.0,+13.9
2024-07-25 10:25,1,+6.3,+2.1,+3.4,+15.1,+14.8,+14.5,+14.5,+14.0,+13.9
2024-07-25 11:25,1,+6.3,+2.1,+3.4,+15.4,+14.9,+14.5,+14.4,+13.9,+13.9
2024-07-25 12:25,1,+6.3,+2.1,+3.3,+15.8,+15.0,+14.5,+14.4,+13.9,+13.9
2024-07-25 13:25,1,+6.3,+2.1,+3.3,+16.3,+15.3,+14.5,+14.4,+14.0,+13.9
2024-07-25 14:25,1,+6.3,+2.1,+3.3,+16.6,+15.4,+14.6,+14.4,+13.9,+13.8
2024-07-25 15:25,1,+6.2,+2.1,+3.3,+16.9,+15.5,+14.6,+14.4,+13.9,+13.8
2024-07-25 16:25,1,+6.2,+2.0,+3.3,+17.0,+15.8,+14.8,+14.4,+13.9,+13.8
2024-07-25 17:25,1,+6.2,+2.0,+3.2,+17.1,+15.9,+14.8,+14.4,+13.9,+13.8
2024-07-25 18:25,1,+6.1,+2.0,+3.2,+17.3,+16.0,+14.9,+14.4,+13.9,+13.8
2024-07-25 19:25,1,+6.1,+2.0,+3.2,+17.4,+16.0,+14.9,+14.4,+13.9,+13.8
2024-07-25 20:25,1,+6.1,+2.0,+3.2,+17.3,+16.1,+15.0,+14.4,+13.9,+13.8
2024-07-25 21:25,1,+6.1,+2.0,+3.2,+17.1,+16.1,+15.0,+14.5,+13.9,+13.8
2024-07-25 22:25,1,+6.0,+2.0,+3.1,+17.0,+16.1,+15.1,+14.5,+13.9,+13.8
2024-07-25 23:25,1,+6.0,+2.0,+3.2,+16.9,+16.1,+15.1,+14.5,+13.9,+13.8
2024-07-26 00:25,1,+6.0,+2.0,+3.1,+16.8,+16.1,+15.1,+14.5,+13.9,+13.8
2024-07-26 01:25,1,+6.0,+2.0,+3.1,+16.6,+16.0,+15.1,+14.5,+14.0,+13.8
2024-07-26 02:25,1,+5.9,+2.0,+3.2,+16.5,+16.0,+15.3,+14.6,+14.0,+13.8
2024-07-26 03:25,1,+5.9,+2.0,+3.1,+16.4,+15.9,+15.1,+14.6,+14.0,+13.8
2024-07-26 04:25,1,+5.9,+2.0,+3.1,+16.3,+15.9,+15.1,+14.6,+14.0,+13.8
2024-07-26 05:25,1,+5.9,+2.0,+3.1,+16.3,+15.8,+15.1,+14.6,+14.0,+13.8
2024-07-26 06:25,1,+5.9,+2.0,+3.1,+16.1,+15.8,+15.1,+14.6,+14.0,+13.9
2024-07-26 07:25,1,+5.9,+2.0,+3.1,+16.1,+15.8,+15.1,+14.6,+14.0,+13.9
2024-07-26 08:25,1,+5.9,+2.0,+3.1,+16.1,+15.6,+15.1,+14.6,+14.0,+13.9
2024-07-26 09:25,1,+5.9,+2.0,+3.1,+16.1,+15.8,+15.0,+14.6,+14.0,+13.9
2024-07-26 10:25,1,+5.9,+2.0,+3.1,+16.4,+15.6,+15.0,+14.6,+14.0,+13.9
2024-07-26 11:25,1,+5.9,+2.0,+3.1,+16.6,+15.8,+14.9,+14.5,+14.0,+13.9
2024-07-26 12:25,1,+5.9,+2.0,+3.1,+17.0,+15.9,+15.0,+14.5,+14.0,+13.9
2024-07-26 13:25,1,+5.9,+1.9,+3.1,+17.4,+16.0,+15.0,+14.5,+14.0,+13.9
2024-07-26 14:25,1,+5.9,+1.9,+3.1,+17.8,+16.3,+15.1,+14.6,+14.0,+13.9
2024-07-26 15:25,1,+5.9,+1.9,+3.1,+18.1,+16.5,+15.1,+14.6,+14.0,+13.9
2024-07-26 16:25,1,+5.9,+1.9,+3.1,+18.4,+16.8,+15.3,+14.6,+14.0,+13.9
2024-07-26 17:25,1,+5.9,+1.9,+3.0,+18.6,+16.9,+15.4,+14.6,+14.0,+13.9
2024-07-26 18:25,1,+5.9,+1.9,+3.0,+18.9,+17.0,+15.4,+14.8,+14.0,+13.9
2024-07-26 19:25,1,+5.9,+1.9,+3.0,+19.0,+17.1,+15.5,+14.8,+14.0,+13.9
2024-07-26 20:25,1,+5.8,+1.9,+3.0,+19.0,+17.3,+15.6,+14.8,+14.0,+13.9
2024-07-26 21:25,1,+5.8,+1.9,+3.0,+18.9,+17.3,+15.8,+14.9,+14.1,+13.9
2024-07-26 22:25,1,+5.8,+1.9,+3.0,+18.9,+17.4,+15.8,+14.9,+14.1,+13.9
2024-07-26 23:25,1,+5.8,+1.9,+3.0,+18.8,+17.4,+15.9,+14.9,+14.1,+13.9
2024-07-27 00:25,1,+5.8,+2.0,+3.0,+18.6,+17.4,+16.0,+15.0,+14.1,+13.9
2024-07-27 01:25,1,+5.8,+1.9,+3.0,+18.6,+17.4,+16.0,+15.0,+14.1,+14.0
2024-07-27 02:25,1,+5.8,+1.9,+3.0,+18.6,+17.5,+16.0,+15.0,+14.3,+14.0
2024-07-27 03:25,1,+5.8,+2.0,+3.0,+18.6,+17.4,+16.0,+15.1,+14.3,+14.0
2024-07-27 04:25,1,+5.8,+2.0,+3.0,+18.5,+17.5,+16.0,+15.1,+14.3,+14.0
2024-07-27 05:25,1,+5.8,+2.0,+3.1,+18.5,+17.4,+16.1,+15.1,+14.3,+14.0
2024-07-27 06:25,1,+5.8,+2.0,+3.1,+18.5,+17.4,+16.1,+15.3,+14.3,+14.1
2024-07-27 07:25,1,+5.8,+2.0,+3.1,+18.5,+17.4,+16.1,+15.3,+14.3,+14.1
2024-07-27 08:25,1,+5.8,+2.0,+3.1,+18.5,+17.4,+16.1,+15.3,+14.4,+14.1
2024-07-27 09:25,1,+5.8,+2.0,+3.1,+18.6,+17.4,+16.0,+15.3,+14.4,+14.1
2024-07-27 10:25,1,+5.8,+2.0,+3.1,+18.8,+17.5,+16.1,+15.3,+14.4,+14.1
2024-07-27 11:25,1,+5.8,+1.9,+3.1,+19.0,+17.5,+16.1,+15.3,+14.4,+14.1
2024-07-27 12:25,1,+5.8,+1.9,+3.0,+19.5,+17.6,+16.1,+15.3,+14.4,+14.3
2024-07-27 13:25,1,+5.7,+1.9,+3.0,+19.9,+17.8,+16.1,+15.3,+14.4,+14.3
2024-07-27 14:25,1,+5.7,+1.9,+3.0,+20.3,+18.0,+16.3,+15.4,+14.4,+14.3
2024-07-27 15:25,1,+5.7,+1.9,+3.0,+20.5,+18.3,+16.4,+15.3,+14.5,+14.3
2024-07-27 16:25,1,+5.7,+1.9,+2.9,+20.6,+18.4,+16.4,+15.4,+14.5,+14.3
2024-07-27 17:25,1,+5.6,+1.9,+2.9,+20.6,+18.5,+16.5,+15.4,+14.5,+14.3
2024-07-27 18:25,1,+5.6,+1.9,+2.9,+20.6,+18.6,+16.6,+15.4,+14.5,+14.3
2024-07-27 19:25,1,+5.6,+1.9,+2.9,+20.6,+18.6,+16.6,+15.5,+14.5,+14.3
2024-07-27 20:25,1,+5.5,+1.9,+2.9,+20.5,+18.6,+16.8,+15.5,+14.6,+14.4
2024-07-27 21:25,1,+5.5,+1.9,+2.9,+20.3,+18.6,+16.9,+15.6,+14.6,+14.4
2024-07-27 22:25,1,+5.5,+1.9,+2.9,+20.1,+18.6,+16.9,+15.6,+14.6,+14.4
2024-07-27 23:25,1,+5.5,+1.9,+2.9,+20.0,+18.6,+16.9,+15.6,+14.6,+14.4
2024-07-28 00:25,1,+5.4,+1.9,+2.9,+20.0,+18.6,+17.0,+15.8,+14.8,+14.5
2024-07-28 01:25,1,+5.4,+1.9,+2.9,+19.9,+18.6,+17.0,+15.8,+14.8,+14.4
2024-07-28 02:25,1,+5.4,+1.9,+2.9,+19.8,+18.5,+17.0,+15.8,+14.8,+14.5
2024-07-28 03:25,1,+5.4,+1.9,+2.9,+19.6,+18.4,+17.0,+15.9,+14.8,+14.5
2024-07-28 04:25,1,+5.4,+1.9,+2.9,+19.5,+18.4,+17.0,+15.9,+14.8,+14.6
2024-07-28 05:25,1,+5.3,+1.9,+2.9,+19.5,+18.4,+17.0,+15.9,+14.9,+14.6
2024-07-28 06:25,1,+5.3,+1.9,+2.9,+19.4,+18.3,+17.0,+15.9,+14.9,+14.6
2024-07-28 07:25,1,+5.3,+1.8,+2.9,+19.3,+18.3,+17.0,+15.9,+14.9,+14.6
2024-07-28 08:25,1,+5.3,+1.9,+2.9,+19.4,+18.3,+16.9,+15.9,+14.9,+14.6
2024-07-28 09:25,1,+5.3,+1.8,+2.9,+19.3,+18.3,+16.9,+15.9,+15.0,+14.6
2024-07-28 10:25,1,+5.3,+1.8,+2.9,+19.4,+18.3,+16.9,+15.9,+14.9,+14.6
2024-07-28 11:25,1,+5.3,+1.8,+2.9,+19.4,+18.3,+16.9,+16.0,+14.9,+14.6
2024-07-28 12:25,1,+5.3,+1.8,+2.9,+19.5,+18.3,+16.9,+16.0,+15.0,+14.6
2024-07-28 13:25,1,+5.3,+1.8,+2.8,+19.5,+18.3,+16.9,+15.9,+14.9,+14.8
2024-07-28 14:25,1,+5.3,+1.8,+2.8,+19.6,+18.3,+16.9,+16.0,+15.0,+14.8
2024-07-28 15:25,1,+5.3,+1.8,+2.9,+19.6,+18.4,+16.9,+15.9,+15.0,+14.8
2024-07-28 16:25,1,+5.3,+1.8,+2.8,+19.6,+18.4,+16.9,+15.9,+15.0,+14.8
2024-07-28 17:25,1,+5.3,+1.7,+2.8,+19.8,+18.4,+17.0,+16.0,+15.0,+14.8
2024-07-28 18:25,1,+5.3,+1.7,+2.8,+19.9,+18.4,+17.0,+15.9,+15.0,+14.8
2024-07-28 19:25,1,+5.3,+1.7,+2.8,+19.9,+18.5,+17.0,+16.0,+15.0,+14.8
2024-07-28 20:25,1,+5.3,+1.7,+2.8,+19.8,+18.5,+17.0,+16.0,+15.0,+14.8
2024-07-28 21:25,1,+5.2,+1.7,+2.8,+19.5,+18.5,+17.1,+16.0,+15.0,+14.8
2024-07-28 22:25,1,+5.2,+1.7,+2.8,+19.4,+18.4,+17.1,+16.0,+15.0,+14.8
2024-07-28 23:25,1,+5.2,+1.7,+2.8,+19.1,+18.4,+17.0,+16.1,+15.1,+14.9
2024-07-29 00:25,1,+5.2,+1.7,+2.8,+19.0,+18.3,+17.0,+16.1,+15.1,+14.9
2024-07-29 01:25,1,+5.2,+1.7,+2.8,+18.9,+18.1,+17.0,+16.1,+15.1,+14.9
2024-07-29 02:25,1,+5.1,+1.7,+2.8,+18.8,+18.1,+17.0,+16.1,+15.1,+14.9
2024-07-29 03:25,1,+5.1,+1.7,+2.9,+18.8,+18.0,+16.9,+16.0,+15.1,+14.9
2024-07-29 04:25,1,+5.1,+1.7,+2.9,+18.6,+17.9,+16.9,+16.1,+15.1,+14.9
2024-07-29 05:25,1,+5.1,+1.7,+2.8,+18.5,+17.9,+16.9,+16.1,+15.1,+14.9
2024-07-29 06:25,1,+5.1,+1.7,+2.8,+18.5,+17.9,+16.9,+16.0,+15.1,+14.9
2024-07-29 07:25,1,+5.1,+1.6,+2.9,+18.4,+17.8,+16.9,+16.1,+15.1,+14.9
2024-07-29 08:25,1,+5.1,+1.6,+2.8,+18.4,+17.8,+16.8,+16.1,+15.1,+14.9
2024-07-29 09:25,1,+5.1,+1.6,+2.8,+18.4,+17.8,+16.8,+16.0,+15.1,+14.9
2024-07-29 10:25,1,+5.1,+1.6,+2.8,+18.5,+17.6,+16.8,+16.0,+15.1,+14.9
2024-07-29 11:25,1,+5.1,+1.6,+2.8,+18.8,+17.8,+16.8,+16.0,+15.1,+14.9
2024-07-29 12:25,1,+5.0,+1.6,+2.8,+19.0,+17.8,+16.6,+16.0,+15.1,+14.9
2024-07-29 13:25,1,+5.1,+1.6,+2.8,+19.3,+17.9,+16.6,+16.0,+15.1,+14.9
2024-07-29 14:25,1,+5.0,+1.6,+2.8,+19.5,+18.0,+16.6,+15.9,+15.1,+14.9
2024-07-29 15:25,1,+5.0,+1.5,+2.8,+19.6,+18.1,+16.8,+16.0,+15.1,+14.9
2024-07-29 16:25,1,+5.0,+1.5,+2.7,+19.8,+18.3,+16.8,+15.9,+15.1,+14.9
2024-07-29 17:25,1,+5.0,+1.5,+2.7,+19.8,+18.3,+16.9,+15.9,+15.1,+14.9
2024-07-29 18:25,1,+5.0,+1.5,+2.7,+19.8,+18.4,+16.9,+16.0,+15.1,+14.9
2024-07-29 19:25,1,+4.9,+1.4,+2.6,+19.8,+18.4,+17.0,+16.0,+15.1,+14.9
2024-07-29 20:25,1,+4.9,+1.5,+2.6,+19.6,+18.4,+17.0,+16.0,+15.1,+14.9
2024-07-29 21:25,1,+4.9,+1.4,+2.6,+19.4,+18.4,+17.0,+16.1,+15.3,+14.9
2024-07-29 22:25,1,+4.8,+1.4,+2.6,+19.1,+18.3,+17.0,+16.1,+15.1,+14.9
2024-07-29 23:25,1,+4.8,+1.4,+2.6,+18.8,+18.3,+17.0,+16.1,+15.1,+14.9
2024-07-30 00:25,1,+4.8,+1.4,+2.6,+18.5,+18.0,+17.0,+16.1,+15.1,+15.0
2024-07-30 01:25,1,+4.7,+1.4,+2.6,+18.3,+17.9,+17.0,+16.1,+15.3,+15.0
2024-07-30 02:25,1,+4.7,+1.4,+2.6,+18.1,+17.8,+16.9,+16.1,+15.3,+15.0
2024-07-30 03:25,1,+4.7,+1.4,+2.6,+18.0,+17.6,+16.8,+16.1,+15.1,+15.0
2024-07-30 04:25,1,+4.7,+1.4,+2.6,+17.8,+17.5,+16.8,+16.1,+15.3,+15.0
2024-07-30 05:25,1,+4.6,+1.4,+2.6,+17.6,+17.4,+16.6,+16.1,+15.1,+15.0
2024-07-30 06:25,1,+4.6,+1.4,+2.5,+17.6,+17.3,+16.6,+16.0,+15.3,+15.0
2024-07-30 07:25,1,+4.7,+1.4,+2.5,+17.5,+17.3,+16.6,+16.0,+15.3,+15.0
2024-07-30 08:25,1,+4.6,+1.3,+2.5,+17.5,+17.1,+16.5,+16.0,+15.3,+15.0
2024-07-30 09:25,1,+4.6,+1.3,+2.5,+17.5,+17.1,+16.5,+16.0,+15.3,+15.0
2024-07-30 10:25,1,+4.6,+1.3,+2.5,+17.6,+17.1,+16.5,+15.9,+15.3,+15.0
2024-07-30 11:25,1,+4.7,+1.3,+2.5,+17.8,+17.1,+16.4,+15.9,+15.1,+15.0
2024-07-30 12:25,1,+4.7,+1.3,+2.5,+18.1,+17.1,+16.4,+15.9,+15.1,+15.0
2024-07-30 13:25,1,+4.7,+1.3,+2.5,+18.4,+17.4,+16.4,+15.9,+15.1,+15.0
2024-07-30 14:25,1,+4.7,+1.3,+2.5,+18.9,+17.5,+16.4,+15.9,+15.1,+15.0
2024-07-30 15:25,1,+4.8,+1.3,+2.5,+19.1,+17.6,+16.5,+15.9,+15.1,+15.0
2024-07-30 16:25,1,+4.8,+1.3,+2.4,+19.3,+17.9,+16.5,+15.9,+15.1,+14.9
2024-07-30 17:25,1,+4.8,+1.2,+2.4,+19.4,+18.0,+16.6,+15.9,+15.1,+14.9
2024-07-30 18:25,1,+4.8,+1.3,+2.4,+19.6,+18.0,+16.6,+15.9,+15.1,+14.9
2024-07-30 19:25,1,+4.8,+1.3,+2.4,+19.6,+18.1,+16.8,+15.9,+15.1,+14.9
2024-07-30 20:25,1,+4.8,+1.3,+2.4,+19.5,+18.3,+16.8,+16.0,+15.1,+14.9
2024-07-30 21:25,1,+4.8,+1.3,+2.4,+19.5,+18.3,+16.9,+16.0,+15.1,+14.9
2024-07-30 22:25,1,+4.8,+1.3,+2.4,+19.3,+18.3,+16.9,+16.0,+15.1,+15.0
2024-07-30 23:25,1,+4.8,+1.3,+2.4,+19.0,+18.1,+16.9,+16.1,+15.1,+14.9
2024-07-31 00:25,1,+4.8,+1.3,+2.4,+18.9,+18.0,+16.9,+16.1,+15.1,+15.0
2024-07-31 01:25,1,+4.8,+1.3,+2.4,+18.6,+18.0,+16.9,+16.1,+15.1,+15.0
2024-07-31 02:25,1,+4.8,+1.3,+2.4,+18.5,+17.9,+16.9,+16.1,+15.3,+15.0
2024-07-31 03:25,1,+4.8,+1.3,+2.4,+18.4,+17.8,+16.9,+16.1,+15.3,+15.0
2024-07-31 04:25,1,+4.7,+1.2,+2.3,+18.1,+17.6,+16.9,+16.1,+15.1,+15.0
2024-07-31 05:25,1,+4.7,+1.2,+2.4,+18.0,+17.6,+16.8,+16.1,+15.3,+15.0
2024-07-31 06:25,1,+4.7,+1.2,+2.4,+17.9,+17.5,+16.8,+16.1,+15.3,+15.0
2024-07-31 07:25,1,+4.7,+1.2,+2.3,+17.8,+17.4,+16.8,+16.0,+15.3,+15.0
2024-07-31 08:25,1,+4.7,+1.2,+2.3,+17.8,+17.4,+16.8,+16.0,+15.3,+15.0
2024-07-31 09:25,1,+4.7,+1.2,+2.3,+18.0,+17.3,+16.6,+16.0,+15.3,+15.0
2024-07-31 10:25,1,+4.7,+1.2,+2.3,+18.3,+17.4,+16.6,+16.0,+15.3,+15.0
2024-07-31 11:25,1,+4.8,+1.2,+2.3,+18.6,+17.4,+16.5,+16.0,+15.3,+15.0
2024-07-31 12:25,1,+4.8,+1.2,+2.3,+19.1,+17.6,+16.5,+16.0,+15.3,+15.0
2024-07-31 13:25,1,+4.8,+1.2,+2.3,+19.5,+17.9,+16.6,+16.0,+15.3,+15.0
2024-07-31 14:25,1,+4.8,+1.2,+2.3,+20.0,+18.1,+16.6,+16.0,+15.3,+15.0
2024-07-31 15:25,1,+4.9,+1.2,+2.3,+20.3,+18.4,+16.8,+16.0,+15.3,+15.0
2024-07-31 16:25,1,+4.9,+1.2,+2.3,+20.3,+18.5,+16.9,+16.0,+15.3,+15.0
2024-07-31 17:25,1,+6.1,+1.2,+2.3,+20.0,+18.5,+17.0,+16.0,+15.1,+15.0
2024-07-31 18:25,1,+6.1,+1.2,+2.3,+19.8,+18.6,+17.1,+16.0,+15.3,+15.0
2024-07-31 19:25,1,+6.1,+1.2,+2.3,+19.5,+18.5,+17.1,+16.1,+15.3,+15.0
2024-07-31 20:25,1,+6.1,+1.2,+2.3,+19.3,+18.4,+17.1,+16.1,+15.3,+15.0
2024-07-31 21:25,1,+6.2,+1.2,+2.3,+19.0,+18.3,+17.1,+16.3,+15.3,+15.1
2024-07-31 22:25,1,+6.1,+1.2,+2.3,+18.8,+18.3,+17.1,+16.3,+15.3,+15.1
2024-07-31 23:25,1,+6.2,+1.2,+2.2,+18.6,+18.1,+17.1,+16.3,+15.4,+15.0
2024-08-01 00:25,1,+6.1,+1.2,+2.3,+18.5,+18.0,+17.1,+16.3,+15.4,+15.1
2024-08-01 01:25,1,+6.2,+1.2,+2.2,+18.3,+17.9,+17.0,+16.3,+15.4,+15.1
2024-08-01 02:25,1,+6.1,+1.2,+2.3,+18.1,+17.8,+17.0,+16.3,+15.4,+15.1
2024-08-01 03:25,1,+6.1,+1.2,+2.2,+18.0,+17.8,+16.9,+16.3,+15.4,+15.1
2024-08-01 04:25,1,+6.1,+1.2,+2.2,+17.9,+17.6,+16.9,+16.3,+15.4,+15.1
2024-08-01 05:25,1,+6.1,+1.2,+2.2,+17.8,+17.5,+16.8,+16.1,+15.4,+15.1
2024-08-01 06:25,1,+6.1,+1.1,+2.3,+17.6,+17.4,+16.8,+16.1,+15.4,+15.1
2024-08-01 07:25,1,+6.1,+1.1,+2.3,+17.6,+17.4,+16.8,+16.1,+15.4,+15.1
2024-08-01 08:25,1,+6.2,+1.1,+2.2,+17.6,+17.3,+16.6,+16.1,+15.4,+15.1
2024-08-01 09:25,1,+6.1,+1.1,+2.2,+17.6,+17.3,+16.6,+16.1,+15.4,+15.1
2024-08-01 10:25,1,+6.2,+1.1,+2.2,+17.8,+17.3,+16.6,+16.1,+15.4,+15.1
2024-08-01 11:25,1,+6.2,+1.1,+2.2,+17.9,+17.3,+16.5,+16.1,+15.4,+15.1
2024-08-01 12:25,1,+6.2,+1.1,+2.2,+18.0,+17.4,+16.5,+16.0,+15.3,+15.1