
2024-06-19 08:36,1,+21.7,+38.9,+32.4,+15.0,+14.9,+14.6,+14.0,+13.3,+13.3
2024-06-19 09:36,1,+19.5,+38.6,+32.4,+15.1,+15.0,+14.4,+13.6,+12.9,+12.8
2024-06-19 10:36,1,+19.5,+38.6,+32.4,+15.3,+14.9,+14.3,+13.8,+12.8,+12.9
2024-06-19 11:36,1,+19.3,+38.5,+32.4,+15.4,+14.9,+14.3,+13.6,+12.9,+12.8
2024-06-19 12:36,1,+18.8,+38.5,+32.4,+15.6,+14.9,+14.3,+13.6,+12.8,+12.8
2024-06-19 13:36,1,+18.8,+38.4,+32.5,+16.0,+14.9,+14.3,+13.6,+12.8,+12.8
2024-06-19 14:36,1,+18.8,+38.5,+32.5,+16.0,+15.0,+14.3,+13.5,+12.8,+12.8
2024-06-19 15:36,1,+18.8,+38.5,+32.5,+16.0,+15.1,+14.3,+13.5,+12.8,+12.8
2024-06-19 16:36,1,+18.7,+38.5,+32.5,+16.0,+15.1,+14.3,+13.5,+12.8,+12.8
2024-06-19 17:36,1,+19.2,+38.4,+32.6,+16.0,+15.1,+14.3,+13.6,+12.8,+12.8
2024-06-19 18:36,1,+19.1,+38.4,+32.6,+15.9,+15.1,+14.3,+13.6,+12.8,+12.8
2024-06-19 19:36,1,+18.9,+38.3,+32.6,+15.8,+15.1,+14.3,+13.5,+12.8,+12.8
2024-06-19 20:36,1,+18.8,+38.2,+32.6,+15.5,+15.1,+14.3,+13.6,+12.8,+12.8
2024-06-19 21:36,1,+19.0,+38.2,+32.6,+15.3,+15.0,+14.3,+13.5,+12.8,+12.6
2024-06-19 22:36,1,+18.8,+38.1,+32.6,+15.1,+14.9,+14.3,+13.6,+12.8,+12.8
2024-06-19 23:36,1,+18.8,+38.1,+32.6,+14.9,+14.8,+14.3,+13.5,+12.8,+12.8
2024-06-20 00:36,1,+19.3,+38.0,+32.7,+14.6,+14.6,+14.1,+13.5,+12.8,+12.8
2024-06-20 01:36,1,+19.3,+38.0,+32.7,+14.4,+14.5,+14.1,+13.5,+12.8,+12.8
2024-06-20 02:36,1,+19.3,+36.9,+32.7,+14.1,+14.4,+14.0,+13.5,+12.8,+12.8
2024-06-20 03:36,1,+19.5,+36.9,+32.7,+14.0,+14.3,+14.0,+13.5,+12.8,+12.8
2024-06-20 04:36,1,+19.4,+36.8,+32.7,+13.9,+14.1,+13.9,+13.4,+12.8,+12.8
2024-06-20 05:36,1,+19.2,+35.1,+32.7,+13.8,+14.0,+13.8,+13.4,+12.8,+12.6
2024-06-20 06:36,1,+19.2,+35.0,+32.7,+13.8,+13.9,+13.8,+13.4,+12.8,+12.8
2024-06-20 07:36,1,+19.1,+34.8,+32.7,+13.8,+13.9,+13.6,+13.4,+12.8,+12.8
2024-06-20 08:36,1,+19.0,+34.8,+32.7,+13.8,+13.8,+13.6,+13.4,+12.8,+12.6
2024-06-20 09:36,1,+18.9,+34.7,+32.7,+13.9,+13.8,+13.5,+13.3,+12.6,+12.8
2024-06-20 10:36,1,+18.9,+34.7,+32.7,+14.1,+13.6,+13.5,+13.3,+12.6,+12.6
2024-06-20 11:36,1,+18.6,+34.5,+32.7,+14.3,+13.9,+13.4,+13.3,+12.6,+12.6
2024-06-20 12:36,1,+18.7,+34.4,+32.7,+14.5,+13.9,+13.4,+13.1,+12.6,+12.6
2024-06-20 13:36,1,+18.4,+34.0,+32.7,+14.8,+14.0,+13.5,+13.1,+12.5,+12.6
2024-06-20 14:36,1,+18.3,+33.9,+32.7,+15.0,+14.1,+13.5,+13.1,+12.5,+12.5
2024-06-20 15:36,1,+18.3,+33.9,+32.7,+15.1,+14.3,+13.5,+13.1,+12.5,+12.5
2024-06-20 16:36,1,+18.1,+33.8,+32.7,+15.3,+14.3,+13.5,+13.1,+12.5,+12.6
2024-06-20 17:36,1,+18.0,+33.7,+32.7,+15.4,+14.4,+13.6,+13.1,+12.5,+12.5
2024-06-20 18:36,1,+18.1,+33.6,+32.7,+15.3,+14.5,+13.6,+13.1,+12.5,+12.6
2024-06-20 19:36,1,+18.0,+33.6,+32.7,+15.3,+14.5,+13.6,+13.1,+12.5,+12.5
2024-06-20 20:36,1,+17.9,+33.5,+32.7,+15.1,+14.5,+13.8,+13.1,+12.5,+12.5
2024-06-20 21:36,1,+17.9,+33.5,+32.7,+15.0,+14.5,+13.8,+13.1,+12.5,+12.5
2024-06-20 22:36,1,+17.9,+33.4,+32.8,+14.9,+14.4,+13.8,+13.1,+12.5,+12.5
2024-06-20 23:36,1,+18.0,+33.4,+32.8,+14.6,+14.4,+13.6,+13.1,+12.5,+12.5
2024-06-21 00:36,1,+18.0,+33.3,+32.7,+14.4,+14.3,+13.8,+13.1,+12.5,+12.5
2024-06-21 01:36,1,+17.9,+33.3,+32.8,+14.3,+14.3,+13.8,+13.1,+12.5,+12.5
2024-06-21 02:36,1,+17.9,+33.2,+32.8,+14.1,+14.1,+13.6,+13.3,+12.5,+12.6
2024-06-21 03:36,1,+18.2,+33.2,+32.8,+14.0,+14.1,+13.6,+13.1,+12.5,+12.5
2024-06-21 04:36,1,+18.3,+33.1,+32.8,+13.8,+13.9,+13.6,+13.1,+12.5,+12.6
2024-06-21 05:36,1,+18.5,+33.1,+32.8,+13.6,+13.8,+13.5,+13.1,+12.5,+12.6
2024-06-21 06:36,1,+18.3,+33.0,+32.8,+13.5,+13.8,+13.5,+13.1,+12.5,+12.5
2024-06-21 07:36,1,+18.4,+32.6,+32.8,+13.5,+13.6,+13.4,+13.1,+12.5,+12.6
2024-06-21 08:36,1,+18.2,+32.5,+32.8,+13.6,+13.6,+13.4,+13.1,+12.5,+12.5
2024-06-21 09:36,1,+18.2,+32.4,+32.8,+13.8,+13.5,+13.3,+13.1,+12.5,+12.5
2024-06-21 10:36,1,+18.1,+32.4,+32.8,+14.0,+13.5,+13.3,+13.0,+12.5,+12.5
2024-06-21 11:36,1,+18.2,+32.3,+32.8,+14.4,+13.6,+13.3,+13.0,+12.5,+12.5
2024-06-21 12:36,1,+17.8,+32.1,+32.8,+14.8,+13.8,+13.3,+13.0,+12.4,+12.5
2024-06-21 13:36,1,+17.9,+32.0,+32.8,+15.6,+14.0,+13.3,+12.9,+12.5,+12.5
2024-06-21 14:36,1,+17.7,+31.9,+32.8,+15.9,+14.1,+13.4,+12.9,+12.4,+12.5
2024-06-21 15:36,1,+17.7,+31.8,+32.8,+16.0,+14.5,+13.5,+13.0,+12.5,+12.5
2024-06-21 16:36,1,+17.6,+31.6,+32.8,+16.0,+14.6,+13.5,+13.0,+12.4,+12.5
2024-06-21 17:36,1,+17.5,+31.5,+32.8,+16.1,+14.8,+13.6,+13.0,+12.4,+12.4
2024-06-21 18:36,1,+17.5,+31.4,+32.8,+16.1,+14.9,+13.6,+12.9,+12.5,+12.5
2024-06-21 19:36,1,+17.4,+31.4,+32.8,+16.0,+14.9,+13.8,+13.0,+12.4,+12.5
2024-06-21 20:36,1,+17.3,+30.9,+32.8,+15.9,+15.0,+13.9,+13.1,+12.4,+12.5
2024-06-21 21:36,1,+17.4,+29.8,+32.8,+15.9,+14.9,+13.9,+13.1,+12.4,+12.5
2024-06-21 22:36,1,+17.3,+29.7,+32.8,+15.6,+14.9,+14.0,+13.1,+12.5,+12.5
2024-06-21 23:36,1,+17.1,+29.7,+32.8,+15.5,+14.9,+14.0,+13.3,+12.5,+12.5
2024-06-22 00:36,1,+17.1,+29.6,+32.8,+15.4,+14.9,+13.9,+13.3,+12.5,+12.5
2024-06-22 01:36,1,+17.2,+29.6,+32.8,+15.3,+14.8,+14.0,+13.3,+12.5,+12.6
2024-06-22 02:36,1,+17.1,+29.6,+32.8,+15.1,+14.8,+14.0,+13.3,+12.5,+12.5
2024-06-22 03:36,1,+17.1,+29.5,+32.8,+15.1,+14.6,+14.0,+13.3,+12.5,+12.5
2024-06-22 04:36,1,+17.0,+29.5,+32.8,+15.0,+14.6,+13.9,+13.3,+12.6,+12.5
2024-06-22 05:36,1,+17.0,+29.4,+32.9,+15.0,+14.5,+13.9,+13.3,+12.6,+12.6
2024-06-22 06:36,1,+17.3,+29.4,+32.8,+14.9,+14.5,+13.9,+13.4,+12.6,+12.6
2024-06-22 07:36,1,+17.1,+29.4,+32.6,+14.9,+14.5,+13.9,+13.3,+12.6,+12.6
2024-06-22 08:36,1,+17.2,+29.3,+32.6,+14.9,+14.5,+13.9,+13.3,+12.6,+12.6
2024-06-22 09:36,1,+17.2,+29.2,+32.5,+15.0,+14.4,+13.9,+13.3,+12.6,+12.6
2024-06-22 10:36,1,+16.9,+29.1,+32.6,+15.1,+14.5,+13.8,+13.3,+12.6,+12.6
2024-06-22 11:36,1,+17.0,+29.1,+32.5,+15.4,+14.5,+13.8,+13.3,+12.6,+12.6
2024-06-22 12:36,1,+16.9,+29.1,+32.5,+15.5,+14.6,+13.8,+13.3,+12.6,+12.6
2024-06-22 13:36,1,+16.9,+29.0,+32.5,+15.8,+14.6,+13.9,+13.3,+12.6,+12.6
2024-06-22 14:36,1,+17.0,+28.9,+32.5,+15.8,+14.8,+13.8,+13.3,+12.6,+12.6
2024-06-22 15:36,1,+16.9,+28.9,+32.5,+15.8,+14.9,+13.9,+13.3,+12.6,+12.6
2024-06-22 16:36,1,+16.9,+28.9,+32.5,+15.6,+14.9,+14.0,+13.3,+12.6,+12.6
2024-06-22 17:36,1,+17.0,+28.9,+32.6,+15.8,+15.0,+14.0,+13.3,+12.6,+12.6
2024-06-22 18:36,1,+16.9,+28.9,+32.6,+15.8,+15.0,+14.0,+13.4,+12.6,+12.6
2024-06-22 19:36,1,+17.0,+28.9,+32.6,+15.6,+14.9,+14.0,+13.4,+12.6,+12.6
2024-06-22 20:36,1,+16.9,+28.9,+32.6,+15.6,+14.9,+14.0,+13.4,+12.6,+12.6
2024-06-22 21:36,1,+16.8,+28.9,+32.6,+15.5,+14.9,+14.0,+13.4,+12.6,+12.6
2024-06-22 22:36,1,+17.2,+28.8,+32.6,+15.4,+14.9,+14.0,+13.4,+12.6,+12.6
2024-06-22 23:36,1,+17.3,+28.7,+32.6,+15.3,+14.9,+14.0,+13.4,+12.6,+12.6
2024-06-23 00:36,1,+17.1,+28.7,+32.6,+15.0,+14.8,+14.0,+13.4,+12.8,+12.6
2024-06-23 01:36,1,+17.2,+28.6,+32.6,+14.9,+14.6,+14.0,+13.4,+12.6,+12.8
2024-06-23 02:36,1,+16.9,+28.6,+32.6,+14.8,+14.6,+14.0,+13.4,+12.8,+12.6
2024-06-23 03:36,1,+17.1,+28.6,+32.6,+14.6,+14.5,+14.0,+13.4,+12.8,+12.6
2024-06-23 04:36,1,+17.6,+28.8,+32.7,+14.5,+14.4,+14.0,+13.4,+12.8,+12.8
2024-06-23 05:36,1,+17.3,+28.8,+32.7,+14.3,+14.3,+13.9,+13.4,+12.8,+12.8
2024-06-23 06:36,1,+17.2,+28.8,+32.7,+14.3,+14.3,+13.9,+13.4,+12.8,+12.8
2024-06-23 07:36,1,+17.1,+28.8,+32.7,+14.1,+14.1,+13.8,+13.4,+12.8,+12.8
2024-06-23 08:36,1,+17.1,+28.8,+32.7,+14.3,+14.1,+13.8,+13.4,+12.8,+12.8
2024-06-23 09:36,1,+17.0,+28.8,+32.7,+14.4,+14.1,+13.6,+13.3,+12.6,+12.6
2024-06-23 10:36,1,+17.0,+28.8,+32.7,+14.6,+14.1,+13.6,+13.3,+12.6,+12.8
2024-06-23 11:36,1,+16.9,+28.7,+32.7,+15.1,+14.3,+13.6,+13.3,+12.6,+12.8
2024-06-23 12:36,1,+16.8,+28.7,+32.7,+15.5,+14.4,+13.6,+13.3,+12.8,+12.8
2024-06-23 13:36,1,+16.8,+28.7,+32.7,+16.4,+14.5,+13.8,+13.3,+12.8,+12.8
2024-06-23 14:36,1,+16.7,+28.7,+32.7,+16.5,+14.8,+13.8,+13.3,+12.6,+12.6
2024-06-23 15:36,1,+16.7,+28.7,+32.7,+16.6,+15.0,+13.9,+13.3,+12.6,+12.6
2024-06-23 16:36,1,+16.8,+28.6,+32.7,+16.6,+15.3,+14.0,+13.3,+12.6,+12.6
2024-06-23 17:36,1,+16.8,+28.5,+32.7,+16.6,+15.4,+14.0,+13.3,+12.6,+12.8
2024-06-23 18:36,1,+16.8,+28.1,+32.7,+16.6,+15.4,+14.1,+13.4,+12.8,+12.6
2024-06-23 19:36,1,+16.8,+28.0,+32.7,+16.5,+15.4,+14.3,+13.4,+12.6,+12.8
2024-06-23 20:36,1,+16.7,+28.0,+32.7,+16.4,+15.4,+14.3,+13.4,+12.8,+12.8
2024-06-23 21:36,1,+16.6,+27.9,+32.7,+16.1,+15.4,+14.3,+13.5,+12.8,+12.8
2024-06-23 22:36,1,+16.6,+27.9,+32.7,+15.9,+15.3,+14.3,+13.5,+12.8,+12.8
2024-06-23 23:36,1,+16.6,+27.9,+32.7,+15.6,+15.3,+14.4,+13.5,+12.8,+12.8
2024-06-24 00:36,1,+16.7,+27.9,+32.7,+15.5,+15.1,+14.3,+13.5,+12.8,+12.8
2024-06-24 01:36,1,+16.7,+27.8,+32.7,+15.3,+15.0,+14.3,+13.5,+12.8,+12.8
2024-06-24 02:36,1,+16.8,+27.8,+32.8,+15.1,+14.9,+14.3,+13.6,+12.8,+12.9
2024-06-24 03:36,1,+16.8,+27.8,+32.8,+14.9,+14.9,+14.3,+13.6,+12.9,+12.9
2024-06-24 04:36,1,+16.8,+27.8,+32.7,+14.8,+14.6,+14.1,+13.5,+12.9,+12.9
2024-06-24 05:36,1,+16.7,+27.7,+32.7,+14.6,+14.6,+14.1,+13.5,+12.9,+12.9
2024-06-24 06:36,1,+16.7,+27.7,+32.7,+14.5,+14.5,+14.0,+13.6,+12.9,+12.9
2024-06-24 07:36,1,+16.8,+27.7,+32.7,+14.5,+14.4,+14.0,+13.5,+12.9,+12.9
2024-06-24 08:36,1,+16.9,+27.6,+32.7,+14.5,+14.4,+14.0,+13.5,+12.8,+12.9
2024-06-24 09:36,1,+16.8,+27.6,+32.7,+14.8,+14.4,+14.0,+13.5,+12.9,+12.9
2024-06-24 10:36,1,+16.7,+27.6,+32.7,+15.0,+14.3,+13.9,+13.5,+12.9,+12.8
2024-06-24 11:36,1,+16.5,+27.5,+32.7,+15.3,+14.4,+13.9,+13.5,+12.8,+12.9
2024-06-24 12:36,1,+16.6,+27.5,+32.7,+15.4,+14.5,+13.9,+13.4,+12.8,+12.9
2024-06-24 13:36,1,+16.5,+27.4,+32.7,+15.6,+14.6,+13.9,+13.4,+12.8,+12.9
2024-06-24 14:36,1,+16.5,+27.4,+32.7,+15.9,+14.8,+13.9,+13.4,+12.8,+12.9
2024-06-24 15:36,1,+16.5,+27.3,+32.7,+16.1,+14.9,+14.0,+13.4,+12.8,+12.8
2024-06-24 16:36,1,+16.5,+27.3,+32.7,+16.3,+15.0,+14.0,+13.4,+12.8,+12.9
2024-06-24 17:36,1,+16.5,+27.2,+32.7,+16.5,+15.1,+14.0,+13.5,+12.8,+12.8
2024-06-24 18:36,1,+16.6,+27.2,+32.7,+16.5,+15.3,+14.1,+13.5,+12.8,+12.8
2024-06-24 19:36,1,+16.5,+27.2,+32.7,+16.6,+15.4,+14.3,+13.5,+12.8,+12.9
2024-06-24 20:36,1,+16.3,+27.1,+32.7,+16.5,+15.4,+14.3,+13.5,+12.9,+12.8
2024-06-24 21:36,1,+16.3,+27.1,+32.7,+16.5,+15.5,+14.4,+13.5,+12.9,+12.9
2024-06-24 22:36,1,+16.5,+27.1,+32.7,+16.5,+15.5,+14.4,+13.6,+12.9,+12.9
2024-06-24 23:36,1,+16.4,+27.2,+32.7,+16.4,+15.5,+14.4,+13.6,+12.9,+12.9
2024-06-25 00:36,1,+16.4,+27.0,+32.7,+16.3,+15.5,+14.5,+13.6,+12.9,+12.9
2024-06-25 01:36,1,+16.4,+27.0,+32.7,+16.1,+15.4,+14.5,+13.6,+12.9,+12.9
2024-06-25 02:36,1,+16.4,+27.0,+32.7,+16.0,+15.5,+14.5,+13.6,+12.9,+12.9
2024-06-25 03:36,1,+16.5,+27.0,+32.7,+15.9,+15.4,+14.5,+13.8,+12.9,+12.9
2024-06-25 04:36,1,+16.5,+27.0,+32.7,+15.8,+15.3,+14.5,+13.8,+13.0,+12.9
2024-06-25 05:36,1,+16.7,+27.0,+32.7,+15.5,+15.3,+14.5,+13.8,+13.0,+12.9
2024-06-25 06:36,1,+16.4,+27.0,+32.7,+15.4,+15.1,+14.4,+13.8,+12.9,+12.9
2024-06-25 07:36,1,+16.5,+27.0,+32.7,+15.4,+15.0,+14.4,+13.8,+13.0,+13.0
2024-06-25 08:36,1,+16.4,+26.9,+32.7,+15.4,+15.0,+14.3,+13.8,+13.0,+12.9
2024-06-25 09:36,1,+16.5,+26.9,+32.7,+15.4,+14.9,+14.4,+13.8,+13.0,+12.9
2024-06-25 10:36,1,+16.3,+26.8,+32.7,+15.8,+15.0,+14.3,+13.6,+13.0,+13.0
2024-06-25 11:36,1,+16.1,+26.7,+32.7,+16.3,+15.0,+14.3,+13.8,+13.0,+13.0
2024-06-25 12:36,1,+16.0,+26.6,+32.7,+16.8,+15.1,+14.3,+13.6,+13.0,+13.0
2024-06-25 13:36,1,+16.3,+26.6,+32.7,+17.6,+15.4,+14.3,+13.8,+13.0,+13.0
2024-06-25 14:36,1,+15.9,+26.5,+32.7,+17.8,+15.6,+14.4,+13.6,+13.0,+13.0
2024-06-25 15:36,1,+15.9,+26.4,+32.7,+17.8,+16.0,+14.5,+13.6,+13.0,+13.0
2024-06-25 16:36,1,+16.1,+26.4,+32.7,+17.6,+16.1,+14.6,+13.8,+13.0,+13.0
2024-06-25 17:36,1,+16.0,+26.4,+32.7,+17.5,+16.1,+14.8,+13.8,+13.0,+13.0
2024-06-25 18:36,1,+16.0,+26.3,+32.7,+17.4,+16.3,+14.9,+13.9,+13.1,+13.0
2024-06-25 19:36,1,+16.0,+26.3,+32.7,+17.3,+16.3,+14.9,+13.9,+13.0,+13.0
2024-06-25 20:36,1,+15.9,+26.3,+32.6,+17.0,+16.1,+14.9,+13.9,+13.0,+13.0
2024-06-25 21:36,1,+15.9,+26.2,+32.6,+16.9,+16.1,+14.9,+13.9,+13.0,+13.0
2024-06-25 22:36,1,+15.9,+26.2,+32.6,+16.6,+16.0,+15.0,+14.0,+13.1,+13.1
2024-06-25 23:36,1,+15.8,+26.2,+32.6,+16.5,+15.9,+15.0,+14.0,+13.1,+13.1
2024-06-26 00:36,1,+15.7,+26.2,+32.7,+16.3,+15.9,+14.9,+14.0,+13.3,+13.1
2024-06-26 01:36,1,+15.7,+26.2,+32.7,+16.1,+15.8,+14.9,+14.0,+13.1,+13.1
2024-06-26 02:36,1,+15.7,+26.1,+32.6,+16.0,+15.6,+14.9,+14.0,+13.3,+13.1
2024-06-26 03:36,1,+15.7,+26.1,+32.6,+15.8,+15.5,+14.9,+14.0,+13.1,+13.3
2024-06-26 04:36,1,+15.7,+26.0,+32.5,+15.6,+15.4,+14.8,+14.0,+13.1,+13.1
2024-06-26 05:36,1,+15.8,+26.0,+32.4,+15.6,+15.4,+14.8,+14.0,+13.3,+13.1
2024-06-26 06:36,1,+15.7,+26.0,+32.4,+15.5,+15.4,+14.6,+14.0,+13.3,+13.1
2024-06-26 07:36,1,+15.7,+26.0,+32.4,+15.5,+15.1,+14.6,+14.0,+13.3,+13.1
2024-06-26 08:36,1,+15.7,+26.0,+32.4,+15.4,+15.1,+14.6,+14.0,+13.3,+13.3
2024-06-26 09:36,1,+16.0,+25.9,+32.4,+15.5,+15.1,+14.6,+14.0,+13.3,+13.1
2024-06-26 10:36,1,+15.7,+25.9,+32.4,+15.5,+15.1,+14.5,+14.0,+13.3,+13.1
2024-06-26 11:36,1,+15.6,+25.8,+32.4,+15.8,+15.1,+14.4,+13.9,+13.3,+13.3
2024-06-26 12:36,1,+15.6,+25.8,+32.4,+15.9,+15.1,+14.5,+13.9,+13.3,+13.3
2024-06-26 13:36,1,+15.5,+25.8,+31.9,+15.9,+15.3,+14.5,+13.9,+13.3,+13.3
2024-06-26 14:36,1,+15.4,+25.7,+31.9,+16.0,+15.3,+14.5,+13.9,+13.1,+13.1
2024-06-26 15:36,1,+15.4,+25.7,+31.8,+16.1,+15.3,+14.5,+13.9,+13.1,+13.3
2024-06-26 16:36,1,+15.4,+25.7,+31.8,+16.1,+15.4,+14.5,+13.9,+13.1,+13.3
2024-06-26 17:36,1,+15.2,+25.7,+31.8,+16.0,+15.3,+14.5,+13.9,+13.1,+13.1
2024-06-26 18:36,1,+15.2,+25.6,+31.8,+15.9,+15.4,+14.5,+13.9,+13.3,+13.1
2024-06-26 19:36,1,+15.2,+25.6,+31.8,+15.9,+15.3,+14.5,+13.9,+13.1,+13.1
2024-06-26 20:36,1,+15.2,+25.6,+31.5,+15.6,+15.3,+14.5,+13.9,+13.3,+13.1
2024-06-26 21:36,1,+15.2,+25.5,+31.5,+15.4,+15.3,+14.5,+13.9,+13.1,+13.1
2024-06-26 22:36,1,+15.2,+25.5,+31.5,+15.3,+15.1,+14.5,+13.9,+13.3,+13.1
2024-06-26 23:36,1,+15.4,+25.5,+31.5,+14.9,+15.0,+14.4,+13.9,+13.3,+13.1
2024-06-27 00:36,1,+15.2,+25.5,+31.4,+14.6,+14.8,+14.4,+13.9,+13.3,+13.1
2024-06-27 01:36,1,+15.4,+25.4,+31.4,+14.4,+14.6,+14.4,+13.9,+13.1,+13.1
2024-06-27 02:36,1,+15.2,+25.4,+31.4,+14.1,+14.5,+14.3,+13.8,+13.3,+13.3
2024-06-27 03:36,1,+15.3,+25.4,+31.4,+13.8,+14.3,+14.1,+13.9,+13.1,+13.1
2024-06-27 04:36,1,+15.3,+25.3,+31.2,+13.6,+14.1,+14.1,+13.8,+13.1,+13.3
2024-06-27 05:36,1,+15.4,+25.3,+31.1,+13.3,+14.0,+14.0,+13.8,+13.1,+13.1
2024-06-27 06:36,1,+15.4,+25.3,+31.1,+13.1,+13.8,+13.9,+13.6,+13.1,+13.1
2024-06-27 07:36,1,+15.6,+25.3,+31.1,+13.0,+13.6,+13.8,+13.6,+13.1,+13.1
2024-06-27 08:36,1,+15.5,+25.2,+31.1,+13.1,+13.5,+13.8,+13.6,+13.1,+13.1
2024-06-27 09:36,1,+15.5,+25.2,+31.0,+13.1,+13.5,+13.6,+13.5,+13.0,+13.1
2024-06-27 10:36,1,+15.2,+25.1,+31.0,+13.6,+13.4,+13.5,+13.5,+13.0,+13.1
2024-06-27 11:36,1,+15.1,+25.1,+31.0,+14.0,+13.5,+13.5,+13.4,+13.0,+13.0
2024-06-27 12:36,1,+15.0,+25.1,+30.9,+14.4,+13.6,+13.5,+13.4,+12.9,+13.0
2024-06-27 13:36,1,+14.8,+25.0,+30.9,+14.8,+13.9,+13.5,+13.3,+12.9,+13.0
2024-06-27 14:36,1,+14.7,+25.0,+30.9,+15.0,+14.0,+13.5,+13.3,+12.9,+13.0
2024-06-27 15:36,1,+14.6,+24.9,+30.8,+15.1,+14.1,+13.5,+13.4,+12.9,+12.9
2024-06-27 16:36,1,+14.6,+24.9,+30.8,+15.3,+14.4,+13.6,+13.3,+12.9,+12.9
2024-06-27 17:36,1,+14.6,+24.9,+30.8,+15.4,+14.4,+13.6,+13.4,+12.9,+12.9
2024-06-27 18:36,1,+14.6,+24.9,+30.8,+15.4,+14.5,+13.8,+13.4,+12.9,+12.9
2024-06-27 19:36,1,+14.5,+24.9,+30.8,+15.4,+14.6,+13.8,+13.4,+12.9,+12.9
2024-06-27 20:36,1,+14.5,+24.9,+30.8,+15.4,+14.6,+13.8,+13.4,+12.9,+12.9
2024-06-27 21:36,1,+14.6,+24.8,+30.8,+15.4,+14.6,+13.9,+13.4,+12.9,+12.9
2024-06-27 22:36,1,+14.6,+24.8,+30.8,+15.3,+14.6,+13.9,+13.4,+12.9,+12.9
2024-06-27 23:36,1,+14.6,+24.8,+30.8,+15.1,+14.6,+13.9,+13.4,+12.8,+12.9
2024-06-28 00:36,1,+14.6,+24.8,+30.7,+15.0,+14.6,+13.9,+13.4,+12.8,+12.9
2024-06-28 01:36,1,+14.7,+24.8,+30.7,+15.0,+14.5,+13.9,+13.4,+12.9,+12.9
2024-06-28 02:36,1,+14.9,+24.8,+30.7,+14.9,+14.6,+13.9,+13.4,+12.9,+12.9
2024-06-28 03:36,1,+14.8,+24.8,+30.7,+14.9,+14.5,+13.9,+13.5,+12.9,+12.9
2024-06-28 04:36,1,+14.8,+24.8,+30.6,+14.8,+14.5,+13.9,+13.5,+12.9,+12.9
2024-06-28 05:36,1,+15.1,+24.9,+30.6,+14.8,+14.5,+13.9,+13.4,+12.9,+12.9
2024-06-28 06:36,1,+15.6,+25.0,+30.6,+14.9,+14.4,+13.9,+13.4,+12.9,+12.9
2024-06-28 07:36,1,+15.8,+25.1,+30.7,+14.9,+14.5,+13.9,+13.5,+12.9,+12.9
2024-06-28 08:36,1,+18.0,+25.2,+30.7,+15.0,+14.5,+13.9,+13.5,+12.9,+12.9
2024-06-28 09:36,1,+17.2,+25.7,+30.9,+15.1,+14.5,+13.9,+13.5,+12.9,+12.9
2024-06-28 10:36,1,+16.6,+25.7,+31.0,+15.1,+14.6,+13.9,+13.4,+12.9,+13.0
2024-06-28 11:36,1,+16.5,+25.6,+31.0,+15.3,+14.6,+14.0,+13.5,+12.9,+12.9
2024-06-28 12:36,1,+16.2,+25.5,+31.0,+15.4,+14.6,+14.0,+13.5,+12.9,+12.9
2024-06-28 13:36,1,+16.1,+25.5,+31.0,+15.5,+14.8,+14.0,+13.5,+12.9,+13.0
2024-06-28 14:36,1,+16.2,+25.5,+31.1,+15.6,+14.9,+14.0,+13.5,+13.0,+13.0
2024-06-28 15:36,1,+16.0,+25.5,+31.1,+15.9,+14.9,+14.1,+13.6,+13.0,+13.0
2024-06-28 16:36,1,+16.0,+25.5,+31.1,+16.1,+15.0,+14.1,+13.5,+13.0,+13.0
2024-06-28 17:36,1,+15.9,+25.5,+31.1,+16.4,+15.1,+14.3,+13.5,+12.9,+13.0
2024-06-28 18:36,1,+15.9,+25.5,+31.1,+16.5,+15.3,+14.3,+13.6,+13.0,+12.9
2024-06-28 19:36,1,+15.8,+25.5,+31.1,+16.5,+15.4,+14.4,+13.6,+12.9,+13.0
2024-06-28 20:36,1,+15.8,+25.5,+31.1,+16.5,+15.5,+14.4,+13.6,+12.9,+13.0
2024-06-28 21:36,1,+15.8,+25.5,+31.1,+16.4,+15.5,+14.4,+13.6,+13.0,+13.0
2024-06-28 22:36,1,+15.8,+25.5,+31.1,+16.3,+15.5,+14.5,+13.8,+13.0,+13.0
2024-06-28 23:36,1,+15.9,+25.5,+31.2,+16.1,+15.5,+14.5,+13.8,+13.0,+13.0
2024-06-29 00:36,1,+15.8,+25.5,+31.1,+16.0,+15.4,+14.5,+13.8,+13.0,+13.1
2024-06-29 01:36,1,+16.0,+25.5,+31.2,+15.9,+15.4,+14.5,+13.8,+13.0,+13.0
2024-06-29 02:36,1,+15.9,+25.6,+31.2,+15.8,+15.4,+14.6,+13.8,+13.0,+13.0
2024-06-29 03:36,1,+16.0,+25.6,+31.2,+15.6,+15.4,+14.5,+13.8,+13.1,+13.1
2024-06-29 04:36,1,+16.0,+25.6,+31.2,+15.4,+15.1,+14.5,+13.8,+13.1,+13.1
2024-06-29 05:36,1,+16.1,+25.6,+31.2,+15.3,+15.1,+14.5,+13.8,+13.1,+13.1
2024-06-29 06:36,1,+16.0,+25.6,+31.2,+15.3,+15.0,+14.5,+13.9,+13.1,+13.1
2024-06-29 07:36,1,+16.0,+25.6,+31.2,+15.1,+15.0,+14.4,+13.9,+13.1,+13.1
2024-06-29 08:36,1,+16.1,+25.6,+31.2,+15.1,+14.9,+14.4,+13.9,+13.1,+13.1
2024-06-29 09:36,1,+16.0,+25.6,+31.2,+15.1,+14.8,+14.4,+13.8,+13.1,+13.1
2024-06-29 10:36,1,+16.1,+25.6,+31.2,+15.0,+14.8,+14.3,+13.8,+13.1,+13.1
2024-06-29 11:36,1,+16.1,+25.6,+31.2,+15.1,+14.8,+14.3,+13.8,+13.1,+13.1
2024-06-29 12:36,1,+16.0,+25.6,+31.2,+15.1,+14.8,+14.3,+13.8,+13.1,+13.1
2024-06-29 13:36,1,+16.0,+25.5,+31.2,+15.4,+14.8,+14.3,+13.8,+13.1,+13.1
2024-06-29 14:36,1,+15.9,+25.5,+31.2,+15.4,+14.8,+14.3,+13.8,+13.1,+13.1
2024-06-29 15:36,1,+15.9,+25.5,+31.2,+15.4,+14.9,+14.3,+13.8,+13.1,+13.1
2024-06-29 16:36,1,+15.9,+25.5,+31.2,+15.4,+14.9,+14.3,+13.8,+13.1,+13.1
2024-06-29 17:36,1,+15.8,+25.5,+31.2,+15.4,+14.9,+14.3,+13.8,+13.1,+13.1
2024-06-29 18:36,1,+15.8,+25.5,+31.2,+15.3,+14.9,+14.3,+13.8,+13.1,+13.1
2024-06-29 19:36,1,+15.8,+25.5,+31.2,+15.1,+14.9,+14.3,+13.8,+13.0,+13.1
2024-06-29 20:36,1,+15.9,+25.5,+31.2,+15.0,+14.8,+14.3,+13.8,+13.1,+13.3
2024-06-29 21:36,1,+15.8,+25.5,+31.2,+14.8,+14.8,+14.3,+13.8,+13.1,+13.1
2024-06-29 22:36,1,+15.9,+25.5,+31.2,+14.5,+14.6,+14.1,+13.8,+13.1,+13.1
2024-06-29 23:36,1,+15.9,+25.5,+31.2,+14.3,+14.5,+14.1,+13.6,+13.1,+13.1
2024-06-30 00:36,1,+16.0,+25.5,+31.2,+14.0,+14.3,+14.1,+13.6,+13.0,+13.1
2024-06-30 01:36,1,+16.0,+25.5,+31.2,+13.8,+14.3,+14.0,+13.6,+13.1,+13.1
2024-06-30 02:36,1,+16.0,+25.4,+31.2,+13.5,+14.0,+13.9,+13.6,+13.1,+13.1
2024-06-30 03:36,1,+16.1,+25.4,+31.2,+13.1,+13.9,+13.9,+13.6,+13.1,+13.1
2024-06-30 04:36,1,+16.1,+25.4,+31.2,+12.9,+13.8,+13.8,+13.6,+13.0,+13.0
2024-06-30 05:36,1,+16.2,+25.4,+31.2,+12.8,+13.5,+13.6,+13.5,+13.0,+13.1
2024-06-30 06:36,1,+16.3,+25.4,+31.2,+12.5,+13.3,+13.5,+13.5,+13.0,+13.0
2024-06-30 07:36,1,+16.3,+25.4,+31.2,+12.4,+13.3,+13.4,+13.4,+13.0,+13.0
2024-06-30 08:36,1,+16.3,+25.3,+31.1,+12.4,+13.0,+13.4,+13.4,+13.0,+13.0
2024-06-30 09:36,1,+16.1,+25.3,+31.1,+12.6,+13.0,+13.3,+13.4,+13.0,+13.0
2024-06-30 10:36,1,+16.2,+25.3,+31.1,+13.1,+13.0,+13.1,+13.3,+13.0,+13.0
2024-06-30 11:36,1,+16.0,+25.3,+31.1,+13.5,+13.1,+13.1,+13.3,+12.9,+13.0
2024-06-30 12:36,1,+15.9,+25.2,+31.1,+13.9,+13.3,+13.1,+13.1,+12.9,+12.9
2024-06-30 13:36,1,+15.8,+25.2,+31.1,+14.4,+13.4,+13.1,+13.1,+12.8,+12.9
2024-06-30 14:36,1,+15.7,+25.2,+31.1,+14.8,+13.6,+13.1,+13.1,+12.8,+12.9
2024-06-30 15:36,1,+15.6,+25.2,+31.0,+14.9,+13.9,+13.3,+13.0,+12.8,+12.9
2024-06-30 16:36,1,+15.8,+25.2,+31.0,+14.9,+14.0,+13.4,+13.1,+12.8,+12.8
2024-06-30 17:36,1,+15.9,+25.2,+31.0,+15.0,+14.1,+13.4,+13.1,+12.8,+12.8
2024-06-30 18:36,1,+15.8,+25.2,+31.0,+15.0,+14.1,+13.5,+13.1,+12.6,+12.8
2024-06-30 19:36,1,+15.8,+25.2,+31.0,+14.9,+14.3,+13.5,+13.1,+12.8,+12.8
2024-06-30 20:36,1,+15.7,+25.2,+31.0,+14.8,+14.3,+13.5,+13.1,+12.6,+12.8
2024-06-30 21:36,1,+15.7,+25.2,+31.0,+14.6,+14.3,+13.6,+13.1,+12.6,+12.8
2024-06-30 22:36,1,+15.9,+25.2,+31.0,+14.5,+14.3,+13.6,+13.3,+12.8,+12.8
2024-06-30 23:36,1,+15.9,+25.2,+31.0,+14.3,+14.1,+13.6,+13.3,+12.8,+12.8
2024-07-01 00:36,1,+15.8,+25.2,+31.0,+14.0,+14.0,+13.6,+13.3,+12.8,+12.8
2024-07-01 01:36,1,+16.1,+25.2,+31.0,+13.9,+14.0,+13.6,+13.1,+12.8,+12.8
2024-07-01 02:36,1,+15.9,+25.2,+31.0,+13.8,+13.9,+13.5,+13.3,+12.8,+12.9
2024-07-01 03:36,1,+16.0,+25.1,+31.0,+13.5,+13.8,+13.5,+13.3,+12.8,+12.8
2024-07-01 04:36,1,+16.1,+25.1,+31.0,+13.4,+13.6,+13.5,+13.3,+12.8,+12.8
2024-07-01 05:36,1,+16.1,+25.1,+30.9,+13.3,+13.5,+13.4,+13.1,+12.8,+12.8
2024-07-01 06:36,1,+16.1,+25.1,+30.9,+13.3,+13.5,+13.4,+13.3,+12.8,+12.8
2024-07-01 07:36,1,+16.3,+25.1,+30.9,+13.3,+13.4,+13.3,+13.1,+12.6,+12.8
2024-07-01 08:36,1,+16.1,+25.1,+30.9,+13.3,+13.4,+13.3,+13.0,+12.6,+12.8
2024-07-01 09:36,1,+16.0,+25.1,+30.9,+13.5,+13.4,+13.1,+13.1,+12.6,+12.8
2024-07-01 10:36,1,+16.0,+25.0,+30.9,+13.8,+13.4,+13.1,+13.0,+12.6,+12.8
2024-07-01 11:36,1,+15.9,+25.0,+30.9,+14.0,+13.4,+13.1,+13.0,+12.6,+12.8
2024-07-01 12:36,1,+15.8,+25.0,+30.9,+14.5,+13.5,+13.1,+13.0,+12.6,+12.8
2024-07-01 13:36,1,+15.7,+24.9,+30.9,+15.1,+13.8,+13.1,+13.0,+12.6,+12.6
2024-07-01 14:36,1,+15.6,+24.9,+30.9,+15.5,+14.0,+13.3,+13.0,+12.6,+12.8
2024-07-01 15:36,1,+15.5,+24.9,+30.8,+15.5,+14.3,+13.4,+13.0,+12.6,+12.6
2024-07-01 16:36,1,+15.5,+24.9,+30.8,+15.6,+14.4,+13.5,+13.0,+12.6,+12.6
2024-07-01 17:36,1,+15.5,+24.9,+30.8,+15.5,+14.5,+13.6,+13.1,+12.6,+12.6
2024-07-01 18:36,1,+15.6,+24.9,+30.9,+15.4,+14.6,+13.6,+13.0,+12.6,+12.6
2024-07-01 19:36,1,+15.7,+24.9,+30.8,+15.3,+14.6,+13.6,+13.1,+12.6,+12.6
2024-07-01 20:36,1,+15.8,+25.0,+30.9,+15.1,+14.6,+13.8,+13.1,+12.6,+12.6
2024-07-01 21:36,1,+15.8,+25.0,+30.8,+15.1,+14.5,+13.8,+13.1,+12.6,+12.8
2024-07-01 22:36,1,+15.6,+25.0,+30.8,+15.0,+14.6,+13.8,+13.3,+12.6,+12.8
2024-07-01 23:36,1,+15.5,+25.0,+30.8,+14.9,+14.5,+13.8,+13.3,+12.6,+12.8
2024-07-02 00:36,1,+15.6,+24.9,+30.8,+14.8,+14.4,+13.8,+13.3,+12.6,+12.8
2024-07-02 01:36,1,+15.7,+25.0,+30.8,+14.8,+14.4,+13.8,+13.3,+12.6,+12.8
2024-07-02 02:36,1,+15.8,+25.0,+30.8,+14.6,+14.4,+13.8,+13.3,+12.8,+12.8
2024-07-02 03:36,1,+16.0,+25.1,+30.9,+14.5,+14.3,+13.8,+13.3,+12.8,+12.8
2024-07-02 04:36,1,+16.0,+25.1,+30.9,+14.4,+14.3,+13.8,+13.3,+12.6,+12.8
2024-07-02 05:36,1,+16.0,+25.1,+30.9,+14.3,+14.1,+13.8,+13.3,+12.8,+12.8
2024-07-02 06:36,1,+16.0,+25.1,+30.9,+14.1,+14.1,+13.6,+13.3,+12.8,+12.8
2024-07-02 07:36,1,+15.9,+25.1,+30.9,+14.1,+14.0,+13.6,+13.3,+12.8,+12.8
2024-07-02 08:36,1,+15.9,+25.1,+30.9,+14.1,+14.0,+13.6,+13.3,+12.8,+12.8
2024-07-02 09:36,1,+15.9,+25.1,+30.9,+14.1,+14.0,+13.6,+13.3,+12.8,+12.8
2024-07-02 10:36,1,+16.0,+25.0,+30.9,+14.3,+14.0,+13.6,+13.3,+12.8,+12.8
2024-07-02 11:36,1,+16.1,+25.1,+30.9,+14.4,+14.0,+13.5,+13.3,+12.8,+12.8
2024-07-02 12:36,1,+16.0,+25.0,+30.9,+14.6,+14.0,+13.6,+13.3,+12.8,+12.8
2024-07-02 13:36,1,+16.0,+25.0,+30.9,+15.1,+14.1,+13.5,+13.3,+12.6,+12.8
2024-07-02 14:36,1,+16.0,+25.0,+30.9,+15.5,+14.3,+13.6,+13.3,+12.8,+12.8
2024-07-02 15:36,1,+16.0,+25.0,+30.9,+15.8,+14.5,+13.6,+13.3,+12.8,+12.8
2024-07-02 16:36,1,+16.0,+25.0,+30.9,+16.0,+14.6,+13.8,+13.3,+12.6,+12.8
2024-07-02 17:36,1,+15.9,+25.0,+30.9,+16.1,+14.9,+13.8,+13.3,+12.6,+12.8
2024-07-02 18:36,1,+15.9,+25.0,+30.9,+16.3,+15.0,+13.9,+13.3,+12.8,+12.8
2024-07-02 19:36,1,+15.8,+25.0,+30.9,+16.3,+15.1,+14.0,+13.3,+12.8,+12.8
2024-07-02 20:36,1,+15.8,+25.0,+30.9,+16.3,+15.1,+14.0,+13.4,+12.8,+12.8
2024-07-02 21:36,1,+16.0,+25.1,+30.9,+16.3,+15.1,+14.1,+13.4,+12.8,+12.8
2024-07-02 22:36,1,+16.4,+25.0,+30.9,+16.1,+15.3,+14.1,+13.4,+12.8,+12.8
2024-07-02 23:36,1,+16.8,+25.1,+30.9,+15.9,+15.1,+14.3,+13.5,+12.8,+12.8
2024-07-03 00:36,1,+16.0,+25.1,+30.9,+15.8,+15.3,+14.3,+13.5,+12.8,+12.9
2024-07-03 01:36,1,+16.0,+25.1,+30.9,+15.6,+15.1,+14.3,+13.5,+12.9,+12.9
2024-07-03 02:36,1,+16.1,+25.1,+30.9,+15.6,+15.1,+14.3,+13.5,+12.9,+12.9
2024-07-03 03:36,1,+16.0,+25.1,+30.9,+15.5,+15.0,+14.3,+13.5,+12.9,+12.9
2024-07-03 04:36,1,+16.2,+25.0,+30.9,+15.4,+15.0,+14.3,+13.5,+12.9,+12.9
2024-07-03 05:36,1,+16.2,+25.0,+30.9,+15.3,+14.9,+14.3,+13.6,+12.9,+12.9
2024-07-03 06:36,1,+16.1,+25.0,+30.9,+15.1,+14.9,+14.3,+13.6,+12.9,+12.9
2024-07-03 07:36,1,+16.2,+25.0,+30.9,+15.1,+14.8,+14.1,+13.6,+12.9,+13.0
2024-07-03 08:36,1,+16.2,+25.0,+30.9,+15.1,+14.8,+14.1,+13.6,+12.9,+12.9
2024-07-03 09:36,1,+16.2,+25.0,+30.9,+15.3,+14.8,+14.1,+13.6,+12.9,+12.9
2024-07-03 10:36,1,+16.2,+25.0,+30.9,+15.8,+14.8,+14.1,+13.6,+12.9,+13.0
2024-07-03 11:36,1,+16.4,+24.9,+30.8,+16.1,+14.9,+14.1,+13.6,+13.0,+13.0
2024-07-03 12:36,1,+16.2,+24.9,+30.8,+16.5,+15.1,+14.1,+13.5,+12.9,+13.0
2024-07-03 13:36,1,+16.3,+24.9,+30.8,+17.3,+15.4,+14.1,+13.6,+12.9,+12.9
2024-07-03 14:36,1,+16.3,+24.9,+30.8,+17.4,+15.6,+14.3,+13.6,+13.0,+13.0
2024-07-03 15:36,1,+16.3,+24.9,+30.8,+17.4,+15.8,+14.4,+13.6,+12.9,+13.0
2024-07-03 16:36,1,+16.4,+24.8,+30.8,+17.4,+15.9,+14.5,+13.6,+13.0,+13.0
2024-07-03 17:36,1,+16.3,+24.8,+30.8,+17.4,+16.0,+14.6,+13.6,+13.0,+13.0
2024-07-03 18:36,1,+16.3,+24.8,+30.7,+17.3,+16.0,+14.6,+13.8,+13.0,+13.0
2024-07-03 19:36,1,+16.3,+24.8,+30.7,+17.1,+16.1,+14.8,+13.8,+13.0,+13.0
2024-07-03 20:36,1,+16.2,+24.8,+30.7,+17.0,+16.0,+14.8,+13.9,+13.0,+13.1
2024-07-03 21:36,1,+16.3,+24.8,+30.7,+16.8,+16.0,+14.9,+13.9,+13.0,+13.0
2024-07-03 22:36,1,+16.1,+24.8,+30.7,+16.5,+15.9,+14.9,+13.9,+13.1,+13.1
2024-07-03 23:36,1,+16.2,+24.8,+30.7,+16.3,+15.9,+14.9,+14.0,+13.1,+13.1
2024-07-04 00:36,1,+16.3,+24.8,+30.7,+16.0,+15.8,+14.9,+13.9,+13.1,+13.1
2024-07-04 01:36,1,+16.3,+24.8,+30.7,+15.8,+15.6,+14.8,+14.0,+13.1,+13.1
2024-07-04 02:36,1,+16.4,+24.8,+30.7,+15.5,+15.5,+14.8,+14.0,+13.3,+13.1
2024-07-04 03:36,1,+16.3,+24.7,+30.7,+15.3,+15.4,+14.8,+14.0,+13.3,+13.1
2024-07-04 04:36,1,+16.3,+24.8,+30.7,+15.0,+15.1,+14.6,+14.0,+13.3,+13.3
2024-07-04 05:36,1,+16.4,+24.7,+30.7,+14.9,+15.0,+14.5,+13.9,+13.3,+13.3
2024-07-04 06:36,1,+16.4,+24.7,+30.7,+14.6,+14.9,+14.5,+14.0,+13.3,+13.3
2024-07-04 07:36,1,+16.4,+24.7,+30.6,+14.6,+14.8,+14.5,+14.0,+13.3,+13.3
2024-07-04 08:36,1,+16.4,+24.7,+30.6,+14.6,+14.6,+14.4,+13.9,+13.3,+13.3
2024-07-04 09:36,1,+16.4,+24.7,+30.6,+14.8,+14.6,+14.3,+13.9,+13.1,+13.3
2024-07-04 10:36,1,+16.3,+24.7,+30.6,+15.1,+14.6,+14.3,+13.9,+13.3,+13.3
2024-07-04 11:36,1,+16.2,+24.6,+30.6,+15.5,+14.8,+14.3,+13.8,+13.3,+13.3
2024-07-04 12:36,1,+15.9,+24.6,+30.6,+16.0,+14.9,+14.3,+13.8,+13.3,+13.3
2024-07-04 13:36,1,+15.9,+24.5,+30.5,+16.5,+15.0,+14.3,+13.8,+13.3,+13.3
2024-07-04 14:36,1,+15.7,+24.5,+30.5,+16.8,+15.3,+14.3,+13.8,+13.1,+13.1
2024-07-04 15:36,1,+15.8,+24.5,+30.5,+16.9,+15.4,+14.4,+13.8,+13.3,+13.3
2024-07-04 16:36,1,+15.6,+24.5,+30.5,+17.0,+15.6,+14.5,+13.8,+13.1,+13.1
2024-07-04 17:36,1,+15.6,+24.5,+30.5,+17.0,+15.8,+14.5,+13.8,+13.1,+13.1
2024-07-04 18:36,1,+15.6,+24.4,+30.5,+17.0,+15.9,+14.6,+13.9,+13.1,+13.1
2024-07-04 19:36,1,+15.6,+24.4,+30.5,+17.0,+15.9,+14.8,+13.9,+13.3,+13.1
2024-07-04 20:36,1,+15.6,+24.4,+30.5,+16.9,+15.9,+14.8,+13.9,+13.1,+13.3
2024-07-04 21:36,1,+16.0,+24.4,+30.5,+16.8,+15.9,+14.9,+13.9,+13.1,+13.3
2024-07-04 22:36,1,+15.8,+24.5,+30.5,+16.5,+15.9,+14.9,+14.0,+13.3,+13.3
2024-07-04 23:36,1,+15.8,+24.4,+30.5,+16.5,+15.9,+14.9,+14.0,+13.3,+13.3
2024-07-05 00:36,1,+15.9,+24.5,+30.4,+16.3,+15.8,+14.8,+14.0,+13.3,+13.3
2024-07-05 01:36,1,+15.8,+24.4,+30.4,+16.0,+15.8,+14.9,+14.0,+13.3,+13.3
2024-07-05 02:36,1,+15.7,+24.4,+30.4,+15.9,+15.6,+14.9,+14.0,+13.3,+13.3
2024-07-05 03:36,1,+15.7,+24.4,+30.4,+15.6,+15.5,+14.8,+14.0,+13.4,+13.3
2024-07-05 04:36,1,+16.0,+24.4,+30.4,+15.5,+15.4,+14.8,+14.0,+13.4,+13.3
2024-07-05 05:36,1,+16.0,+24.4,+30.4,+15.3,+15.3,+14.8,+14.1,+13.4,+13.4
2024-07-05 06:36,1,+16.1,+24.4,+30.4,+15.1,+15.1,+14.6,+14.0,+13.4,+13.4
2024-07-05 07:36,1,+16.3,+24.4,+30.4,+15.0,+15.0,+14.6,+14.0,+13.4,+13.3
2024-07-05 08:36,1,+16.4,+24.4,+30.4,+15.0,+15.0,+14.6,+14.0,+13.4,+13.4
2024-07-05 09:36,1,+16.1,+24.4,+30.3,+15.3,+14.9,+14.5,+14.0,+13.4,+13.4
2024-07-05 10:36,1,+16.0,+24.3,+30.3,+15.5,+14.9,+14.4,+14.0,+13.4,+13.4
2024-07-05 11:36,1,+15.9,+24.3,+30.3,+16.0,+15.0,+14.4,+14.0,+13.4,+13.4
2024-07-05 12:36,1,+15.7,+24.3,+30.3,+16.4,+15.1,+14.4,+13.9,+13.4,+13.4
2024-07-05 13:36,1,+15.6,+24.2,+30.3,+16.9,+15.4,+14.5,+13.9,+13.3,+13.4
2024-07-05 14:36,1,+15.6,+24.2,+30.2,+17.1,+15.6,+14.5,+14.0,+13.4,+13.4
2024-07-05 15:36,1,+15.6,+24.1,+30.2,+17.3,+15.8,+14.6,+13.9,+13.3,+13.4
2024-07-05 16:36,1,+16.0,+24.1,+30.2,+17.4,+15.9,+14.8,+13.9,+13.3,+13.4
2024-07-05 17:36,1,+15.7,+24.1,+30.2,+17.3,+16.0,+14.8,+14.0,+13.3,+13.3
2024-07-05 18:36,1,+16.0,+24.1,+30.2,+17.1,+16.0,+14.9,+14.0,+13.4,+13.4
2024-07-05 19:36,1,+15.9,+24.1,+30.2,+17.1,+16.1,+14.9,+14.0,+13.4,+13.4
2024-07-05 20:36,1,+15.8,+24.1,+30.2,+17.0,+16.1,+15.0,+14.1,+13.4,+13.4
2024-07-05 21:36,1,+15.8,+24.1,+30.1,+16.8,+16.1,+15.0,+14.1,+13.4,+13.4
2024-07-05 22:36,1,+15.8,+24.1,+30.1,+16.5,+16.1,+15.0,+14.3,+13.4,+13.4
2024-07-05 23:36,1,+15.8,+24.1,+30.1,+16.4,+15.9,+15.0,+14.1,+13.5,+13.4
2024-07-06 00:36,1,+15.8,+24.1,+30.1,+16.1,+15.9,+15.0,+14.1,+13.4,+13.4
2024-07-06 01:36,1,+15.8,+24.1,+30.1,+15.9,+15.8,+15.0,+14.3,+13.5,+13.5
2024-07-06 02:36,1,+15.8,+24.1,+30.1,+15.8,+15.6,+15.0,+14.3,+13.5,+13.4
2024-07-06 03:36,1,+15.9,+24.1,+30.1,+15.5,+15.5,+14.9,+14.3,+13.5,+13.5
2024-07-06 04:36,1,+15.9,+24.1,+30.1,+15.4,+15.4,+14.9,+14.3,+13.5,+13.4
2024-07-06 05:36,1,+16.0,+24.1,+30.1,+15.1,+15.3,+14.8,+14.1,+13.5,+13.5
2024-07-06 06:36,1,+16.0,+24.1,+30.1,+15.0,+15.1,+14.8,+14.3,+13.5,+13.5
2024-07-06 07:36,1,+15.9,+24.1,+30.1,+15.0,+15.0,+14.6,+14.1,+13.5,+13.5
2024-07-06 08:36,1,+15.9,+24.1,+30.1,+15.0,+14.9,+14.6,+14.1,+13.5,+13.5
2024-07-06 09:36,1,+15.9,+24.1,+30.0,+15.1,+14.9,+14.6,+14.1,+13.5,+13.5
2024-07-06 10:36,1,+15.8,+24.0,+30.0,+15.5,+14.9,+14.5,+14.1,+13.5,+13.5
2024-07-06 11:36,1,+15.6,+24.0,+30.0,+16.0,+15.0,+14.5,+14.0,+13.5,+13.5
2024-07-06 12:36,1,+15.6,+24.0,+30.0,+16.1,+15.1,+14.5,+14.0,+13.4,+13.4
2024-07-06 13:36,1,+15.6,+23.9,+30.0,+16.1,+15.3,+14.5,+14.0,+13.4,+13.4
2024-07-06 14:36,1,+15.5,+23.9,+30.0,+16.1,+15.4,+14.6,+14.0,+13.4,+13.4
2024-07-06 15:36,1,+15.5,+23.9,+30.0,+16.4,+15.4,+14.6,+14.0,+13.4,+13.4
2024-07-06 16:36,1,+15.5,+23.9,+29.9,+16.5,+15.5,+14.6,+14.0,+13.4,+13.5
2024-07-06 17:36,1,+15.5,+23.9,+29.9,+16.6,+15.6,+14.6,+14.1,+13.4,+13.4
2024-07-06 18:36,1,+15.5,+23.9,+29.9,+16.6,+15.6,+14.6,+14.1,+13.4,+13.5
2024-07-06 19:36,1,+15.4,+23.9,+29.9,+16.5,+15.8,+14.8,+14.0,+13.4,+13.4
2024-07-06 20:36,1,+15.5,+23.9,+29.9,+16.5,+15.8,+14.8,+14.1,+13.4,+13.5
2024-07-06 21:36,1,+15.5,+23.9,+29.9,+16.4,+15.8,+14.9,+14.1,+13.5,+13.4
2024-07-06 22:36,1,+15.5,+23.9,+29.9,+16.3,+15.6,+14.9,+14.1,+13.4,+13.4
2024-07-06 23:36,1,+15.5,+23.9,+29.9,+16.1,+15.6,+14.9,+14.1,+13.4,+13.5
2024-07-07 00:36,1,+15.5,+23.9,+29.9,+15.9,+15.6,+14.8,+14.1,+13.4,+13.5
2024-07-07 01:36,1,+15.6,+23.9,+29.9,+15.9,+15.5,+14.9,+14.1,+13.5,+13.5
2024-07-07 02:36,1,+15.6,+23.9,+29.8,+15.8,+15.5,+14.8,+14.1,+13.5,+13.5
2024-07-07 03:36,1,+15.6,+23.9,+29.8,+15.8,+15.5,+14.8,+14.1,+13.5,+13.5
2024-07-07 04:36,1,+15.6,+23.9,+29.8,+15.6,+15.4,+14.8,+14.3,+13.5,+13.5
2024-07-07 05:36,1,+15.6,+23.9,+29.8,+15.6,+15.3,+14.8,+14.1,+13.5,+13.5
2024-07-07 06:36,1,+15.6,+23.9,+29.8,+15.5,+15.3,+14.6,+14.1,+13.5,+13.5
2024-07-07 07:36,1,+15.8,+23.9,+29.8,+15.5,+15.3,+14.6,+14.1,+13.5,+13.5
2024-07-07 08:36,1,+15.8,+23.9,+29.8,+15.5,+15.3,+14.6,+14.1,+13.5,+13.5
2024-07-07 09:36,1,+15.8,+23.9,+29.8,+15.5,+15.1,+14.6,+14.1,+13.5,+13.5
2024-07-07 10:36,1,+15.7,+23.9,+29.8,+15.8,+15.1,+14.6,+14.1,+13.5,+13.5
2024-07-07 11:36,1,+15.6,+23.9,+29.8,+16.0,+15.3,+14.6,+14.1,+13.5,+13.5
2024-07-07 12:36,1,+15.6,+23.9,+29.8,+16.4,+15.4,+14.6,+14.1,+13.5,+13.5
2024-07-07 13:36,1,+15.6,+23.9,+29.8,+16.6,+15.4,+14.6,+14.1,+13.5,+13.5
2024-07-07 14:36,1,+15.6,+23.9,+29.8,+16.9,+15.6,+14.8,+14.1,+13.5,+13.5
2024-07-07 15:36,1,+15.8,+23.9,+29.8,+17.0,+15.8,+14.8,+14.0,+13.5,+13.5
2024-07-07 16:36,1,+15.7,+23.9,+29.8,+17.0,+15.9,+14.8,+14.1,+13.5,+13.5
2024-07-07 17:36,1,+15.8,+23.9,+29.8,+17.0,+16.0,+14.9,+14.1,+13.5,+13.5
2024-07-07 18:36,1,+15.9,+23.9,+29.8,+16.9,+16.0,+15.0,+14.3,+13.5,+13.5
2024-07-07 19:36,1,+15.9,+23.9,+29.8,+16.8,+16.0,+15.0,+14.1,+13.5,+13.5
2024-07-07 20:36,1,+16.7,+23.9,+29.8,+16.8,+16.0,+15.0,+14.3,+13.6,+13.5
2024-07-07 21:36,1,+16.8,+23.9,+29.8,+16.6,+16.0,+15.0,+14.3,+13.6,+13.5
2024-07-07 22:36,1,+16.7,+23.9,+29.8,+16.4,+15.9,+15.0,+14.3,+13.5,+13.5
2024-07-07 23:36,1,+16.9,+23.9,+29.8,+16.3,+15.9,+15.0,+14.3,+13.5,+13.6
2024-07-08 00:36,1,+16.9,+23.9,+29.8,+16.1,+15.9,+15.0,+14.4,+13.5,+13.5
2024-07-08 01:36,1,+16.8,+23.9,+29.8,+15.9,+15.8,+15.0,+14.3,+13.6,+13.6
2024-07-08 02:36,1,+17.1,+23.9,+29.8,+15.8,+15.6,+15.0,+14.4,+13.6,+13.6
2024-07-08 03:36,1,+16.6,+23.9,+29.8,+15.5,+15.5,+14.9,+14.4,+13.6,+13.6
2024-07-08 04:36,1,+16.7,+23.9,+29.8,+15.4,+15.4,+14.9,+14.3,+13.6,+13.6
2024-07-08 05:36,1,+16.7,+23.9,+29.8,+15.3,+15.3,+14.9,+14.3,+13.6,+13.6
2024-07-08 06:36,1,+17.3,+23.9,+29.8,+15.1,+15.1,+14.8,+14.3,+13.6,+13.6
2024-07-08 07:36,1,+17.5,+23.9,+29.8,+15.1,+15.1,+14.8,+14.3,+13.6,+13.8
2024-07-08 08:36,1,+17.4,+23.8,+29.8,+15.1,+15.0,+14.8,+14.3,+13.6,+13.6
2024-07-08 09:36,1,+17.4,+23.8,+29.7,+15.4,+15.0,+14.6,+14.1,+13.6,+13.6
2024-07-08 10:36,1,+17.4,+23.8,+29.7,+15.6,+15.0,+14.6,+14.1,+13.6,+13.6
2024-07-08 11:36,1,+16.9,+23.8,+29.7,+16.3,+15.3,+14.6,+14.3,+13.5,+13.6
2024-07-08 12:36,1,+17.4,+23.7,+29.7,+16.8,+15.4,+14.6,+14.1,+13.5,+13.6
2024-07-08 13:36,1,+17.5,+23.7,+29.7,+17.4,+15.6,+14.6,+14.1,+13.5,+13.5
2024-07-08 14:36,1,+17.4,+23.7,+29.7,+17.6,+15.8,+14.8,+14.3,+13.5,+13.6
2024-07-08 15:36,1,+16.8,+23.6,+29.6,+17.8,+16.1,+14.8,+14.1,+13.5,+13.5
2024-07-08 16:36,1,+16.8,+23.6,+29.6,+17.9,+16.3,+15.0,+14.3,+13.5,+13.6
2024-07-08 17:36,1,+16.8,+23.6,+29.6,+17.9,+16.4,+15.0,+14.3,+13.5,+13.6
2024-07-08 18:36,1,+16.8,+23.6,+29.6,+17.9,+16.5,+15.1,+14.3,+13.6,+13.6
2024-07-08 19:36,1,+16.4,+23.6,+29.6,+17.8,+16.6,+15.3,+14.4,+13.5,+13.6
2024-07-08 20:36,1,+16.4,+23.6,+29.6,+17.6,+16.6,+15.4,+14.4,+13.6,+13.6
2024-07-08 21:36,1,+16.4,+23.6,+29.5,+17.5,+16.6,+15.4,+14.5,+13.6,+13.6
2024-07-08 22:36,1,+17.1,+23.6,+29.5,+17.3,+16.5,+15.4,+14.5,+13.6,+13.6
2024-07-08 23:36,1,+17.1,+23.6,+29.5,+17.1,+16.5,+15.4,+14.5,+13.8,+13.6
2024-07-09 00:36,1,+17.2,+23.6,+29.5,+16.9,+16.4,+15.4,+14.5,+13.8,+13.6
2024-07-09 01:36,1,+17.2,+23.6,+29.5,+16.6,+16.3,+15.4,+14.5,+13.8,+13.6
2024-07-09 02:36,1,+17.3,+23.6,+29.5,+16.4,+16.1,+15.4,+14.6,+13.8,+13.8
2024-07-09 03:36,1,+17.3,+23.6,+29.5,+16.3,+16.1,+15.4,+14.5,+13.8,+13.8
2024-07-09 04:36,1,+16.9,+23.5,+29.5,+16.1,+16.0,+15.4,+14.6,+13.8,+13.8
2024-07-09 05:36,1,+17.0,+23.5,+29.5,+15.9,+15.9,+15.3,+14.5,+13.9,+13.8
2024-07-09 06:36,1,+17.3,+23.5,+29.5,+15.8,+15.8,+15.1,+14.5,+13.8,+13.8
2024-07-09 07:36,1,+17.0,+23.5,+29.5,+15.8,+15.6,+15.1,+14.5,+13.8,+13.8
2024-07-09 08:36,1,+17.2,+23.5,+29.5,+15.8,+15.5,+15.1,+14.5,+13.8,+13.8
2024-07-09 09:36,1,+17.1,+23.5,+29.4,+15.9,+15.5,+15.0,+14.5,+13.8,+13.8
2024-07-09 10:36,1,+16.6,+23.5,+29.4,+16.3,+15.5,+15.0,+14.5,+13.8,+13.8
2024-07-09 11:36,1,+16.4,+23.4,+29.4,+16.9,+15.6,+15.0,+14.5,+13.8,+13.8
2024-07-09 12:36,1,+16.4,+23.4,+29.4,+17.3,+15.9,+15.0,+14.4,+13.8,+13.8
2024-07-09 13:36,1,+16.3,+23.3,+29.3,+17.9,+16.1,+15.0,+14.4,+13.8,+13.8
2024-07-09 14:36,1,+16.0,+23.3,+29.3,+18.3,+16.4,+15.1,+14.4,+13.8,+13.8
2024-07-09 15:36,1,+16.1,+23.3,+29.3,+18.3,+16.6,+15.3,+14.4,+13.8,+13.8
2024-07-09 16:36,1,+16.1,+23.2,+29.3,+18.4,+16.8,+15.4,+14.5,+13.8,+13.8
2024-07-09 17:36,1,+16.0,+23.2,+29.2,+18.3,+16.9,+15.5,+14.5,+13.8,+13.9
2024-07-09 18:36,1,+15.9,+23.2,+29.2,+18.3,+16.9,+15.5,+14.6,+13.8,+13.8
2024-07-09 19:36,1,+16.2,+23.2,+29.2,+18.3,+16.9,+15.6,+14.6,+13.8,+13.8
2024-07-09 20:36,1,+16.1,+23.2,+29.2,+18.1,+17.0,+15.6,+14.6,+13.9,+13.9
2024-07-09 21:36,1,+16.1,+23.2,+29.2,+18.0,+17.0,+15.6,+14.6,+13.9,+13.8
2024-07-09 22:36,1,+15.9,+23.2,+29.1,+17.8,+16.9,+15.8,+14.8,+13.9,+13.9
2024-07-09 23:36,1,+15.9,+23.2,+29.1,+17.5,+16.9,+15.8,+14.8,+13.9,+13.9
2024-07-10 00:36,1,+15.9,+23.2,+29.1,+17.5,+16.8,+15.8,+14.8,+13.9,+13.9
2024-07-10 01:36,1,+16.0,+23.2,+29.1,+17.3,+16.8,+15.8,+14.9,+14.0,+13.9
2024-07-10 02:36,1,+16.0,+23.2,+29.1,+17.0,+16.6,+15.8,+14.9,+14.0,+14.0
2024-07-10 03:36,1,+16.0,+23.2,+29.1,+16.8,+16.5,+15.8,+14.9,+14.0,+14.0
2024-07-10 04:36,1,+16.0,+23.1,+29.1,+16.6,+16.5,+15.8,+14.9,+14.0,+14.0
2024-07-10 05:36,1,+16.0,+23.1,+29.1,+16.4,+16.4,+15.6,+14.9,+14.0,+14.0
2024-07-10 06:36,1,+16.0,+23.1,+29.1,+16.3,+16.3,+15.6,+14.9,+14.0,+14.0
2024-07-10 07:36,1,+16.0,+23.1,+29.1,+16.3,+16.1,+15.5,+14.9,+14.0,+14.0
2024-07-10 08:36,1,+16.0,+23.1,+29.1,+16.3,+16.0,+15.4,+14.8,+14.0,+14.0
2024-07-10 09:36,1,+16.0,+23.1,+29.0,+16.4,+16.0,+15.4,+14.9,+14.0,+14.0
2024-07-10 10:36,1,+16.0,+23.0,+29.0,+16.9,+16.0,+15.4,+14.8,+14.0,+14.0
2024-07-10 11:36,1,+15.8,+23.0,+29.0,+17.4,+16.1,+15.4,+14.8,+14.0,+14.0
2024-07-10 12:36,1,+16.3,+23.0,+29.0,+17.8,+16.3,+15.4,+14.8,+14.0,+14.0
2024-07-10 13:36,1,+16.3,+22.9,+28.9,+18.5,+16.5,+15.4,+14.8,+14.0,+14.0
2024-07-10 14:36,1,+16.3,+22.9,+28.9,+18.8,+16.8,+15.5,+14.8,+14.0,+14.0
2024-07-10 15:36,1,+16.4,+22.8,+28.9,+18.8,+17.0,+15.5,+14.8,+14.0,+14.0
2024-07-10 16:36,1,+16.3,+22.8,+28.8,+18.8,+17.1,+15.6,+14.8,+14.0,+14.0
2024-07-10 17:36,1,+16.1,+22.8,+28.8,+18.8,+17.3,+15.8,+14.9,+14.0,+14.0
2024-07-10 18:36,1,+16.1,+22.8,+28.8,+18.6,+17.4,+15.9,+14.9,+14.0,+14.0
2024-07-10 19:36,1,+15.9,+22.7,+28.7,+18.6,+17.4,+16.0,+14.9,+14.0,+14.0
2024-07-10 20:36,1,+16.0,+22.7,+28.7,+18.5,+17.4,+16.0,+15.0,+14.1,+14.0
2024-07-10 21:36,1,+16.1,+22.7,+28.7,+18.3,+17.4,+16.1,+15.0,+14.1,+14.1
2024-07-10 22:36,1,+16.2,+22.7,+28.7,+18.0,+17.4,+16.1,+15.0,+14.1,+14.1
2024-07-10 23:36,1,+16.1,+22.7,+28.7,+17.9,+17.3,+16.1,+15.1,+14.1,+14.1
2024-07-11 00:36,1,+16.1,+22.8,+28.7,+17.6,+17.1,+16.1,+15.0,+14.1,+14.1
2024-07-11 01:36,1,+16.2,+22.7,+28.7,+17.5,+17.0,+16.1,+15.1,+14.3,+14.1
2024-07-11 02:36,1,+16.5,+22.7,+28.7,+17.4,+17.0,+16.1,+15.1,+14.3,+14.1
2024-07-11 03:36,1,+16.1,+22.7,+28.7,+17.3,+16.9,+16.0,+15.1,+14.3,+14.3
2024-07-11 04:36,1,+16.4,+22.7,+28.7,+17.0,+16.8,+16.0,+15.1,+14.3,+14.3
2024-07-11 05:36,1,+16.5,+22.7,+28.6,+16.9,+16.6,+16.0,+15.1,+14.3,+14.3
2024-07-11 06:36,1,+16.5,+22.7,+28.6,+16.8,+16.6,+15.9,+15.1,+14.3,+14.3
2024-07-11 07:36,1,+16.0,+22.7,+28.6,+16.6,+16.5,+15.9,+15.1,+14.3,+14.3
2024-07-11 08:36,1,+15.9,+22.7,+28.6,+16.6,+16.4,+15.9,+15.1,+14.3,+14.3
2024-07-11 09:36,1,+15.8,+22.7,+28.6,+16.8,+16.4,+15.8,+15.1,+14.3,+14.3
2024-07-11 10:36,1,+15.7,+22.6,+28.5,+17.1,+16.4,+15.8,+15.1,+14.3,+14.3
2024-07-11 11:36,1,+15.6,+22.6,+28.5,+17.8,+16.5,+15.8,+15.1,+14.3,+14.3
2024-07-11 12:36,1,+15.8,+22.6,+28.5,+18.3,+16.6,+15.6,+15.0,+14.3,+14.3
2024-07-11 13:36,1,+16.0,+22.5,+28.5,+19.0,+16.9,+15.8,+15.0,+14.3,+14.3
2024-07-11 14:36,1,+15.9,+22.4,+28.4,+19.4,+17.1,+15.8,+15.0,+14.3,+14.3
2024-07-11 15:36,1,+15.8,+22.4,+28.4,+19.4,+17.4,+15.9,+15.0,+14.3,+14.3
2024-07-11 16:36,1,+15.8,+22.4,+28.3,+19.5,+17.6,+16.0,+15.1,+14.3,+14.3
2024-07-11 17:36,1,+15.8,+22.4,+28.3,+19.5,+17.8,+16.1,+15.1,+14.3,+14.3
2024-07-11 18:36,1,+15.8,+22.3,+28.3,+19.4,+17.9,+16.3,+15.1,+14.3,+14.3
2024-07-11 19:36,1,+15.7,+22.3,+28.3,+19.4,+17.9,+16.4,+15.3,+14.4,+14.3
2024-07-11 20:36,1,+15.7,+22.3,+28.3,+19.1,+17.9,+16.4,+15.3,+14.3,+14.3
2024-07-11 21:36,1,+15.3,+22.3,+28.2,+19.0,+17.9,+16.5,+15.3,+14.4,+14.3
2024-07-11 22:36,1,+15.6,+22.3,+28.2,+18.9,+17.9,+16.5,+15.4,+14.4,+14.4
2024-07-11 23:36,1,+15.4,+22.3,+28.2,+18.6,+17.8,+16.5,+15.4,+14.4,+14.4
2024-07-12 00:36,1,+15.7,+22.3,+28.2,+18.4,+17.8,+16.5,+15.4,+14.5,+14.4
2024-07-12 01:36,1,+16.0,+22.3,+28.2,+18.3,+17.6,+16.5,+15.5,+14.5,+14.4
2024-07-12 02:36,1,+15.9,+22.3,+28.1,+18.0,+17.5,+16.5,+15.5,+14.5,+14.4
2024-07-12 03:36,1,+16.0,+22.3,+28.1,+17.8,+17.5,+16.5,+15.5,+14.5,+14.5
2024-07-12 04:36,1,+15.9,+22.3,+28.1,+17.6,+17.3,+16.4,+15.5,+14.6,+14.5
2024-07-12 05:36,1,+15.8,+22.3,+28.1,+17.4,+17.1,+16.4,+15.5,+14.5,+14.5
2024-07-12 06:36,1,+15.8,+22.2,+28.1,+17.3,+17.0,+16.4,+15.5,+14.5,+14.5
2024-07-12 07:36,1,+15.9,+22.3,+28.1,+17.1,+17.0,+16.3,+15.5,+14.6,+14.5
2024-07-12 08:36,1,+15.9,+22.2,+28.1,+17.3,+16.9,+16.3,+15.5,+14.6,+14.5
2024-07-12 09:36,1,+16.0,+22.2,+28.0,+17.4,+16.9,+16.1,+15.4,+14.5,+14.5
2024-07-12 10:36,1,+15.2,+22.2,+28.0,+18.0,+16.8,+16.1,+15.4,+14.6,+14.5
2024-07-12 11:36,1,+15.1,+22.1,+28.0,+18.5,+17.0,+16.1,+15.4,+14.6,+14.5
2024-07-12 12:36,1,+15.6,+22.1,+28.0,+18.9,+17.3,+16.1,+15.4,+14.5,+14.5
2024-07-12 13:36,1,+15.5,+22.0,+27.9,+19.5,+17.4,+16.3,+15.4,+14.6,+14.6
2024-07-12 14:36,1,+15.5,+22.0,+27.9,+19.6,+17.6,+16.3,+15.4,+14.6,+14.5
2024-07-12 15:36,1,+15.4,+21.9,+27.8,+19.8,+17.9,+16.4,+15.4,+14.5,+14.5
2024-07-12 16:36,1,+15.4,+21.8,+27.8,+19.9,+18.0,+16.5,+15.4,+14.5,+14.5
2024-07-12 17:36,1,+15.4,+21.8,+27.8,+19.8,+18.1,+16.5,+15.5,+14.6,+14.5
2024-07-12 18:36,1,+15.4,+21.8,+27.7,+19.6,+18.3,+16.6,+15.5,+14.6,+14.5
2024-07-12 19:36,1,+15.2,+21.8,+27.7,+19.6,+18.3,+16.8,+15.5,+14.6,+14.5
2024-07-12 20:36,1,+15.2,+21.7,+27.7,+19.4,+18.3,+16.8,+15.5,+14.6,+14.6
2024-07-12 21:36,1,+15.2,+21.7,+27.7,+19.3,+18.3,+16.9,+15.6,+14.6,+14.6
2024-07-12 22:36,1,+15.0,+21.7,+27.6,+19.0,+18.3,+16.9,+15.6,+14.8,+14.6
2024-07-12 23:36,1,+15.0,+21.7,+27.6,+18.9,+18.1,+16.9,+15.8,+14.8,+14.6
2024-07-13 00:36,1,+14.9,+21.7,+27.6,+18.6,+18.0,+16.9,+15.8,+14.8,+14.8
2024-07-13 01:36,1,+14.9,+21.7,+27.6,+18.5,+17.9,+16.9,+15.8,+14.8,+14.8
2024-07-13 02:36,1,+15.4,+21.7,+27.6,+18.3,+17.8,+16.8,+15.8,+14.8,+14.8
2024-07-13 03:36,1,+15.1,+21.7,+27.6,+18.1,+17.8,+16.8,+15.8,+14.9,+14.6
2024-07-13 04:36,1,+15.1,+21.7,+27.6,+18.0,+17.5,+16.8,+15.8,+14.8,+14.8
2024-07-13 05:36,1,+15.2,+21.7,+27.6,+17.9,+17.5,+16.8,+15.8,+14.9,+14.8
2024-07-13 06:36,1,+15.2,+21.7,+27.5,+17.9,+17.4,+16.6,+15.8,+14.9,+14.8
2024-07-13 07:36,1,+15.1,+21.7,+27.5,+17.9,+17.4,+16.6,+15.8,+14.9,+14.8
2024-07-13 08:36,1,+15.0,+21.7,+27.5,+18.0,+17.4,+16.5,+15.8,+14.9,+14.8
2024-07-13 09:36,1,+14.9,+21.7,+27.5,+18.1,+17.4,+16.5,+15.8,+14.9,+14.8
2024-07-13 10:36,1,+14.9,+21.7,+27.4,+18.4,+17.4,+16.5,+15.8,+14.9,+14.8
2024-07-13 11:36,1,+15.2,+21.6,+27.4,+18.9,+17.5,+16.5,+15.8,+14.9,+14.8
2024-07-13 12:36,1,+15.1,+21.6,+27.4,+19.0,+17.6,+16.5,+15.8,+14.9,+14.8
2024-07-13 13:36,1,+15.9,+21.7,+27.4,+18.9,+17.8,+16.5,+15.8,+14.9,+14.8
2024-07-13 14:36,1,+15.8,+21.7,+27.4,+19.0,+17.9,+16.6,+15.8,+14.9,+14.8
2024-07-13 15:36,1,+15.7,+21.8,+27.4,+19.1,+17.9,+16.8,+15.8,+14.9,+14.8
2024-07-13 16:36,1,+15.7,+21.8,+27.4,+19.3,+18.0,+16.8,+15.8,+14.9,+14.9
2024-07-13 17:36,1,+15.4,+21.8,+27.4,+19.5,+18.1,+16.8,+15.8,+14.8,+14.9
2024-07-13 18:36,1,+15.5,+21.8,+27.4,+19.5,+18.1,+16.9,+15.8,+14.9,+14.9
2024-07-13 19:36,1,+15.4,+21.8,+27.4,+19.5,+18.3,+16.9,+15.9,+14.9,+14.9
2024-07-13 20:36,1,+15.5,+21.8,+27.4,+19.5,+18.3,+17.0,+15.9,+15.0,+14.9
2024-07-13 21:36,1,+15.5,+21.8,+27.4,+19.3,+18.4,+17.0,+15.9,+14.9,+14.9
2024-07-13 22:36,1,+15.5,+21.8,+27.5,+19.1,+18.3,+17.0,+15.9,+15.0,+14.9
2024-07-13 23:36,1,+15.6,+21.8,+27.5,+19.0,+18.3,+17.0,+15.9,+15.0,+14.9
2024-07-14 00:36,1,+15.5,+21.9,+27.5,+18.9,+18.1,+17.0,+15.9,+15.0,+15.0
2024-07-14 01:36,1,+15.4,+21.9,+27.5,+18.6,+18.1,+17.1,+16.0,+15.0,+15.0
2024-07-14 02:36,1,+15.4,+21.9,+27.5,+18.5,+18.0,+17.0,+16.0,+15.0,+15.0
2024-07-14 03:36,1,+15.5,+21.9,+27.5,+18.4,+17.9,+17.0,+16.0,+15.1,+15.0
2024-07-14 04:36,1,+15.5,+21.9,+27.5,+18.3,+17.8,+16.9,+16.0,+15.0,+15.0
2024-07-14 05:36,1,+15.4,+21.9,+27.5,+18.1,+17.8,+16.9,+16.0,+15.1,+15.0
2024-07-14 06:36,1,+15.5,+21.9,+27.5,+18.0,+17.6,+16.9,+16.0,+15.1,+15.0
2024-07-14 07:36,1,+15.6,+21.9,+27.5,+17.9,+17.6,+16.9,+16.0,+15.1,+15.0
2024-07-14 08:36,1,+16.0,+21.9,+27.5,+17.9,+17.5,+16.8,+16.0,+15.1,+15.0
2024-07-14 09:36,1,+15.6,+21.9,+27.5,+18.0,+17.4,+16.8,+16.0,+15.0,+15.0
2024-07-14 10:36,1,+15.5,+21.8,+27.5,+18.4,+17.5,+16.8,+15.9,+15.1,+15.0
2024-07-14 11:36,1,+15.2,+21.8,+27.5,+18.9,+17.6,+16.8,+15.9,+15.1,+15.1
2024-07-14 12:36,1,+15.2,+21.8,+27.4,+19.3,+17.8,+16.6,+15.9,+15.1,+15.0
2024-07-14 13:36,1,+15.3,+21.8,+27.4,+19.8,+17.9,+16.8,+15.9,+15.1,+15.0
2024-07-14 14:36,1,+15.2,+21.7,+27.4,+20.1,+18.1,+16.9,+15.9,+15.0,+15.0
2024-07-14 15:36,1,+15.1,+21.7,+27.4,+20.1,+18.4,+16.9,+15.9,+15.1,+15.0
2024-07-14 16:36,1,+15.2,+21.7,+27.4,+20.1,+18.5,+17.0,+16.0,+15.1,+15.0
2024-07-14 17:36,1,+15.0,+21.7,+27.4,+20.1,+18.6,+17.1,+16.0,+15.1,+15.0
2024-07-14 18:36,1,+15.2,+21.7,+27.3,+20.0,+18.6,+17.1,+16.0,+15.1,+15.0
2024-07-14 19:36,1,+15.0,+21.7,+27.3,+19.8,+18.6,+17.3,+16.1,+15.1,+15.0
2024-07-14 20:36,1,+14.9,+21.7,+27.3,+19.6,+18.6,+17.3,+16.1,+15.1,+15.1
2024-07-14 21:36,1,+14.9,+21.6,+27.3,+19.4,+18.5,+17.3,+16.3,+15.1,+15.1
2024-07-14 22:36,1,+15.0,+21.6,+27.3,+19.1,+18.5,+17.3,+16.1,+15.3,+15.1
2024-07-14 23:36,1,+14.9,+21.6,+27.3,+18.9,+18.4,+17.3,+16.1,+15.3,+15.1
2024-07-15 00:36,1,+15.0,+21.6,+27.2,+18.6,+18.3,+17.3,+16.3,+15.3,+15.1
2024-07-15 01:36,1,+15.1,+21.6,+27.2,+18.4,+18.1,+17.3,+16.3,+15.3,+15.1
2024-07-15 02:36,1,+15.1,+21.6,+27.2,+18.1,+18.0,+17.1,+16.3,+15.3,+15.3
2024-07-15 03:36,1,+15.0,+21.6,+27.2,+17.9,+17.9,+17.1,+16.3,+15.3,+15.3
2024-07-15 04:36,1,+15.4,+21.6,+27.2,+17.8,+17.8,+17.0,+16.1,+15.3,+15.3
2024-07-15 05:36,1,+15.4,+21.6,+27.2,+17.6,+17.6,+16.9,+16.1,+15.3,+15.1
2024-07-15 06:36,1,+15.3,+21.6,+27.2,+17.5,+17.5,+16.9,+16.1,+15.3,+15.1
2024-07-15 07:36,1,+15.6,+21.6,+27.1,+17.5,+17.4,+16.9,+16.1,+15.3,+15.3
2024-07-15 08:36,1,+15.4,+21.6,+27.1,+17.5,+17.3,+16.8,+16.1,+15.3,+15.3
2024-07-15 09:36,1,+15.5,+21.6,+27.1,+17.6,+17.3,+16.8,+16.1,+15.3,+15.1
2024-07-15 10:36,1,+15.6,+21.6,+27.1,+17.8,+17.3,+16.6,+16.1,+15.3,+15.3
2024-07-15 11:36,1,+16.2,+21.6,+27.1,+17.9,+17.3,+16.6,+16.0,+15.3,+15.3
2024-07-15 12:36,1,+15.7,+21.6,+27.1,+18.3,+17.4,+16.6,+16.0,+15.3,+15.3
2024-07-15 13:36,1,+15.5,+21.6,+27.1,+18.8,+17.5,+16.6,+16.0,+15.3,+15.1
2024-07-15 14:36,1,+15.5,+21.5,+27.1,+19.0,+17.6,+16.6,+15.9,+15.1,+15.1
2024-07-15 15:36,1,+15.6,+21.5,+27.0,+19.0,+17.8,+16.8,+16.0,+15.1,+15.1
2024-07-15 16:36,1,+15.6,+21.5,+27.0,+19.3,+17.9,+16.8,+16.0,+15.1,+15.1
2024-07-15 17:36,1,+15.3,+21.5,+27.0,+19.1,+18.0,+16.9,+16.0,+15.3,+15.1
2024-07-15 18:36,1,+15.5,+21.4,+27.0,+19.1,+18.0,+16.9,+16.0,+15.1,+15.1
2024-07-15 19:36,1,+15.4,+21.4,+27.0,+19.1,+18.0,+16.9,+16.0,+15.1,+15.1
2024-07-15 20:36,1,+15.5,+21.4,+26.9,+18.9,+18.1,+17.0,+16.1,+15.1,+15.1
2024-07-15 21:36,1,+15.4,+21.4,+26.9,+18.6,+18.0,+17.0,+16.1,+15.3,+15.3
2024-07-15 22:36,1,+15.3,+21.4,+26.9,+18.4,+18.0,+17.0,+16.0,+15.3,+15.1
2024-07-15 23:36,1,+15.4,+21.4,+26.9,+18.1,+17.9,+17.0,+16.1,+15.3,+15.3
2024-07-16 00:36,1,+15.3,+21.4,+26.9,+17.8,+17.6,+17.0,+16.1,+15.3,+15.1
2024-07-16 01:36,1,+15.6,+21.4,+26.9,+17.5,+17.5,+16.9,+16.1,+15.3,+15.3
2024-07-16 02:36,1,+15.6,+21.4,+26.9,+17.4,+17.4,+16.9,+16.1,+15.3,+15.3
2024-07-16 03:36,1,+15.5,+21.4,+26.9,+17.3,+17.3,+16.8,+16.1,+15.3,+15.3
2024-07-16 04:36,1,+15.6,+21.4,+26.8,+17.1,+17.1,+16.8,+16.1,+15.3,+15.3
2024-07-16 05:36,1,+15.6,+21.4,+26.8,+17.0,+17.1,+16.6,+16.1,+15.3,+15.3
2024-07-16 06:36,1,+15.7,+21.3,+26.8,+16.9,+17.0,+16.5,+16.0,+15.3,+15.3
2024-07-16 07:36,1,+15.4,+21.3,+26.8,+16.8,+16.9,+16.5,+16.0,+15.3,+15.1
2024-07-16 08:36,1,+15.6,+21.3,+26.8,+16.6,+16.8,+16.4,+15.9,+15.3,+15.1
2024-07-16 09:36,1,+15.5,+21.3,+26.7,+16.6,+16.8,+16.4,+15.9,+15.1,+15.1
2024-07-16 10:36,1,+15.3,+21.2,+26.7,+17.0,+16.6,+16.4,+15.9,+15.1,+15.1
2024-07-16 11:36,1,+15.1,+21.1,+26.7,+17.4,+16.6,+16.3,+15.9,+15.1,+15.1
2024-07-16 12:36,1,+15.0,+21.1,+26.6,+17.6,+16.8,+16.3,+15.9,+15.1,+15.1
2024-07-16 13:36,1,+15.0,+21.0,+26.6,+18.0,+16.9,+16.3,+15.8,+15.1,+15.1
2024-07-16 14:36,1,+15.0,+21.0,+26.6,+18.1,+17.1,+16.3,+15.8,+15.1,+15.1
2024-07-16 15:36,1,+14.9,+20.9,+26.5,+18.1,+17.3,+16.3,+15.8,+15.1,+15.1
2024-07-16 16:36,1,+14.7,+20.9,+26.5,+18.1,+17.3,+16.4,+15.8,+15.1,+15.0
2024-07-16 17:36,1,+14.6,+20.8,+26.5,+18.1,+17.3,+16.4,+15.8,+15.1,+15.1
2024-07-16 18:36,1,+14.6,+20.8,+26.5,+17.9,+17.3,+16.4,+15.8,+15.0,+15.1
2024-07-16 19:36,1,+14.5,+20.8,+26.5,+17.8,+17.3,+16.4,+15.8,+15.1,+15.1
2024-07-16 20:36,1,+14.6,+20.8,+26.4,+17.5,+17.3,+16.5,+15.8,+15.0,+15.0
2024-07-16 21:36,1,+14.6,+20.8,+26.4,+17.3,+17.1,+16.4,+15.8,+15.0,+15.1
2024-07-16 22:36,1,+14.6,+20.7,+26.4,+17.0,+17.0,+16.5,+15.8,+15.0,+15.0
2024-07-16 23:36,1,+14.7,+20.7,+26.4,+16.9,+16.9,+16.4,+15.8,+15.0,+15.1
2024-07-17 00:36,1,+14.7,+20.7,+26.3,+16.5,+16.8,+16.4,+15.8,+15.0,+15.0
2024-07-17 01:36,1,+14.7,+20.7,+26.3,+16.3,+16.5,+16.3,+15.8,+15.0,+15.0
2024-07-17 02:36,1,+14.8,+20.7,+26.3,+16.0,+16.4,+16.3,+15.8,+15.1,+15.0
2024-07-17 03:36,1,+14.9,+20.7,+26.3,+15.8,+16.3,+16.1,+15.8,+15.0,+15.0
2024-07-17 04:36,1,+14.8,+20.7,+26.3,+15.5,+16.1,+16.0,+15.6,+15.0,+15.0
2024-07-17 05:36,1,+14.8,+20.6,+26.2,+15.3,+15.9,+15.9,+15.6,+15.0,+15.0
2024-07-17 06:36,1,+14.9,+20.6,+26.2,+15.1,+15.8,+15.9,+15.6,+15.0,+15.0
2024-07-17 07:36,1,+14.9,+20.6,+26.2,+15.0,+15.6,+15.8,+15.5,+15.0,+15.0
2024-07-17 08:36,1,+15.0,+20.6,+26.2,+15.0,+15.4,+15.6,+15.5,+15.0,+15.0
2024-07-17 09:36,1,+14.9,+20.6,+26.2,+15.1,+15.4,+15.5,+15.5,+14.9,+15.0
2024-07-17 10:36,1,+14.9,+20.6,+26.1,+15.5,+15.4,+15.5,+15.4,+14.9,+14.9
2024-07-17 11:36,1,+15.3,+20.5,+26.1,+15.8,+15.4,+15.4,+15.4,+14.9,+14.9
2024-07-17 12:36,1,+14.6,+20.5,+26.1,+16.0,+15.5,+15.4,+15.3,+14.9,+14.9
2024-07-17 13:36,1,+14.7,+20.4,+26.1,+16.5,+15.6,+15.3,+15.3,+14.8,+14.9
2024-07-17 14:36,1,+14.4,+20.4,+26.0,+16.8,+15.9,+15.4,+15.1,+14.8,+14.9
2024-07-17 15:36,1,+14.4,+20.3,+26.0,+16.9,+16.0,+15.4,+15.3,+14.8,+14.8
2024-07-17 16:36,1,+14.2,+20.3,+25.9,+16.9,+16.1,+15.5,+15.1,+14.6,+14.8
2024-07-17 17:36,1,+14.1,+20.3,+25.9,+17.0,+16.3,+15.5,+15.1,+14.8,+14.8
2024-07-17 18:36,1,+14.1,+20.2,+25.9,+17.0,+16.3,+15.6,+15.1,+14.6,+14.8
2024-07-17 19:36,1,+14.1,+20.2,+25.9,+16.9,+16.3,+15.6,+15.1,+14.6,+14.8
2024-07-17 20:36,1,+14.0,+20.2,+25.9,+16.8,+16.4,+15.6,+15.1,+14.6,+14.6
2024-07-17 21:36,1,+14.0,+20.2,+25.8,+16.5,+16.3,+15.6,+15.3,+14.6,+14.6
2024-07-17 22:36,1,+14.0,+20.2,+25.8,+16.3,+16.3,+15.8,+15.3,+14.6,+14.8
2024-07-17 23:36,1,+14.0,+20.2,+25.8,+16.0,+16.1,+15.6,+15.3,+14.6,+14.6
2024-07-18 00:36,1,+14.1,+20.1,+25.8,+15.8,+15.9,+15.6,+15.3,+14.6,+14.6
2024-07-18 01:36,1,+14.2,+20.1,+25.8,+15.5,+15.8,+15.6,+15.3,+14.6,+14.8
2024-07-18 02:36,1,+14.2,+20.1,+25.8,+15.3,+15.6,+15.5,+15.3,+14.6,+14.8
2024-07-18 03:36,1,+14.2,+20.1,+25.7,+15.0,+15.5,+15.5,+15.1,+14.6,+14.6
2024-07-18 04:36,1,+14.3,+20.1,+25.7,+14.8,+15.4,+15.4,+15.1,+14.6,+14.6
2024-07-18 05:36,1,+14.3,+20.1,+25.7,+14.5,+15.3,+15.3,+15.1,+14.6,+14.6
2024-07-18 06:36,1,+14.7,+20.1,+25.7,+14.4,+15.1,+15.1,+15.0,+14.6,+14.6
2024-07-18 07:36,1,+14.7,+20.0,+25.6,+14.4,+15.0,+15.1,+15.0,+14.5,+14.6
2024-07-18 08:36,1,+14.5,+20.0,+25.6,+14.4,+14.9,+15.0,+15.0,+14.5,+14.6
2024-07-18 09:36,1,+14.3,+20.0,+25.6,+14.6,+14.8,+15.0,+14.9,+14.5,+14.6
2024-07-18 10:36,1,+14.2,+19.9,+25.5,+15.3,+14.9,+14.9,+14.9,+14.5,+14.5
2024-07-18 11:36,1,+14.2,+19.9,+25.5,+15.6,+15.0,+14.9,+14.8,+14.4,+14.5
2024-07-18 12:36,1,+14.6,+19.9,+25.5,+16.0,+15.1,+14.9,+14.8,+14.4,+14.5
2024-07-18 13:36,1,+14.2,+19.8,+25.5,+16.5,+15.4,+14.9,+14.8,+14.4,+14.5
2024-07-18 14:36,1,+14.0,+19.7,+25.4,+17.0,+15.6,+15.0,+14.8,+14.4,+14.5
2024-07-18 15:36,1,+14.1,+19.7,+25.4,+17.1,+15.8,+15.0,+14.8,+14.4,+14.5
2024-07-18 16:36,1,+14.1,+19.6,+25.4,+17.3,+16.0,+15.1,+14.8,+14.3,+14.4
2024-07-18 17:36,1,+13.8,+19.6,+25.3,+17.4,+16.1,+15.3,+14.8,+14.3,+14.4
2024-07-18 18:36,1,+14.2,+19.6,+25.3,+17.4,+16.3,+15.3,+14.8,+14.3,+14.4
2024-07-18 19:36,1,+14.2,+19.5,+25.3,+17.3,+16.4,+15.4,+14.9,+14.4,+14.4
2024-07-18 20:36,1,+14.1,+19.5,+25.3,+17.0,+16.4,+15.5,+14.9,+14.3,+14.4
2024-07-18 21:36,1,+13.6,+19.5,+25.3,+16.9,+16.4,+15.5,+14.9,+14.4,+14.4
2024-07-18 22:36,1,+13.7,+19.5,+25.2,+16.8,+16.4,+15.5,+15.0,+14.4,+14.4
2024-07-18 23:36,1,+13.5,+19.5,+25.2,+16.5,+16.3,+15.6,+15.0,+14.4,+14.5
2024-07-19 00:36,1,+13.5,+19.5,+25.2,+16.3,+16.1,+15.5,+15.0,+14.4,+14.4
2024-07-19 01:36,1,+13.7,+19.5,+25.2,+16.0,+16.0,+15.5,+15.0,+14.4,+14.5
2024-07-19 02:36,1,+13.8,+19.5,+25.2,+15.8,+15.9,+15.5,+15.0,+14.4,+14.5
2024-07-19 03:36,1,+13.7,+19.4,+25.1,+15.6,+15.8,+15.4,+15.0,+14.4,+14.5
2024-07-19 04:36,1,+13.7,+19.4,+25.1,+15.5,+15.6,+15.4,+15.0,+14.4,+14.5
2024-07-19 05:36,1,+14.0,+19.4,+25.1,+15.3,+15.5,+15.4,+15.0,+14.4,+14.4
2024-07-19 06:36,1,+13.8,+19.4,+25.1,+15.1,+15.4,+15.3,+14.9,+14.4,+14.5
2024-07-19 07:36,1,+13.6,+19.4,+25.1,+15.0,+15.3,+15.3,+14.9,+14.4,+14.4
2024-07-19 08:36,1,+13.6,+19.4,+25.1,+15.1,+15.3,+15.1,+14.9,+14.4,+14.5
2024-07-19 09:36,1,+13.5,+19.3,+25.1,+15.4,+15.3,+15.1,+14.9,+14.4,+14.5
2024-07-19 10:36,1,+13.4,+19.3,+25.0,+15.9,+15.3,+15.0,+14.9,+14.3,+14.5
2024-07-19 11:36,1,+13.6,+19.2,+25.0,+16.5,+15.4,+15.0,+14.8,+14.4,+14.4
2024-07-19 12:36,1,+13.3,+19.1,+24.9,+17.1,+15.6,+15.0,+14.8,+14.3,+14.4
2024-07-19 13:36,1,+13.4,+19.1,+24.9,+18.0,+16.0,+15.1,+14.8,+14.3,+14.4
2024-07-19 14:36,1,+13.1,+19.0,+24.8,+18.4,+16.3,+15.1,+14.8,+14.3,+14.4
2024-07-19 15:36,1,+12.9,+18.9,+24.8,+18.5,+16.5,+15.4,+14.8,+14.3,+14.4
2024-07-19 16:36,1,+13.4,+18.9,+24.8,+18.6,+16.9,+15.5,+14.9,+14.3,+14.4
2024-07-19 17:36,1,+13.0,+18.8,+24.7,+18.8,+17.0,+15.6,+14.9,+14.3,+14.4
2024-07-19 18:36,1,+13.1,+18.8,+24.7,+18.8,+17.1,+15.8,+14.9,+14.3,+14.4
2024-07-19 19:36,1,+13.2,+18.8,+24.7,+18.6,+17.3,+15.9,+15.0,+14.4,+14.4
2024-07-19 20:36,1,+13.1,+18.8,+24.7,+18.5,+17.4,+16.0,+15.0,+14.4,+14.4
2024-07-19 21:36,1,+12.6,+18.8,+24.7,+18.3,+17.3,+16.0,+15.1,+14.4,+14.4
2024-07-19 22:36,1,+12.8,+18.8,+24.7,+18.1,+17.3,+16.1,+15.1,+14.4,+14.4
2024-07-19 23:36,1,+12.6,+18.7,+24.7,+17.9,+17.3,+16.1,+15.3,+14.5,+14.4
2024-07-20 00:36,1,+12.7,+18.7,+24.7,+17.9,+17.3,+16.1,+15.3,+14.5,+14.5
2024-07-20 01:36,1,+12.7,+18.7,+24.6,+17.6,+17.1,+16.1,+15.3,+14.5,+14.5
2024-07-20 02:36,1,+12.8,+18.7,+24.6,+17.4,+17.0,+16.1,+15.3,+14.5,+14.5
2024-07-20 03:36,1,+13.8,+18.7,+24.6,+17.3,+16.9,+16.1,+15.3,+14.5,+14.5
2024-07-20 04:36,1,+13.4,+18.7,+24.6,+17.0,+16.9,+16.1,+15.3,+14.5,+14.5
2024-07-20 05:36,1,+13.4,+18.7,+24.6,+17.0,+16.8,+16.1,+15.4,+14.6,+14.6
2024-07-20 06:36,1,+13.7,+18.7,+24.6,+16.8,+16.6,+16.0,+15.4,+14.6,+14.6
2024-07-20 07:36,1,+13.3,+18.7,+24.6,+16.6,+16.5,+16.0,+15.4,+14.6,+14.6
2024-07-20 08:36,1,+13.1,+18.7,+24.5,+16.8,+16.5,+16.0,+15.3,+14.6,+14.6
2024-07-20 09:36,1,+13.1,+18.7,+24.5,+17.0,+16.5,+15.9,+15.3,+14.6,+14.6
2024-07-20 10:36,1,+13.0,+18.6,+24.5,+17.4,+16.5,+15.9,+15.3,+14.6,+14.6
2024-07-20 11:36,1,+13.1,+18.6,+24.4,+18.0,+16.6,+15.8,+15.4,+14.6,+14.6
2024-07-20 12:36,1,+13.8,+18.5,+24.4,+18.5,+16.8,+15.9,+15.3,+14.6,+14.6
2024-07-20 13:36,1,+13.5,+18.5,+24.4,+19.0,+17.1,+16.0,+15.3,+14.6,+14.6
2024-07-20 14:36,1,+13.4,+18.4,+24.4,+19.4,+17.4,+16.0,+15.3,+14.6,+14.6
2024-07-20 15:36,1,+13.2,+18.3,+24.3,+19.5,+17.6,+16.1,+15.3,+14.6,+14.6
2024-07-20 16:36,1,+13.4,+18.3,+24.3,+19.6,+17.8,+16.1,+15.4,+14.6,+14.6
2024-07-20 17:36,1,+12.9,+18.3,+24.3,+19.5,+17.9,+16.4,+15.4,+14.6,+14.6
2024-07-20 18:36,1,+13.0,+18.3,+24.3,+19.4,+18.0,+16.5,+15.4,+14.6,+14.6
2024-07-20 19:36,1,+12.6,+18.3,+24.3,+19.3,+18.0,+16.5,+15.5,+14.6,+14.6
2024-07-20 20:36,1,+12.7,+18.2,+24.2,+19.3,+18.0,+16.6,+15.5,+14.6,+14.8
2024-07-20 21:36,1,+12.6,+18.2,+24.2,+19.0,+18.0,+16.6,+15.5,+14.8,+14.8
2024-07-20 22:36,1,+13.1,+18.2,+24.2,+18.8,+18.0,+16.8,+15.6,+14.8,+14.8
2024-07-20 23:36,1,+12.9,+18.2,+24.2,+18.6,+17.9,+16.8,+15.8,+14.8,+14.8
2024-07-21 00:36,1,+13.5,+18.2,+24.2,+18.4,+17.8,+16.8,+15.8,+14.8,+14.8
2024-07-21 01:36,1,+13.7,+18.2,+24.2,+18.3,+17.8,+16.6,+15.8,+14.9,+14.8
2024-07-21 02:36,1,+13.3,+18.2,+24.2,+18.1,+17.6,+16.8,+15.8,+14.9,+14.9
2024-07-21 03:36,1,+13.1,+18.2,+24.2,+18.0,+17.5,+16.8,+15.8,+14.9,+14.9
2024-07-21 04:36,1,+12.9,+18.2,+24.2,+17.9,+17.5,+16.6,+15.8,+14.9,+14.9
2024-07-21 05:36,1,+13.2,+18.2,+24.1,+17.8,+17.4,+16.6,+15.8,+14.9,+14.9
2024-07-21 06:36,1,+13.1,+18.2,+24.1,+17.6,+17.3,+16.5,+15.8,+14.9,+15.0
2024-07-21 07:36,1,+13.1,+18.2,+24.1,+17.5,+17.3,+16.6,+15.8,+14.9,+14.9
2024-07-21 08:36,1,+13.0,+18.2,+24.1,+17.5,+17.1,+16.5,+15.8,+14.9,+14.9
2024-07-21 09:36,1,+13.0,+18.1,+24.1,+17.6,+17.1,+16.5,+15.8,+15.0,+14.9
2024-07-21 10:36,1,+12.9,+18.1,+24.1,+17.8,+17.1,+16.4,+15.8,+14.9,+15.0
2024-07-21 11:36,1,+13.2,+18.1,+24.0,+18.1,+17.1,+16.5,+15.8,+15.0,+14.9
2024-07-21 12:36,1,+12.9,+18.1,+24.0,+18.3,+17.3,+16.4,+15.8,+14.9,+15.0
2024-07-21 13:36,1,+12.4,+18.0,+24.0,+18.6,+17.4,+16.4,+15.8,+15.0,+14.9
2024-07-21 14:36,1,+12.6,+17.9,+24.0,+19.0,+17.5,+16.4,+15.8,+15.0,+14.9
2024-07-21 15:36,1,+13.0,+17.9,+24.0,+19.3,+17.6,+16.5,+15.6,+15.0,+15.0
2024-07-21 16:36,1,+12.9,+17.9,+23.9,+19.3,+17.8,+16.5,+15.6,+15.0,+14.9
2024-07-21 17:36,1,+12.8,+17.8,+23.9,+19.3,+17.9,+16.6,+15.8,+15.0,+15.0
2024-07-21 18:36,1,+12.7,+17.7,+23.9,+19.3,+18.0,+16.6,+15.8,+14.9,+14.9
2024-07-21 19:36,1,+12.3,+17.7,+23.8,+19.3,+18.0,+16.8,+15.8,+15.0,+15.0
2024-07-21 20:36,1,+12.8,+17.7,+23.8,+19.1,+18.0,+16.8,+15.8,+15.0,+14.9
2024-07-21 21:36,1,+12.5,+17.7,+23.8,+18.9,+18.0,+16.8,+15.9,+15.0,+15.0
2024-07-21 22:36,1,+12.5,+17.7,+23.8,+18.8,+18.0,+16.9,+15.9,+15.0,+15.0
2024-07-21 23:36,1,+12.8,+17.7,+23.8,+18.5,+17.9,+16.9,+15.9,+15.1,+15.0
2024-07-22 00:36,1,+12.9,+17.7,+23.8,+18.4,+17.9,+16.9,+16.0,+15.0,+15.0
2024-07-22 01:36,1,+12.6,+17.7,+23.8,+18.3,+17.8,+16.9,+15.9,+15.0,+15.0
2024-07-22 02:36,1,+12.9,+17.7,+23.7,+18.0,+17.8,+16.8,+16.0,+15.1,+15.0
2024-07-22 03:36,1,+12.8,+17.7,+23.7,+17.9,+17.5,+16.8,+16.0,+15.1,+15.0
2024-07-22 04:36,1,+12.7,+17.6,+23.7,+17.6,+17.5,+16.8,+15.9,+15.1,+15.0
2024-07-22 05:36,1,+12.5,+17.6,+23.7,+17.5,+17.4,+16.8,+15.9,+15.1,+15.1
2024-07-22 06:36,1,+12.4,+17.6,+23.7,+17.4,+17.3,+16.6,+15.9,+15.1,+15.1
2024-07-22 07:36,1,+12.5,+17.6,+23.7,+17.4,+17.3,+16.6,+15.9,+15.1,+15.0
2024-07-22 08:36,1,+12.3,+17.6,+23.7,+17.5,+17.1,+16.6,+15.9,+15.1,+15.0
2024-07-22 09:36,1,+12.3,+17.6,+23.6,+17.6,+17.1,+16.5,+15.9,+15.1,+15.1
2024-07-22 10:36,1,+12.3,+17.5,+23.6,+17.8,+17.1,+16.5,+15.9,+15.1,+15.1
2024-07-22 11:36,1,+12.2,+17.5,+23.6,+17.9,+17.1,+16.5,+15.9,+15.1,+15.0
2024-07-22 12:36,1,+11.8,+17.5,+23.6,+17.9,+17.3,+16.4,+15.8,+15.1,+15.0
2024-07-22 13:36,1,+11.9,+17.5,+23.6,+18.0,+17.3,+16.5,+15.9,+15.1,+15.1
2024-07-22 14:36,1,+12.2,+17.4,+23.6,+18.3,+17.3,+16.5,+15.8,+15.1,+15.1
2024-07-22 15:36,1,+12.2,+17.4,+23.6,+18.4,+17.4,+16.5,+15.8,+15.1,+15.0
2024-07-22 16:36,1,+11.8,+17.4,+23.5,+18.5,+17.5,+16.5,+15.8,+15.1,+15.1
2024-07-22 17:36,1,+11.9,+17.3,+23.5,+18.6,+17.5,+16.5,+15.8,+15.1,+15.1
2024-07-22 18:36,1,+12.4,+17.3,+23.5,+18.6,+17.6,+16.6,+15.9,+15.0,+15.0
2024-07-22 19:36,1,+12.2,+17.3,+23.5,+18.5,+17.6,+16.6,+15.9,+15.1,+15.0
2024-07-22 20:36,1,+12.5,+17.3,+23.5,+18.4,+17.6,+16.6,+15.9,+15.1,+15.0
2024-07-22 21:36,1,+12.2,+17.2,+23.4,+18.3,+17.6,+16.6,+15.9,+15.0,+15.1
2024-07-22 22:36,1,+12.0,+17.2,+23.4,+18.0,+17.5,+16.8,+15.9,+15.1,+15.0
2024-07-22 23:36,1,+12.4,+17.2,+23.4,+17.8,+17.5,+16.6,+15.9,+15.0,+15.1
2024-07-23 00:36,1,+12.4,+17.2,+23.4,+17.8,+17.4,+16.6,+15.9,+15.1,+15.0
2024-07-23 01:36,1,+12.6,+17.2,+23.4,+17.6,+17.4,+16.6,+15.9,+15.1,+15.1
2024-07-23 02:36,1,+13.1,+17.2,+23.3,+17.5,+17.3,+16.5,+15.9,+15.1,+15.1
2024-07-23 03:36,1,+13.1,+17.2,+23.4,+17.4,+17.1,+16.5,+15.9,+15.1,+15.1
2024-07-23 04:36,1,+12.8,+17.2,+23.3,+17.3,+17.1,+16.5,+15.9,+15.1,+15.0
2024-07-23 05:36,1,+12.7,+17.2,+23.3,+17.1,+17.0,+16.5,+15.9,+15.1,+15.1
2024-07-23 06:36,1,+12.4,+17.2,+23.3,+17.0,+16.9,+16.4,+15.9,+15.1,+15.1
2024-07-23 07:36,1,+12.3,+17.2,+23.3,+16.9,+16.9,+16.4,+15.9,+15.1,+15.1
2024-07-23 08:36,1,+12.8,+17.2,+23.3,+16.9,+16.8,+16.4,+15.9,+15.1,+15.1
2024-07-23 09:36,1,+12.5,+17.2,+23.3,+17.0,+16.8,+16.3,+15.8,+15.1,+15.1
2024-07-23 10:36,1,+12.1,+17.2,+23.3,+17.0,+16.8,+16.3,+15.8,+15.1,+15.0
2024-07-23 11:36,1,+11.9,+17.2,+23.3,+17.3,+16.8,+16.3,+15.8,+15.1,+15.0
2024-07-23 12:36,1,+11.8,+17.2,+23.3,+17.6,+16.8,+16.3,+15.8,+15.0,+15.1
2024-07-23 13:36,1,+12.2,+17.1,+23.2,+17.9,+16.9,+16.3,+15.8,+15.0,+15.1
2024-07-23 14:36,1,+12.1,+17.1,+23.2,+18.1,+17.0,+16.3,+15.6,+15.0,+15.0
2024-07-23 15:36,1,+11.7,+17.1,+23.2,+18.3,+17.1,+16.3,+15.6,+15.0,+15.1
2024-07-23 16:36,1,+11.7,+17.0,+23.2,+18.1,+17.3,+16.4,+15.6,+15.0,+15.0
2024-07-23 17:36,1,+11.9,+17.0,+23.2,+18.1,+17.3,+16.4,+15.8,+15.0,+15.0
2024-07-23 18:36,1,+11.8,+17.0,+23.2,+18.0,+17.4,+16.5,+15.8,+15.0,+15.0
2024-07-23 19:36,1,+12.2,+17.0,+23.2,+17.9,+17.4,+16.5,+15.8,+15.0,+15.0
2024-07-23 20:36,1,+12.2,+17.0,+23.1,+17.8,+17.3,+16.5,+15.8,+15.0,+15.0
2024-07-23 21:36,1,+12.0,+17.0,+23.1,+17.6,+17.3,+16.5,+15.8,+15.0,+15.1
2024-07-23 22:36,1,+11.9,+17.0,+23.1,+17.5,+17.1,+16.4,+15.8,+15.0,+15.0
2024-07-23 23:36,1,+11.8,+17.0,+23.1,+17.4,+17.0,+16.4,+15.8,+15.0,+15.0
2024-07-24 00:36,1,+11.9,+17.0,+23.1,+17.1,+17.0,+16.4,+15.8,+15.0,+15.0
2024-07-24 01:36,1,+12.4,+17.0,+23.1,+16.9,+16.9,+16.4,+15.8,+15.1,+15.1
2024-07-24 02:36,1,+12.4,+17.0,+23.1,+16.6,+16.8,+16.3,+15.8,+15.0,+15.1
2024-07-24 03:36,1,+12.3,+17.0,+23.1,+16.4,+16.8,+16.3,+15.8,+15.0,+15.1
2024-07-24 04:36,1,+11.9,+16.9,+23.0,+16.1,+16.5,+16.1,+15.8,+15.0,+15.0
2024-07-24 05:36,1,+12.3,+16.9,+23.0,+15.8,+16.4,+16.1,+15.6,+15.0,+15.0
2024-07-24 06:36,1,+11.9,+16.9,+23.0,+15.6,+16.1,+16.1,+15.8,+15.0,+15.0
2024-07-24 07:36,1,+12.0,+16.9,+23.0,+15.4,+16.0,+15.9,+15.6,+15.0,+15.0
2024-07-24 08:36,1,+12.0,+16.9,+23.0,+15.5,+15.9,+15.9,+15.6,+15.0,+15.0
2024-07-24 09:36,1,+12.1,+16.8,+23.0,+15.6,+15.8,+15.8,+15.5,+15.0,+15.0
2024-07-24 10:36,1,+12.0,+16.8,+22.9,+16.1,+15.8,+15.8,+15.5,+15.0,+15.0
2024-07-24 11:36,1,+12.9,+16.7,+22.9,+16.6,+15.9,+15.6,+15.4,+15.0,+15.0
2024-07-24 12:36,1,+12.3,+16.7,+22.9,+16.9,+16.0,+15.6,+15.5,+14.9,+15.0
2024-07-24 13:36,1,+12.2,+16.6,+22.9,+17.8,+16.3,+15.6,+15.4,+14.9,+14.9
2024-07-24 14:36,1,+12.2,+16.6,+22.8,+18.1,+16.5,+15.6,+15.4,+14.9,+15.0
2024-07-24 15:36,1,+11.8,+16.5,+22.8,+18.1,+16.8,+15.8,+15.4,+14.9,+14.9
2024-07-24 16:36,1,+11.9,+16.4,+22.8,+18.1,+16.9,+15.9,+15.4,+14.8,+14.9
2024-07-24 17:36,1,+11.7,+16.4,+22.7,+18.0,+17.0,+15.9,+15.4,+14.8,+14.9
2024-07-24 18:36,1,+11.9,+16.4,+22.7,+18.0,+17.1,+16.0,+15.4,+14.9,+14.9
2024-07-24 19:36,1,+11.7,+16.3,+22.7,+17.8,+17.0,+16.0,+15.4,+14.8,+14.9
2024-07-24 20:36,1,+11.7,+16.3,+22.7,+17.6,+17.1,+16.1,+15.4,+14.9,+14.9
2024-07-24 21:36,1,+11.3,+16.3,+22.7,+17.4,+17.0,+16.1,+15.5,+14.9,+14.9
2024-07-24 22:36,1,+11.5,+16.2,+22.6,+17.1,+16.9,+16.1,+15.5,+14.9,+14.9
2024-07-24 23:36,1,+11.5,+16.2,+22.6,+16.9,+16.8,+16.1,+15.5,+14.9,+14.9
2024-07-25 00:36,1,+11.5,+16.2,+22.6,+16.6,+16.6,+16.1,+15.5,+14.9,+14.9
2024-07-25 01:36,1,+11.3,+16.2,+22.6,+16.4,+16.5,+16.1,+15.5,+14.9,+14.9
2024-07-25 02:36,1,+11.2,+16.2,+22.6,+16.1,+16.4,+16.0,+15.6,+14.9,+14.9
2024-07-25 03:36,1,+11.2,+16.2,+22.6,+16.0,+16.3,+16.0,+15.5,+14.9,+14.9
2024-07-25 04:36,1,+11.5,+16.2,+22.5,+15.8,+16.1,+15.9,+15.5,+14.8,+14.9
2024-07-25 05:36,1,+11.0,+16.2,+22.5,+15.6,+16.0,+15.8,+15.5,+14.9,+14.9
2024-07-25 06:36,1,+11.0,+16.1,+22.5,+15.4,+15.9,+15.8,+15.4,+14.9,+14.9
2024-07-25 07:36,1,+11.0,+16.1,+22.5,+15.3,+15.8,+15.6,+15.4,+14.9,+14.9
2024-07-25 08:36,1,+11.1,+16.1,+22.5,+15.4,+15.6,+15.6,+15.4,+14.9,+14.9
2024-07-25 09:36,1,+10.9,+16.1,+22.5,+15.6,+15.6,+15.5,+15.4,+14.8,+14.9
2024-07-25 10:36,1,+11.3,+16.0,+22.4,+16.1,+15.6,+15.5,+15.3,+14.8,+14.9
2024-07-25 11:36,1,+11.2,+15.9,+22.4,+16.9,+15.8,+15.4,+15.3,+14.8,+14.8
2024-07-25 12:36,1,+10.8,+15.8,+22.4,+17.4,+16.0,+15.4,+15.3,+14.8,+14.9
2024-07-25 13:36,1,+11.1,+15.8,+22.3,+18.3,+16.3,+15.5,+15.3,+14.8,+14.8
2024-07-25 14:36,1,+10.9,+15.7,+22.3,+18.6,+16.6,+15.6,+15.1,+14.6,+14.8
2024-07-25 15:36,1,+11.0,+15.6,+22.3,+18.6,+16.9,+15.6,+15.1,+14.6,+14.8
2024-07-25 16:36,1,+11.3,+15.6,+22.2,+18.6,+17.0,+15.8,+15.3,+14.6,+14.8
2024-07-25 17:36,1,+11.0,+15.5,+22.2,+18.6,+17.3,+15.9,+15.3,+14.6,+14.8
2024-07-25 18:36,1,+10.5,+15.4,+22.2,+18.5,+17.3,+16.0,+15.4,+14.6,+14.8
2024-07-25 19:36,1,+11.0,+15.4,+22.2,+18.4,+17.3,+16.1,+15.4,+14.6,+14.6
2024-07-25 20:36,1,+10.6,+15.4,+22.1,+18.3,+17.3,+16.1,+15.4,+14.8,+14.8
2024-07-25 21:36,1,+9.9,+15.3,+22.1,+18.0,+17.3,+16.3,+15.4,+14.8,+14.8
2024-07-25 22:36,1,+10.9,+15.3,+22.1,+17.8,+17.3,+16.3,+15.5,+14.8,+14.8
2024-07-25 23:36,1,+10.3,+15.3,+22.1,+17.6,+17.1,+16.3,+15.5,+14.8,+14.8
2024-07-26 00:36,1,+9.9,+15.3,+22.1,+17.5,+17.0,+16.3,+15.5,+14.8,+14.8
2024-07-26 01:36,1,+10.5,+15.3,+22.1,+17.3,+16.9,+16.3,+15.5,+14.9,+14.9
2024-07-26 02:36,1,+9.9,+15.3,+22.0,+17.1,+16.9,+16.3,+15.5,+14.8,+14.9
2024-07-26 03:36,1,+10.3,+15.2,+22.0,+17.0,+16.9,+16.3,+15.5,+14.8,+14.9
2024-07-26 04:36,1,+9.9,+15.2,+22.0,+17.0,+16.8,+16.1,+15.5,+14.9,+14.9
2024-07-26 05:36,1,+10.1,+15.2,+22.0,+16.8,+16.6,+16.1,+15.5,+14.8,+14.9
2024-07-26 06:36,1,+9.9,+15.2,+22.0,+16.8,+16.6,+16.1,+15.5,+14.9,+14.9
2024-07-26 07:36,1,+10.3,+15.2,+22.0,+16.8,+16.5,+16.0,+15.5,+14.9,+14.9
2024-07-26 08:36,1,+9.9,+15.2,+22.0,+16.9,+16.5,+16.1,+15.5,+14.9,+14.9
2024-07-26 09:36,1,+9.9,+15.2,+21.9,+17.1,+16.5,+16.0,+15.5,+14.9,+14.9
2024-07-26 10:36,1,+9.7,+15.1,+21.9,+17.6,+16.6,+16.0,+15.5,+14.9,+14.9
2024-07-26 11:36,1,+10.3,+15.1,+21.9,+18.0,+16.8,+16.0,+15.5,+14.9,+14.9
2024-07-26 12:36,1,+10.1,+15.0,+21.9,+18.5,+16.9,+16.0,+15.4,+14.9,+14.9
2024-07-26 13:36,1,+10.1,+15.0,+21.8,+19.3,+17.1,+16.1,+15.5,+14.8,+14.8
2024-07-26 14:36,1,+10.1,+14.9,+21.8,+19.6,+17.4,+16.1,+15.5,+14.9,+14.8
2024-07-26 15:36,1,+10.0,+14.9,+21.8,+19.9,+17.6,+16.3,+15.5,+14.9,+14.9
2024-07-26 16:36,1,+10.4,+14.8,+21.8,+20.1,+17.9,+16.4,+15.5,+14.9,+14.9
2024-07-26 17:36,1,+10.3,+14.8,+21.8,+20.3,+18.1,+16.5,+15.5,+14.8,+14.9
2024-07-26 18:36,1,+9.8,+14.7,+21.7,+20.3,+18.3,+16.6,+15.6,+14.9,+14.9
2024-07-26 19:36,1,+9.9,+14.7,+21.7,+20.3,+18.4,+16.8,+15.6,+14.9,+14.9
2024-07-26 20:36,1,+10.1,+14.7,+21.7,+20.3,+18.5,+16.9,+15.8,+14.9,+14.9
2024-07-26 21:36,1,+9.6,+14.7,+21.7,+20.1,+18.5,+17.0,+15.8,+14.9,+14.9
2024-07-26 22:36,1,+9.7,+14.7,+21.7,+20.0,+18.5,+17.0,+15.9,+15.0,+14.9
2024-07-26 23:36,1,+9.8,+14.7,+21.7,+19.9,+18.5,+17.1,+15.9,+15.0,+15.0
2024-07-27 00:36,1,+9.7,+14.7,+21.7,+19.8,+18.5,+17.1,+16.0,+15.0,+15.0
2024-07-27 01:36,1,+9.3,+14.7,+21.7,+19.8,+18.5,+17.1,+16.0,+15.1,+15.0
2024-07-27 02:36,1,+9.7,+14.7,+21.7,+19.6,+18.5,+17.3,+16.0,+15.1,+15.0
2024-07-27 03:36,1,+9.7,+14.7,+21.6,+19.6,+18.5,+17.3,+16.1,+15.1,+15.1
2024-07-27 04:36,1,+9.6,+14.7,+21.6,+19.6,+18.5,+17.3,+16.1,+15.3,+15.1
2024-07-27 05:36,1,+10.1,+14.7,+21.6,+19.5,+18.5,+17.3,+16.1,+15.1,+15.1
2024-07-27 06:36,1,+9.9,+14.6,+21.6,+19.4,+18.5,+17.3,+16.1,+15.1,+15.1
2024-07-27 07:36,1,+9.7,+14.7,+21.7,+19.5,+18.5,+17.3,+16.3,+15.3,+15.3
2024-07-27 08:36,1,+9.6,+14.7,+21.6,+19.5,+18.4,+17.3,+16.3,+15.3,+15.3
2024-07-27 09:36,1,+9.2,+14.6,+21.6,+19.8,+18.5,+17.3,+16.3,+15.3,+15.3
2024-07-27 10:36,1,+9.6,+14.5,+21.6,+20.4,+18.5,+17.3,+16.3,+15.4,+15.3
2024-07-27 11:36,1,+9.9,+14.5,+21.5,+20.9,+18.8,+17.4,+16.3,+15.3,+15.3
2024-07-27 12:36,1,+9.8,+14.4,+21.5,+21.6,+19.0,+17.4,+16.3,+15.4,+15.3
2024-07-27 13:36,1,+9.6,+14.3,+21.5,+22.5,+19.3,+17.4,+16.3,+15.4,+15.3
2024-07-27 14:36,1,+9.5,+14.2,+21.4,+22.8,+19.6,+17.5,+16.3,+15.4,+15.4
2024-07-27 15:36,1,+9.5,+14.1,+21.4,+22.6,+19.9,+17.8,+16.4,+15.4,+15.3
2024-07-27 16:36,1,+9.5,+14.0,+21.4,+22.6,+20.1,+17.9,+16.4,+15.4,+15.4
2024-07-27 17:36,1,+9.6,+13.9,+21.3,+22.5,+20.1,+17.9,+16.5,+15.5,+15.4
2024-07-27 18:36,1,+9.3,+13.9,+21.3,+22.3,+20.3,+18.1,+16.5,+15.5,+15.4
2024-07-27 19:36,1,+9.4,+13.8,+21.3,+22.0,+20.3,+18.3,+16.6,+15.5,+15.4
2024-07-27 20:36,1,+8.9,+13.7,+21.2,+21.9,+20.3,+18.3,+16.6,+15.5,+15.5
2024-07-27 21:36,1,+8.4,+13.7,+21.2,+21.6,+20.1,+18.3,+16.8,+15.6,+15.5
2024-07-27 22:36,1,+8.4,+13.7,+21.2,+21.4,+20.1,+18.4,+16.8,+15.6,+15.5
2024-07-27 23:36,1,+8.3,+13.7,+21.2,+21.3,+20.0,+18.4,+16.9,+15.8,+15.5
2024-07-28 00:36,1,+8.3,+13.7,+21.2,+21.1,+20.0,+18.4,+16.9,+15.8,+15.6
2024-07-28 01:36,1,+8.2,+13.7,+21.2,+21.0,+19.9,+18.4,+16.9,+15.8,+15.6
2024-07-28 02:36,1,+8.1,+13.7,+21.2,+20.9,+19.8,+18.4,+17.0,+15.8,+15.6
2024-07-28 03:36,1,+8.2,+13.6,+21.2,+20.8,+19.8,+18.4,+17.0,+15.9,+15.8
2024-07-28 04:36,1,+8.2,+13.6,+21.1,+20.6,+19.6,+18.3,+17.0,+15.9,+15.8
2024-07-28 05:36,1,+8.2,+13.6,+21.1,+20.5,+19.6,+18.4,+17.0,+15.9,+15.8
2024-07-28 06:36,1,+8.1,+13.6,+21.1,+20.5,+19.5,+18.3,+17.0,+15.9,+15.8
2024-07-28 07:36,1,+8.0,+13.6,+21.1,+20.4,+19.5,+18.3,+17.0,+15.9,+15.8
2024-07-28 08:36,1,+8.0,+13.6,+21.1,+20.5,+19.5,+18.3,+17.1,+15.9,+15.9
2024-07-28 09:36,1,+8.0,+13.5,+21.1,+20.6,+19.5,+18.3,+17.0,+16.0,+15.9
2024-07-28 10:36,1,+7.9,+13.5,+21.1,+20.9,+19.5,+18.3,+17.0,+15.9,+15.9
2024-07-28 11:36,1,+8.0,+13.4,+21.0,+20.9,+19.5,+18.3,+17.0,+16.0,+15.9
2024-07-28 12:36,1,+8.0,+13.4,+21.0,+21.0,+19.5,+18.3,+17.0,+16.0,+15.9
2024-07-28 13:36,1,+8.1,+13.4,+21.0,+21.0,+19.6,+18.3,+17.0,+16.0,+15.9
2024-07-28 14:36,1,+8.1,+13.4,+21.0,+21.1,+19.8,+18.3,+17.1,+16.0,+15.9
2024-07-28 15:36,1,+8.0,+13.4,+21.0,+21.1,+19.6,+18.3,+17.1,+16.0,+15.9
2024-07-28 16:36,1,+8.0,+13.3,+21.0,+21.1,+19.8,+18.3,+17.1,+16.0,+15.9
2024-07-28 17:36,1,+7.9,+13.3,+21.0,+21.3,+19.8,+18.4,+17.1,+16.1,+16.0
2024-07-28 18:36,1,+8.0,+13.3,+20.9,+21.3,+19.8,+18.4,+17.1,+16.1,+15.9
2024-07-28 19:36,1,+8.0,+13.3,+20.9,+21.1,+19.9,+18.4,+17.1,+16.1,+16.0
2024-07-28 20:36,1,+8.0,+13.3,+20.9,+20.8,+19.9,+18.5,+17.1,+16.1,+16.0
2024-07-28 21:36,1,+7.9,+13.3,+20.9,+20.5,+19.8,+18.4,+17.3,+16.1,+16.0
2024-07-28 22:36,1,+7.9,+13.2,+20.9,+20.4,+19.6,+18.5,+17.3,+16.1,+16.0
2024-07-28 23:36,1,+7.9,+13.2,+20.9,+20.1,+19.5,+18.4,+17.3,+16.1,+16.0
2024-07-29 00:36,1,+7.9,+13.2,+20.9,+20.0,+19.5,+18.4,+17.3,+16.1,+16.0
2024-07-29 01:36,1,+7.8,+13.2,+20.9,+19.9,+19.4,+18.3,+17.3,+16.1,+16.0
2024-07-29 02:36,1,+7.8,+13.2,+20.9,+19.8,+19.3,+18.3,+17.1,+16.1,+16.1
2024-07-29 03:36,1,+7.7,+13.2,+20.8,+19.8,+19.3,+18.3,+17.1,+16.1,+16.0
2024-07-29 04:36,1,+7.7,+13.2,+20.9,+19.6,+19.1,+18.3,+17.3,+16.3,+16.1
2024-07-29 05:36,1,+7.7,+13.2,+20.8,+19.5,+19.0,+18.1,+17.1,+16.3,+16.1
2024-07-29 06:36,1,+7.8,+13.2,+20.8,+19.5,+18.9,+18.1,+17.1,+16.3,+16.1
2024-07-29 07:36,1,+7.8,+13.2,+20.8,+19.4,+18.9,+18.0,+17.1,+16.1,+16.1
2024-07-29 08:36,1,+7.7,+13.2,+20.8,+19.5,+18.9,+18.0,+17.1,+16.1,+16.1
2024-07-29 09:36,1,+7.7,+13.1,+20.8,+19.6,+18.9,+18.0,+17.1,+16.1,+16.1
2024-07-29 10:36,1,+8.0,+13.1,+20.8,+20.1,+18.9,+18.0,+17.1,+16.1,+16.1
2024-07-29 11:36,1,+7.9,+13.0,+20.7,+20.6,+18.9,+17.9,+17.1,+16.1,+16.1
2024-07-29 12:36,1,+7.8,+12.9,+20.7,+21.0,+19.1,+18.0,+17.0,+16.1,+16.1
2024-07-29 13:36,1,+7.8,+12.9,+20.7,+21.8,+19.4,+18.0,+17.1,+16.1,+16.1
2024-07-29 14:36,1,+7.7,+12.8,+20.6,+21.9,+19.6,+18.1,+17.0,+16.1,+16.1
2024-07-29 15:36,1,+7.6,+12.7,+20.6,+21.8,+19.8,+18.1,+17.0,+16.1,+16.1
2024-07-29 16:36,1,+7.9,+12.6,+20.6,+21.8,+19.9,+18.3,+17.0,+16.1,+16.1
2024-07-29 17:36,1,+7.8,+12.5,+20.5,+21.5,+19.9,+18.3,+17.1,+16.1,+16.1
2024-07-29 18:36,1,+7.8,+12.5,+20.5,+21.4,+20.0,+18.4,+17.1,+16.1,+16.1
2024-07-29 19:36,1,+7.2,+12.4,+20.5,+21.1,+19.9,+18.4,+17.3,+16.1,+16.1
2024-07-29 20:36,1,+7.1,+12.4,+20.4,+20.6,+19.8,+18.4,+17.3,+16.1,+16.1
2024-07-29 21:36,1,+7.2,+12.4,+20.4,+20.4,+19.8,+18.4,+17.3,+16.3,+16.1
2024-07-29 22:36,1,+7.2,+12.3,+20.4,+20.0,+19.6,+18.5,+17.3,+16.3,+16.1
2024-07-29 23:36,1,+7.3,+12.3,+20.4,+19.6,+19.4,+18.4,+17.3,+16.3,+16.3
2024-07-30 00:36,1,+7.3,+12.3,+20.4,+19.3,+19.3,+18.4,+17.3,+16.3,+16.1
2024-07-30 01:36,1,+7.3,+12.3,+20.4,+19.0,+19.0,+18.3,+17.3,+16.3,+16.1
2024-07-30 02:36,1,+7.2,+12.3,+20.3,+18.9,+18.9,+18.1,+17.3,+16.3,+16.3
2024-07-30 03:36,1,+6.9,+12.3,+20.3,+18.6,+18.8,+18.0,+17.3,+16.3,+16.1
2024-07-30 04:36,1,+6.9,+12.2,+20.3,+18.5,+18.5,+18.0,+17.1,+16.3,+16.1
2024-07-30 05:36,1,+6.8,+12.2,+20.3,+18.5,+18.5,+17.9,+17.1,+16.3,+16.1
2024-07-30 06:36,1,+12.4,+20.8,+20.4,+18.3,+18.3,+17.9,+17.1,+16.3,+16.1
2024-07-30 07:36,1,+10.0,+15.0,+20.4,+18.4,+18.3,+17.8,+17.1,+16.3,+16.3
2024-07-30 08:36,1,+9.8,+14.4,+20.3,+18.4,+18.3,+17.8,+17.1,+16.3,+16.3
2024-07-30 09:36,1,+10.1,+14.1,+20.3,+18.5,+18.1,+17.6,+17.0,+16.3,+16.1
2024-07-30 10:36,1,+9.7,+13.9,+20.3,+18.6,+18.1,+17.6,+17.0,+16.3,+16.1
2024-07-30 11:36,1,+9.7,+13.7,+20.3,+19.1,+18.3,+17.5,+16.9,+16.1,+16.1
2024-07-30 12:36,1,+9.5,+13.5,+20.3,+19.8,+18.3,+17.5,+17.0,+16.1,+16.1
2024-07-30 13:36,1,+9.5,+13.2,+20.2,+20.6,+18.6,+17.5,+16.9,+16.1,+16.1
2024-07-30 14:36,1,+9.4,+13.1,+20.2,+20.8,+18.9,+17.6,+16.9,+16.1,+16.1
2024-07-30 15:36,1,+9.9,+12.9,+20.2,+20.9,+19.1,+17.8,+16.9,+16.1,+16.1
2024-07-30 16:36,1,+9.8,+12.8,+20.2,+21.0,+19.4,+17.9,+17.0,+16.1,+16.0
2024-07-30 17:36,1,+9.6,+12.7,+20.2,+21.0,+19.5,+17.9,+16.9,+16.1,+16.0
2024-07-30 18:36,1,+9.3,+12.6,+20.2,+20.9,+19.5,+18.0,+17.0,+16.1,+16.1
2024-07-30 19:36,1,+9.6,+12.5,+20.2,+20.6,+19.5,+18.0,+17.0,+16.1,+16.1
2024-07-30 20:36,1,+8.8,+12.5,+20.1,+20.5,+19.5,+18.1,+17.0,+16.1,+16.1
2024-07-30 21:36,1,+8.7,+12.4,+20.1,+20.3,+19.4,+18.3,+17.1,+16.1,+16.1
2024-07-30 22:36,1,+8.8,+12.4,+20.1,+20.0,+19.4,+18.3,+17.1,+16.1,+16.1
2024-07-30 23:36,1,+8.7,+12.4,+20.1,+19.8,+19.3,+18.3,+17.1,+16.1,+16.1
2024-07-31 00:36,1,+8.8,+12.3,+20.1,+19.6,+19.1,+18.1,+17.1,+16.1,+16.1
2024-07-31 01:36,1,+8.5,+12.3,+20.1,+19.4,+19.1,+18.1,+17.1,+16.1,+16.1
2024-07-31 02:36,1,+8.6,+12.3,+20.1,+19.3,+19.0,+18.1,+17.1,+16.1,+16.1
2024-07-31 03:36,1,+8.7,+12.3,+20.1,+19.0,+18.8,+18.1,+17.1,+16.3,+16.1
2024-07-31 04:36,1,+8.7,+12.3,+20.1,+18.8,+18.8,+18.0,+17.1,+16.3,+16.1
2024-07-31 05:36,1,+8.8,+12.3,+20.0,+18.6,+18.6,+18.0,+17.1,+16.3,+16.1
2024-07-31 06:36,1,+8.8,+12.2,+20.0,+18.6,+18.5,+17.9,+17.1,+16.3,+16.1
2024-07-31 07:36,1,+8.7,+12.2,+20.0,+18.5,+18.4,+17.8,+17.0,+16.1,+16.1
2024-07-31 08:36,1,+8.8,+12.2,+20.0,+18.6,+18.3,+17.8,+17.0,+16.3,+16.1
2024-07-31 09:36,1,+8.7,+12.2,+20.0,+18.9,+18.3,+17.6,+17.0,+16.3,+16.3
2024-07-31 10:36,1,+8.9,+12.1,+20.0,+19.5,+18.4,+17.6,+17.0,+16.3,+16.1
2024-07-31 11:36,1,+8.5,+12.1,+20.0,+20.3,+18.5,+17.6,+17.0,+16.3,+16.1
2024-07-31 12:36,1,+8.5,+12.0,+19.9,+20.9,+18.8,+17.6,+17.0,+16.1,+16.1
2024-07-31 13:36,1,+8.8,+11.9,+19.9,+21.8,+19.1,+17.8,+16.9,+16.1,+16.1
2024-07-31 14:36,1,+8.7,+11.9,+19.9,+22.0,+19.5,+17.9,+17.0,+16.1,+16.1
2024-07-31 15:36,1,+8.8,+11.8,+19.8,+22.0,+19.8,+18.0,+17.0,+16.1,+16.1
2024-07-31 16:36,1,+9.0,+11.8,+19.8,+21.9,+19.9,+18.1,+17.0,+16.1,+16.1
2024-07-31 17:36,1,+11.2,+13.0,+19.8,+21.3,+20.1,+18.3,+17.0,+16.1,+16.1
2024-07-31 18:36,1,+10.8,+12.7,+19.8,+21.0,+20.0,+18.4,+17.1,+16.3,+16.1
2024-07-31 19:36,1,+10.8,+12.6,+19.8,+20.8,+19.9,+18.4,+17.1,+16.3,+16.1
2024-07-31 20:36,1,+10.8,+12.5,+19.8,+20.5,+19.9,+18.5,+17.3,+16.3,+16.1
2024-07-31 21:36,1,+10.9,+12.4,+19.8,+20.3,+19.8,+18.5,+17.3,+16.3,+16.3
2024-07-31 22:36,1,+10.6,+12.4,+19.8,+20.0,+19.6,+18.5,+17.3,+16.3,+16.3
2024-07-31 23:36,1,+10.7,+12.3,+19.8,+19.9,+19.5,+18.5,+17.3,+16.3,+16.3
2024-08-01 00:36,1,+10.5,+12.3,+19.8,+19.6,+19.4,+18.4,+17.4,+16.4,+16.3
2024-08-01 01:36,1,+10.6,+12.3,+19.8,+19.5,+19.1,+18.4,+17.4,+16.4,+16.3
2024-08-01 02:36,1,+10.4,+12.2,+19.8,+19.1,+19.1,+18.3,+17.3,+16.4,+16.3
2024-08-01 03:36,1,+10.4,+12.2,+19.8,+19.0,+18.9,+18.3,+17.3,+16.4,+16.3
2024-08-01 04:36,1,+10.6,+12.2,+19.8,+18.9,+18.8,+18.1,+17.3,+16.4,+16.3
2024-08-01 05:36,1,+10.6,+12.1,+19.8,+18.8,+18.6,+18.1,+17.3,+16.4,+16.4
2024-08-01 06:36,1,+10.6,+12.1,+19.8,+18.6,+18.5,+18.0,+17.3,+16.4,+16.3
2024-08-01 07:36,1,+10.4,+12.1,+19.8,+18.8,+18.5,+18.0,+17.3,+16.4,+16.4
2024-08-01 08:36,1,+10.5,+12.1,+19.8,+18.8,+18.5,+17.9,+17.3,+16.4,+16.3
2024-08-01 09:36,1,+10.3,+12.1,+19.8,+18.9,+18.5,+17.9,+17.1,+16.4,+16.3
2024-08-01 10:36,1,+10.2,+12.1,+19.7,+19.0,+18.4,+17.8,+17.1,+16.4,+16.3
2024-08-01 11:36,1,+10.2,+12.1,+19.7,+19.1,+18.5,+17.8,+17.1,+16.4,+16.3
2024-08-01 12:36,1,+10.4,+12.1,+19.7,+19.5,+18.5,+17.8,+17.0,+16.4,+16.3