
2024-06-19 08:50,1,+28.7,+31.5,+30.5,+13.6,+13.1,+12.8,+11.9,+11.4,+11.5
2024-06-19 09:50,1,+29.1,+31.3,+30.8,+13.1,+12.9,+12.4,+11.5,+10.9,+11.0
2024-06-19 10:50,1,+29.1,+31.3,+31.1,+13.0,+12.6,+12.4,+11.5,+10.9,+11.0
2024-06-19 11:50,1,+29.1,+31.4,+31.2,+13.0,+12.8,+12.3,+11.4,+10.9,+11.0
2024-06-19 12:50,1,+29.1,+31.6,+31.7,+13.1,+12.8,+12.3,+11.4,+10.9,+11.1
2024-06-19 13:50,1,+29.0,+31.7,+31.8,+13.1,+12.6,+12.3,+11.4,+10.9,+11.0
2024-06-19 14:50,1,+29.0,+31.7,+31.9,+13.3,+12.6,+12.3,+11.4,+10.9,+11.0
2024-06-19 15:50,1,+29.0,+31.7,+32.0,+13.3,+12.8,+12.3,+11.4,+10.9,+11.0
2024-06-19 16:50,1,+29.0,+31.7,+32.1,+13.4,+12.8,+12.3,+11.4,+10.9,+11.0
2024-06-19 17:50,1,+28.9,+31.7,+32.2,+13.4,+12.8,+12.3,+11.4,+10.8,+11.0
2024-06-19 18:50,1,+28.9,+31.7,+32.2,+13.5,+12.9,+12.3,+11.4,+10.9,+11.0
2024-06-19 19:50,1,+28.9,+31.7,+32.2,+13.4,+12.9,+12.3,+11.4,+10.9,+11.0
2024-06-19 20:50,1,+28.8,+31.7,+32.3,+13.4,+12.8,+12.4,+11.4,+10.9,+11.0
2024-06-19 21:50,1,+28.7,+31.8,+32.4,+13.3,+12.9,+12.3,+11.4,+10.9,+11.0
2024-06-19 22:50,1,+28.7,+31.9,+32.6,+13.1,+12.8,+12.3,+11.4,+10.9,+11.0
2024-06-19 23:50,1,+28.7,+31.9,+32.7,+13.0,+12.8,+12.3,+11.4,+10.9,+11.0
2024-06-20 00:50,1,+28.7,+31.9,+32.9,+12.9,+12.6,+12.3,+11.4,+10.9,+11.0
2024-06-20 01:50,1,+28.6,+31.9,+33.1,+12.8,+12.6,+12.3,+11.4,+10.9,+11.0
2024-06-20 02:50,1,+28.6,+31.9,+33.2,+12.6,+12.5,+12.1,+11.4,+10.9,+11.0
2024-06-20 03:50,1,+28.6,+31.9,+33.3,+12.5,+12.4,+12.1,+11.4,+10.9,+11.0
2024-06-20 04:50,1,+28.6,+31.9,+33.3,+12.4,+12.4,+12.1,+11.3,+10.9,+11.0
2024-06-20 05:50,1,+28.6,+32.0,+33.3,+12.3,+12.3,+12.0,+11.3,+10.9,+11.0
2024-06-20 06:50,1,+28.6,+32.0,+33.3,+12.3,+12.3,+12.0,+11.3,+10.9,+11.0
2024-06-20 07:50,1,+28.6,+32.0,+33.5,+12.3,+12.1,+11.9,+11.3,+10.8,+11.0
2024-06-20 08:50,1,+28.5,+32.0,+33.6,+12.4,+12.1,+11.9,+11.3,+10.8,+11.0
2024-06-20 09:50,1,+28.5,+32.0,+33.7,+12.3,+12.1,+11.9,+11.1,+10.8,+11.0
2024-06-20 10:50,1,+28.4,+32.0,+33.8,+12.5,+12.1,+11.9,+11.1,+10.8,+11.0
2024-06-20 11:50,1,+28.4,+32.0,+33.8,+12.5,+12.1,+11.9,+11.1,+10.8,+11.0
2024-06-20 12:50,1,+28.3,+32.0,+33.8,+12.6,+12.1,+11.9,+11.1,+10.8,+11.0
2024-06-20 13:50,1,+28.3,+32.0,+33.9,+12.8,+12.3,+11.9,+11.1,+10.8,+11.0
2024-06-20 14:50,1,+28.2,+32.0,+33.9,+13.0,+12.4,+11.9,+11.0,+10.8,+10.9
2024-06-20 15:50,1,+28.2,+32.1,+33.9,+13.0,+12.4,+11.9,+11.1,+10.8,+10.9
2024-06-20 16:50,1,+28.2,+32.1,+33.9,+13.1,+12.4,+11.9,+11.1,+10.8,+11.0
2024-06-20 17:50,1,+28.1,+32.1,+33.9,+13.3,+12.5,+11.9,+11.1,+10.8,+10.9
2024-06-20 18:50,1,+28.1,+32.1,+34.0,+13.3,+12.6,+12.0,+11.1,+10.6,+10.9
2024-06-20 19:50,1,+28.1,+32.1,+34.0,+13.3,+12.6,+12.0,+11.1,+10.6,+10.9
2024-06-20 20:50,1,+28.1,+32.1,+34.0,+13.3,+12.6,+12.1,+11.1,+10.8,+10.9
2024-06-20 21:50,1,+28.0,+32.1,+34.0,+13.1,+12.6,+12.0,+11.1,+10.8,+11.0
2024-06-20 22:50,1,+27.2,+32.1,+34.0,+13.0,+12.6,+12.0,+11.1,+10.8,+10.9
2024-06-20 23:50,1,+27.1,+32.1,+34.1,+13.0,+12.6,+12.1,+11.1,+10.8,+10.9
2024-06-21 00:50,1,+26.9,+32.1,+34.1,+12.9,+12.5,+12.0,+11.3,+10.8,+11.0
2024-06-21 01:50,1,+26.8,+32.1,+34.1,+12.8,+12.4,+12.0,+11.1,+10.6,+10.9
2024-06-21 02:50,1,+26.7,+32.1,+34.1,+12.6,+12.4,+12.0,+11.3,+10.8,+11.0
2024-06-21 03:50,1,+26.4,+32.1,+34.1,+12.5,+12.3,+12.0,+11.3,+10.8,+10.9
2024-06-21 04:50,1,+26.3,+32.1,+34.1,+12.4,+12.3,+12.0,+11.1,+10.8,+11.0
2024-06-21 05:50,1,+26.3,+32.1,+34.1,+12.3,+12.3,+11.9,+11.1,+10.8,+10.9
2024-06-21 06:50,1,+26.2,+32.1,+34.2,+12.3,+12.1,+11.9,+11.1,+10.8,+11.0
2024-06-21 07:50,1,+26.2,+32.1,+34.2,+12.3,+12.0,+11.9,+11.1,+10.8,+11.0
2024-06-21 08:50,1,+26.1,+32.1,+34.2,+12.3,+12.0,+11.9,+11.1,+10.8,+11.0
2024-06-21 09:50,1,+26.0,+32.1,+34.2,+12.3,+12.0,+11.8,+11.1,+10.8,+11.0
2024-06-21 10:50,1,+26.0,+32.1,+34.2,+12.4,+12.0,+11.8,+11.1,+10.6,+11.0
2024-06-21 11:50,1,+25.8,+32.1,+34.2,+12.5,+12.0,+11.8,+11.0,+10.8,+10.9
2024-06-21 12:50,1,+25.7,+32.1,+34.2,+12.8,+12.1,+11.8,+11.0,+10.8,+10.9
2024-06-21 13:50,1,+25.6,+32.1,+34.2,+12.9,+12.3,+11.8,+11.0,+10.6,+10.9
2024-06-21 14:50,1,+25.5,+32.1,+34.2,+13.1,+12.4,+11.9,+11.0,+10.6,+10.9
2024-06-21 15:50,1,+25.4,+32.1,+34.2,+13.3,+12.4,+11.8,+11.0,+10.6,+10.9
2024-06-21 16:50,1,+25.3,+32.1,+34.2,+13.4,+12.5,+11.9,+11.0,+10.6,+10.9
2024-06-21 17:50,1,+25.1,+32.1,+34.2,+13.5,+12.6,+11.9,+11.0,+10.6,+10.9
2024-06-21 18:50,1,+25.1,+32.1,+34.2,+13.5,+12.6,+12.0,+11.0,+10.6,+10.9
2024-06-21 19:50,1,+25.0,+32.1,+34.2,+13.5,+12.8,+12.0,+11.1,+10.6,+10.9
2024-06-21 20:50,1,+24.9,+32.1,+34.2,+13.5,+12.8,+12.1,+11.1,+10.6,+10.9
2024-06-21 21:50,1,+24.9,+32.1,+34.2,+13.5,+12.8,+12.1,+11.1,+10.8,+10.9
2024-06-21 22:50,1,+24.7,+32.1,+34.2,+13.4,+12.9,+12.1,+11.3,+10.8,+11.0
2024-06-21 23:50,1,+24.7,+32.1,+34.3,+13.4,+12.8,+12.1,+11.1,+10.8,+10.9
2024-06-22 00:50,1,+24.7,+32.1,+34.3,+13.3,+12.8,+12.1,+11.3,+10.8,+10.9
2024-06-22 01:50,1,+24.7,+32.1,+34.3,+13.1,+12.8,+12.1,+11.3,+10.8,+11.0
2024-06-22 02:50,1,+24.7,+32.1,+34.3,+13.1,+12.6,+12.1,+11.3,+10.9,+11.0
2024-06-22 03:50,1,+24.9,+32.1,+34.3,+13.0,+12.6,+12.1,+11.3,+10.8,+11.0
2024-06-22 04:50,1,+24.7,+32.1,+34.3,+13.0,+12.6,+12.1,+11.3,+10.8,+11.0
2024-06-22 05:50,1,+24.8,+32.1,+34.3,+13.0,+12.6,+12.1,+11.3,+10.8,+11.0
2024-06-22 06:50,1,+24.7,+32.1,+34.3,+12.9,+12.5,+12.1,+11.3,+10.8,+11.0
2024-06-22 07:50,1,+24.6,+32.1,+34.3,+12.9,+12.5,+12.1,+11.3,+10.8,+11.0
2024-06-22 08:50,1,+24.6,+32.1,+34.3,+12.9,+12.5,+12.1,+11.3,+10.8,+11.0
2024-06-22 09:50,1,+24.6,+32.1,+34.3,+13.0,+12.5,+12.1,+11.3,+10.8,+11.0
2024-06-22 10:50,1,+24.5,+32.1,+34.3,+13.0,+12.5,+12.0,+11.3,+10.9,+11.0
2024-06-22 11:50,1,+24.4,+32.1,+34.3,+13.1,+12.5,+12.1,+11.3,+10.8,+11.0
2024-06-22 12:50,1,+24.4,+32.1,+34.4,+13.3,+12.6,+12.1,+11.3,+10.9,+11.0
2024-06-22 13:50,1,+24.2,+32.1,+34.3,+13.4,+12.6,+12.1,+11.3,+10.8,+11.0
2024-06-22 14:50,1,+24.1,+32.1,+34.4,+13.4,+12.8,+12.1,+11.3,+10.8,+11.0
2024-06-22 15:50,1,+24.2,+32.1,+34.4,+13.4,+12.8,+12.1,+11.3,+10.8,+11.0
2024-06-22 16:50,1,+24.2,+32.1,+34.4,+13.4,+12.8,+12.1,+11.3,+10.9,+11.0
2024-06-22 17:50,1,+24.3,+32.1,+34.4,+13.4,+12.8,+12.3,+11.3,+10.8,+11.0
2024-06-22 18:50,1,+24.3,+32.1,+34.4,+13.4,+12.8,+12.3,+11.3,+10.9,+11.0
2024-06-22 19:50,1,+24.4,+32.1,+34.4,+13.4,+12.9,+12.3,+11.3,+10.9,+11.0
2024-06-22 20:50,1,+24.4,+32.2,+34.4,+13.4,+12.8,+12.1,+11.3,+10.9,+11.0
2024-06-22 21:50,1,+24.4,+32.2,+34.4,+13.3,+12.8,+12.3,+11.3,+10.8,+11.1
2024-06-22 22:50,1,+24.4,+32.2,+34.4,+13.3,+12.8,+12.3,+11.4,+10.9,+11.1
2024-06-22 23:50,1,+24.4,+32.2,+34.4,+13.1,+12.8,+12.3,+11.3,+10.9,+11.1
2024-06-23 00:50,1,+24.4,+32.2,+34.4,+13.0,+12.6,+12.3,+11.4,+10.9,+11.1
2024-06-23 01:50,1,+24.4,+32.2,+34.4,+13.0,+12.8,+12.3,+11.3,+10.9,+11.0
2024-06-23 02:50,1,+24.4,+32.2,+34.4,+12.9,+12.6,+12.3,+11.3,+10.9,+11.1
2024-06-23 03:50,1,+24.9,+30.2,+34.4,+12.9,+12.6,+12.1,+11.4,+10.9,+11.1
2024-06-23 04:50,1,+26.8,+30.9,+34.4,+12.8,+12.5,+12.3,+11.4,+10.9,+11.1
2024-06-23 05:50,1,+25.2,+30.8,+34.5,+12.6,+12.4,+12.1,+11.3,+10.9,+11.1
2024-06-23 06:50,1,+25.1,+30.8,+34.5,+12.6,+12.4,+12.1,+11.3,+10.9,+11.1
2024-06-23 07:50,1,+25.1,+30.7,+34.5,+12.6,+12.4,+12.1,+11.3,+10.9,+11.1
2024-06-23 08:50,1,+25.0,+30.7,+34.5,+12.6,+12.4,+12.1,+11.3,+10.9,+11.1
2024-06-23 09:50,1,+25.0,+30.7,+34.5,+12.8,+12.4,+12.0,+11.3,+10.9,+11.1
2024-06-23 10:50,1,+24.9,+30.7,+34.5,+12.9,+12.4,+12.0,+11.3,+10.9,+11.1
2024-06-23 11:50,1,+24.9,+30.6,+34.5,+12.9,+12.4,+12.0,+11.3,+10.9,+11.1
2024-06-23 12:50,1,+24.8,+30.6,+34.5,+13.1,+12.5,+12.0,+11.3,+10.9,+11.1
2024-06-23 13:50,1,+25.3,+30.6,+34.5,+13.3,+12.6,+12.0,+11.3,+10.9,+11.1
2024-06-23 14:50,1,+25.4,+30.5,+34.5,+13.5,+12.8,+12.1,+11.3,+10.9,+11.1
2024-06-23 15:50,1,+25.5,+30.5,+34.6,+13.6,+12.8,+12.1,+11.3,+10.9,+11.1
2024-06-23 16:50,1,+25.4,+30.5,+34.6,+13.8,+12.9,+12.1,+11.3,+10.9,+11.1
2024-06-23 17:50,1,+25.3,+30.5,+34.6,+13.8,+12.9,+12.3,+11.3,+10.9,+11.1
2024-06-23 18:50,1,+25.3,+30.4,+34.6,+13.9,+13.0,+12.3,+11.4,+10.9,+11.1
2024-06-23 19:50,1,+25.2,+30.4,+34.6,+13.9,+13.1,+12.4,+11.4,+10.9,+11.1
2024-06-23 20:50,1,+25.3,+30.4,+34.6,+13.9,+13.1,+12.4,+11.4,+10.9,+11.1
2024-06-23 21:50,1,+25.3,+30.4,+34.6,+13.8,+13.1,+12.4,+11.5,+10.9,+11.1
2024-06-23 22:50,1,+25.3,+30.4,+34.6,+13.6,+13.1,+12.4,+11.5,+10.9,+11.1
2024-06-23 23:50,1,+25.3,+30.4,+34.6,+13.5,+13.0,+12.5,+11.5,+11.0,+11.1
2024-06-24 00:50,1,+25.3,+30.5,+34.7,+13.4,+13.0,+12.5,+11.5,+10.9,+11.1
2024-06-24 01:50,1,+25.3,+30.5,+34.7,+13.3,+13.0,+12.5,+11.5,+11.0,+11.1
2024-06-24 02:50,1,+25.2,+30.4,+34.7,+13.3,+12.9,+12.5,+11.5,+11.0,+11.1
2024-06-24 03:50,1,+25.2,+30.4,+34.7,+13.1,+12.8,+12.4,+11.5,+11.0,+11.3
2024-06-24 04:50,1,+25.2,+30.4,+34.7,+13.0,+12.8,+12.4,+11.5,+11.0,+11.3
2024-06-24 05:50,1,+25.1,+30.4,+34.7,+12.9,+12.8,+12.4,+11.5,+11.0,+11.3
2024-06-24 06:50,1,+25.1,+30.4,+34.7,+12.9,+12.6,+12.3,+11.5,+11.0,+11.3
2024-06-24 07:50,1,+25.1,+30.4,+34.7,+12.9,+12.6,+12.3,+11.5,+11.0,+11.3
2024-06-24 08:50,1,+25.1,+30.4,+34.7,+12.9,+12.6,+12.3,+11.5,+11.0,+11.3
2024-06-24 09:50,1,+25.1,+30.4,+34.7,+12.9,+12.5,+12.3,+11.4,+11.0,+11.3
2024-06-24 10:50,1,+25.1,+30.4,+34.7,+13.1,+12.5,+12.1,+11.4,+11.0,+11.3
2024-06-24 11:50,1,+25.1,+30.4,+34.7,+13.1,+12.6,+12.3,+11.4,+11.0,+11.3
2024-06-24 12:50,1,+25.1,+30.3,+34.7,+13.4,+12.6,+12.3,+11.4,+11.0,+11.3
2024-06-24 13:50,1,+25.1,+30.3,+34.7,+13.4,+12.8,+12.3,+11.4,+11.0,+11.3
2024-06-24 14:50,1,+25.1,+30.3,+34.7,+13.6,+12.8,+12.3,+11.4,+11.0,+11.3
2024-06-24 15:50,1,+25.1,+30.3,+34.7,+13.8,+12.9,+12.4,+11.4,+11.0,+11.3
2024-06-24 16:50,1,+25.1,+30.3,+34.7,+13.9,+13.0,+12.4,+11.4,+11.0,+11.3
2024-06-24 17:50,1,+25.1,+30.3,+34.7,+14.1,+13.1,+12.4,+11.4,+11.0,+11.3
2024-06-24 18:50,1,+25.1,+30.3,+34.7,+14.1,+13.3,+12.4,+11.5,+11.0,+11.3
2024-06-24 19:50,1,+25.1,+30.3,+34.7,+14.3,+13.3,+12.5,+11.5,+11.0,+11.3
2024-06-24 20:50,1,+25.2,+30.3,+34.7,+14.3,+13.4,+12.5,+11.5,+11.0,+11.3
2024-06-24 21:50,1,+25.3,+30.3,+34.7,+14.3,+13.4,+12.6,+11.5,+11.0,+11.3
2024-06-24 22:50,1,+25.5,+29.9,+34.8,+14.3,+13.4,+12.6,+11.6,+11.1,+11.3
2024-06-24 23:50,1,+25.5,+29.9,+34.8,+14.1,+13.4,+12.6,+11.6,+11.1,+11.4
2024-06-25 00:50,1,+25.5,+29.9,+34.8,+14.1,+13.5,+12.8,+11.6,+11.1,+11.3
2024-06-25 01:50,1,+25.5,+29.9,+34.8,+14.0,+13.4,+12.8,+11.8,+11.1,+11.3
2024-06-25 02:50,1,+25.5,+29.9,+34.8,+13.9,+13.4,+12.6,+11.8,+11.1,+11.3
2024-06-25 03:50,1,+25.5,+29.9,+34.8,+13.9,+13.4,+12.8,+11.6,+11.1,+11.4
2024-06-25 04:50,1,+25.5,+29.9,+34.8,+13.8,+13.3,+12.8,+11.8,+11.1,+11.4
2024-06-25 05:50,1,+25.5,+29.9,+34.8,+13.8,+13.3,+12.8,+11.8,+11.1,+11.4
2024-06-25 06:50,1,+25.5,+29.9,+34.8,+13.6,+13.3,+12.8,+11.8,+11.3,+11.4
2024-06-25 07:50,1,+25.5,+29.9,+34.8,+13.5,+13.1,+12.6,+11.8,+11.3,+11.4
2024-06-25 08:50,1,+25.5,+29.9,+34.9,+13.6,+13.1,+12.6,+11.8,+11.3,+11.4
2024-06-25 09:50,1,+25.4,+29.9,+34.8,+13.8,+13.1,+12.6,+11.8,+11.3,+11.5
2024-06-25 10:50,1,+25.4,+29.8,+34.8,+13.8,+13.1,+12.6,+11.8,+11.3,+11.4
2024-06-25 11:50,1,+25.2,+29.7,+34.9,+13.9,+13.3,+12.6,+11.8,+11.3,+11.4
2024-06-25 12:50,1,+25.2,+29.7,+34.9,+14.0,+13.3,+12.6,+11.8,+11.3,+11.4
2024-06-25 13:50,1,+25.6,+29.7,+34.9,+14.3,+13.3,+12.8,+11.8,+11.3,+11.4
2024-06-25 14:50,1,+25.4,+29.6,+34.8,+14.4,+13.4,+12.6,+11.8,+11.3,+11.5
2024-06-25 15:50,1,+25.1,+29.6,+34.9,+14.5,+13.5,+12.8,+11.8,+11.3,+11.5
2024-06-25 16:50,1,+25.2,+29.6,+34.9,+14.6,+13.6,+12.9,+11.8,+11.3,+11.5
2024-06-25 17:50,1,+25.3,+29.6,+34.9,+14.6,+13.6,+12.9,+11.8,+11.3,+11.5
2024-06-25 18:50,1,+25.3,+29.6,+34.9,+14.6,+13.8,+13.0,+11.8,+11.3,+11.5
2024-06-25 19:50,1,+25.3,+29.6,+34.9,+14.5,+13.8,+12.9,+11.9,+11.3,+11.5
2024-06-25 20:50,1,+25.3,+29.6,+34.9,+14.5,+13.8,+13.0,+11.9,+11.3,+11.5
2024-06-25 21:50,1,+25.3,+29.6,+34.9,+14.5,+13.8,+13.0,+11.9,+11.4,+11.5
2024-06-25 22:50,1,+25.3,+29.6,+34.9,+14.4,+13.8,+13.0,+11.9,+11.4,+11.5
2024-06-25 23:50,1,+25.3,+29.6,+34.9,+14.4,+13.8,+13.0,+12.0,+11.4,+11.5
2024-06-26 00:50,1,+25.3,+29.6,+34.9,+14.1,+13.8,+13.0,+12.0,+11.4,+11.5
2024-06-26 01:50,1,+25.3,+29.6,+34.9,+14.1,+13.6,+13.0,+12.0,+11.4,+11.6
2024-06-26 02:50,1,+25.2,+29.6,+34.9,+14.0,+13.5,+13.0,+12.0,+11.5,+11.6
2024-06-26 03:50,1,+25.3,+29.6,+34.9,+14.0,+13.5,+13.0,+12.0,+11.5,+11.6
2024-06-26 04:50,1,+25.3,+29.6,+34.9,+13.9,+13.5,+13.0,+12.0,+11.4,+11.6
2024-06-26 05:50,1,+25.3,+29.5,+34.9,+13.8,+13.4,+12.9,+12.0,+11.5,+11.6
2024-06-26 06:50,1,+25.3,+29.6,+34.9,+13.8,+13.4,+12.9,+12.0,+11.5,+11.6
2024-06-26 07:50,1,+25.3,+29.6,+34.9,+13.6,+13.4,+12.9,+12.0,+11.5,+11.6
2024-06-26 08:50,1,+25.3,+29.6,+34.9,+13.6,+13.3,+12.9,+12.0,+11.5,+11.6
2024-06-26 09:50,1,+25.3,+29.5,+34.9,+13.6,+13.3,+12.9,+12.0,+11.5,+11.6
2024-06-26 10:50,1,+25.3,+29.5,+34.9,+13.5,+13.3,+12.9,+12.0,+11.5,+11.6
2024-06-26 11:50,1,+25.4,+29.5,+34.9,+13.6,+13.3,+12.8,+11.9,+11.5,+11.6
2024-06-26 12:50,1,+25.4,+29.5,+34.9,+13.6,+13.3,+12.8,+11.9,+11.5,+11.6
2024-06-26 13:50,1,+25.5,+29.5,+35.0,+13.6,+13.3,+12.8,+11.9,+11.5,+11.6
2024-06-26 14:50,1,+25.5,+29.5,+34.9,+13.6,+13.3,+12.8,+11.9,+11.4,+11.6
2024-06-26 15:50,1,+25.6,+29.5,+35.0,+13.8,+13.3,+12.8,+11.9,+11.5,+11.6
2024-06-26 16:50,1,+25.6,+29.5,+35.0,+13.8,+13.3,+12.8,+11.9,+11.4,+11.6
2024-06-26 17:50,1,+25.6,+29.5,+34.9,+13.8,+13.3,+12.8,+11.9,+11.4,+11.8
2024-06-26 18:50,1,+25.6,+29.4,+34.9,+13.6,+13.3,+12.8,+11.9,+11.4,+11.6
2024-06-26 19:50,1,+25.6,+29.4,+34.9,+13.6,+13.3,+12.8,+11.9,+11.5,+11.6
2024-06-26 20:50,1,+25.6,+29.4,+34.9,+13.6,+13.3,+12.8,+11.9,+11.4,+11.6
2024-06-26 21:50,1,+25.6,+29.4,+34.9,+13.5,+13.3,+12.8,+11.9,+11.4,+11.6
2024-06-26 22:50,1,+25.6,+29.4,+34.9,+13.4,+13.1,+12.8,+11.9,+11.4,+11.6
2024-06-26 23:50,1,+25.5,+29.4,+34.9,+13.3,+13.0,+12.8,+11.9,+11.5,+11.6
2024-06-27 00:50,1,+25.5,+29.4,+35.0,+13.1,+13.0,+12.8,+11.9,+11.4,+11.6
2024-06-27 01:50,1,+25.6,+29.4,+34.9,+13.0,+12.9,+12.6,+11.9,+11.4,+11.6
2024-06-27 02:50,1,+25.6,+29.4,+35.0,+12.9,+12.9,+12.6,+11.9,+11.4,+11.6
2024-06-27 03:50,1,+25.6,+29.4,+35.0,+12.6,+12.8,+12.5,+11.8,+11.5,+11.6
2024-06-27 04:50,1,+25.6,+29.3,+34.9,+12.5,+12.6,+12.5,+11.8,+11.5,+11.6
2024-06-27 05:50,1,+25.6,+29.4,+34.9,+12.4,+12.5,+12.4,+11.8,+11.4,+11.6
2024-06-27 06:50,1,+25.5,+29.4,+34.9,+12.3,+12.4,+12.4,+11.8,+11.4,+11.6
2024-06-27 07:50,1,+25.6,+29.3,+34.9,+12.1,+12.4,+12.3,+11.6,+11.4,+11.6
2024-06-27 08:50,1,+25.6,+29.3,+35.0,+12.3,+12.3,+12.3,+11.6,+11.4,+11.6
2024-06-27 09:50,1,+25.6,+29.3,+34.9,+12.3,+12.3,+12.1,+11.6,+11.3,+11.5
2024-06-27 10:50,1,+25.5,+29.3,+34.9,+12.4,+12.3,+12.1,+11.6,+11.4,+11.6
2024-06-27 11:50,1,+25.5,+29.3,+34.9,+12.6,+12.3,+12.1,+11.5,+11.3,+11.5
2024-06-27 12:50,1,+25.5,+29.3,+34.9,+12.8,+12.3,+12.1,+11.5,+11.3,+11.5
2024-06-27 13:50,1,+25.5,+29.3,+34.9,+12.9,+12.4,+12.1,+11.5,+11.3,+11.5
2024-06-27 14:50,1,+25.4,+29.3,+34.9,+13.0,+12.5,+12.1,+11.5,+11.3,+11.5
2024-06-27 15:50,1,+25.4,+29.2,+34.9,+13.1,+12.6,+12.1,+11.5,+11.3,+11.5
2024-06-27 16:50,1,+25.3,+29.2,+34.9,+13.3,+12.6,+12.1,+11.5,+11.1,+11.5
2024-06-27 17:50,1,+25.3,+29.2,+34.9,+13.4,+12.6,+12.3,+11.5,+11.1,+11.5
2024-06-27 18:50,1,+25.3,+29.2,+34.9,+13.5,+12.8,+12.3,+11.4,+11.1,+11.4
2024-06-27 19:50,1,+25.3,+29.2,+34.9,+13.5,+12.9,+12.3,+11.5,+11.1,+11.4
2024-06-27 20:50,1,+25.3,+29.2,+34.9,+13.5,+12.9,+12.4,+11.5,+11.1,+11.5
2024-06-27 21:50,1,+25.3,+29.2,+34.9,+13.4,+12.9,+12.4,+11.5,+11.1,+11.4
2024-06-27 22:50,1,+25.3,+29.2,+34.9,+13.4,+12.9,+12.4,+11.6,+11.3,+11.5
2024-06-27 23:50,1,+25.3,+29.2,+34.9,+13.4,+12.9,+12.4,+11.5,+11.1,+11.5
2024-06-28 00:50,1,+25.3,+29.2,+34.9,+13.3,+12.9,+12.4,+11.6,+11.1,+11.5
2024-06-28 01:50,1,+25.3,+29.2,+34.9,+13.3,+12.9,+12.4,+11.6,+11.3,+11.5
2024-06-28 02:50,1,+25.3,+29.2,+34.9,+13.3,+12.9,+12.4,+11.6,+11.3,+11.5
2024-06-28 03:50,1,+25.3,+29.2,+34.9,+13.1,+12.9,+12.4,+11.6,+11.3,+11.5
2024-06-28 04:50,1,+25.7,+29.2,+34.9,+13.1,+12.8,+12.4,+11.6,+11.3,+11.5
2024-06-28 05:50,1,+27.7,+29.5,+34.9,+13.3,+12.9,+12.4,+11.6,+11.3,+11.4
2024-06-28 06:50,1,+28.1,+30.2,+34.9,+13.3,+12.8,+12.4,+11.5,+11.3,+11.5
2024-06-28 07:50,1,+27.0,+29.4,+34.9,+13.3,+12.8,+12.4,+11.5,+11.3,+11.5
2024-06-28 08:50,1,+34.0,+32.7,+35.0,+13.5,+12.9,+12.4,+11.5,+11.3,+11.5
2024-06-28 09:50,1,+29.2,+32.6,+35.0,+13.5,+13.0,+12.5,+11.6,+11.3,+11.5
2024-06-28 10:50,1,+27.9,+31.9,+35.0,+13.5,+13.0,+12.5,+11.6,+11.3,+11.5
2024-06-28 11:50,1,+27.5,+31.9,+35.0,+13.5,+13.0,+12.5,+11.6,+11.3,+11.5
2024-06-28 12:50,1,+27.4,+31.3,+35.1,+13.5,+13.0,+12.5,+11.6,+11.3,+11.5
2024-06-28 13:50,1,+27.3,+31.2,+35.1,+13.5,+13.0,+12.5,+11.6,+11.3,+11.5
2024-06-28 14:50,1,+27.3,+31.2,+35.1,+13.6,+13.0,+12.5,+11.6,+11.3,+11.5
2024-06-28 15:50,1,+27.3,+31.2,+35.1,+13.8,+13.1,+12.6,+11.6,+11.3,+11.5
2024-06-28 16:50,1,+27.3,+31.2,+35.1,+13.9,+13.1,+12.6,+11.6,+11.3,+11.5
2024-06-28 17:50,1,+27.3,+31.2,+35.1,+14.1,+13.3,+12.6,+11.6,+11.3,+11.5
2024-06-28 18:50,1,+27.2,+31.1,+35.2,+14.1,+13.4,+12.6,+11.8,+11.3,+11.5
2024-06-28 19:50,1,+27.2,+31.1,+35.2,+14.3,+13.4,+12.8,+11.8,+11.4,+11.5
2024-06-28 20:50,1,+27.2,+31.1,+35.2,+14.3,+13.5,+12.8,+11.8,+11.3,+11.5
2024-06-28 21:50,1,+27.1,+31.1,+35.2,+14.1,+13.5,+12.8,+11.8,+11.4,+11.5
2024-06-28 22:50,1,+27.1,+31.1,+35.3,+14.1,+13.5,+12.9,+11.9,+11.3,+11.5
2024-06-28 23:50,1,+27.1,+31.0,+35.3,+14.0,+13.5,+12.9,+11.9,+11.4,+11.5
2024-06-29 00:50,1,+27.1,+31.0,+35.3,+14.0,+13.5,+12.9,+11.9,+11.4,+11.6
2024-06-29 01:50,1,+28.6,+32.1,+35.3,+14.0,+13.5,+12.9,+11.9,+11.4,+11.6
2024-06-29 02:50,1,+28.3,+32.0,+35.3,+14.0,+13.4,+12.9,+11.9,+11.4,+11.6
2024-06-29 03:50,1,+28.3,+31.9,+35.4,+13.9,+13.4,+13.0,+11.9,+11.4,+11.6
2024-06-29 04:50,1,+27.9,+31.8,+35.4,+13.8,+13.4,+12.9,+11.9,+11.4,+11.6
2024-06-29 05:50,1,+27.7,+31.7,+35.4,+13.6,+13.4,+12.9,+11.9,+11.5,+11.6
2024-06-29 06:50,1,+27.6,+31.6,+35.4,+13.6,+13.3,+12.9,+11.9,+11.5,+11.6
2024-06-29 07:50,1,+27.7,+31.6,+35.4,+13.5,+13.3,+12.9,+12.0,+11.5,+11.6
2024-06-29 08:50,1,+27.6,+31.6,+35.4,+13.5,+13.3,+12.9,+11.9,+11.5,+11.8
2024-06-29 09:50,1,+27.6,+31.6,+35.4,+13.5,+13.1,+12.9,+12.0,+11.5,+11.6
2024-06-29 10:50,1,+27.5,+31.5,+35.4,+13.4,+13.1,+12.8,+11.9,+11.5,+11.6
2024-06-29 11:50,1,+27.5,+31.5,+35.4,+13.4,+13.0,+12.8,+11.9,+11.5,+11.6
2024-06-29 12:50,1,+27.4,+31.4,+35.4,+13.4,+13.0,+12.8,+11.9,+11.5,+11.6
2024-06-29 13:50,1,+27.4,+31.3,+35.4,+13.3,+13.0,+12.8,+11.9,+11.5,+11.8
2024-06-29 14:50,1,+27.4,+31.2,+35.4,+13.4,+13.0,+12.6,+11.9,+11.5,+11.6
2024-06-29 15:50,1,+27.3,+31.2,+35.4,+13.4,+13.0,+12.6,+11.9,+11.5,+11.8
2024-06-29 16:50,1,+27.3,+31.2,+35.5,+13.4,+13.0,+12.6,+11.9,+11.5,+11.6
2024-06-29 17:50,1,+27.3,+31.2,+35.5,+13.4,+13.0,+12.6,+11.9,+11.5,+11.8
2024-06-29 18:50,1,+27.2,+31.1,+35.5,+13.4,+13.0,+12.6,+11.9,+11.5,+11.6
2024-06-29 19:50,1,+27.1,+31.1,+35.5,+13.4,+13.0,+12.6,+11.9,+11.5,+11.6
2024-06-29 20:50,1,+27.1,+31.1,+35.5,+13.3,+13.0,+12.6,+11.8,+11.5,+11.6
2024-06-29 21:50,1,+27.1,+31.1,+35.5,+13.1,+12.9,+12.6,+11.9,+11.5,+11.6
2024-06-29 22:50,1,+27.0,+30.5,+35.5,+13.1,+13.0,+12.5,+11.8,+11.5,+11.6
2024-06-29 23:50,1,+27.0,+30.5,+35.5,+13.0,+12.9,+12.6,+11.8,+11.5,+11.6
2024-06-30 00:50,1,+26.9,+30.5,+35.5,+12.8,+12.9,+12.5,+11.9,+11.5,+11.6
2024-06-30 01:50,1,+26.9,+30.5,+35.5,+12.6,+12.6,+12.5,+11.8,+11.5,+11.6
2024-06-30 02:50,1,+26.9,+30.5,+35.5,+12.5,+12.6,+12.5,+11.8,+11.4,+11.6
2024-06-30 03:50,1,+26.9,+30.5,+35.5,+12.3,+12.5,+12.4,+11.8,+11.5,+11.8
2024-06-30 04:50,1,+26.9,+30.4,+35.5,+12.1,+12.4,+12.4,+11.8,+11.4,+11.8
2024-06-30 05:50,1,+26.8,+30.4,+35.5,+12.0,+12.3,+12.3,+11.6,+11.4,+11.6
2024-06-30 06:50,1,+26.8,+30.4,+35.5,+11.9,+12.3,+12.3,+11.6,+11.4,+11.6
2024-06-30 07:50,1,+26.8,+30.4,+35.5,+11.9,+12.0,+12.1,+11.6,+11.4,+11.6
2024-06-30 08:50,1,+26.8,+30.4,+35.5,+11.9,+12.0,+12.1,+11.6,+11.4,+11.6
2024-06-30 09:50,1,+26.8,+30.4,+35.5,+11.9,+12.0,+12.0,+11.5,+11.3,+11.6
2024-06-30 10:50,1,+26.7,+30.3,+35.5,+12.1,+12.0,+12.0,+11.5,+11.3,+11.6
2024-06-30 11:50,1,+26.7,+30.3,+35.5,+12.3,+12.0,+12.0,+11.5,+11.3,+11.6
2024-06-30 12:50,1,+26.6,+30.3,+35.5,+12.4,+12.1,+11.9,+11.5,+11.3,+11.5
2024-06-30 13:50,1,+26.6,+30.3,+35.5,+12.6,+12.1,+12.0,+11.4,+11.3,+11.5
2024-06-30 14:50,1,+26.6,+30.3,+35.5,+12.8,+12.3,+12.0,+11.4,+11.3,+11.5
2024-06-30 15:50,1,+26.5,+30.2,+35.5,+12.9,+12.3,+12.0,+11.4,+11.1,+11.5
2024-06-30 16:50,1,+26.5,+30.2,+35.5,+13.0,+12.5,+12.1,+11.4,+11.3,+11.5
2024-06-30 17:50,1,+26.5,+30.2,+35.5,+13.1,+12.5,+12.1,+11.4,+11.1,+11.5
2024-06-30 18:50,1,+26.5,+30.2,+35.5,+13.3,+12.6,+12.1,+11.4,+11.1,+11.5
2024-06-30 19:50,1,+26.5,+30.2,+35.5,+13.3,+12.8,+12.3,+11.4,+11.3,+11.5
2024-06-30 20:50,1,+26.5,+30.2,+35.5,+13.3,+12.8,+12.3,+11.4,+11.1,+11.4
2024-06-30 21:50,1,+26.5,+30.2,+35.5,+13.1,+12.8,+12.3,+11.5,+11.1,+11.5
2024-06-30 22:50,1,+26.4,+30.2,+35.5,+13.0,+12.8,+12.3,+11.5,+11.1,+11.4
2024-06-30 23:50,1,+26.4,+30.2,+35.5,+13.0,+12.6,+12.3,+11.5,+11.1,+11.5
2024-07-01 00:50,1,+26.4,+30.2,+35.5,+12.8,+12.6,+12.3,+11.5,+11.3,+11.5
2024-07-01 01:50,1,+26.4,+30.2,+35.5,+12.6,+12.6,+12.3,+11.5,+11.3,+11.5
2024-07-01 02:50,1,+26.4,+30.2,+35.5,+12.5,+12.5,+12.3,+11.5,+11.1,+11.5
2024-07-01 03:50,1,+26.4,+30.2,+35.5,+12.5,+12.4,+12.3,+11.5,+11.3,+11.5
2024-07-01 04:50,1,+26.4,+30.2,+35.5,+12.4,+12.4,+12.3,+11.5,+11.1,+11.5
2024-07-01 05:50,1,+26.4,+30.1,+35.5,+12.4,+12.3,+12.1,+11.5,+11.3,+11.5
2024-07-01 06:50,1,+26.4,+30.1,+35.5,+12.3,+12.3,+12.1,+11.5,+11.3,+11.5
2024-07-01 07:50,1,+26.4,+30.1,+35.5,+12.3,+12.1,+12.1,+11.5,+11.1,+11.5
2024-07-01 08:50,1,+26.4,+30.1,+35.5,+12.4,+12.1,+12.0,+11.5,+11.1,+11.5
2024-07-01 09:50,1,+26.4,+30.1,+35.5,+12.4,+12.1,+12.0,+11.4,+11.1,+11.5
2024-07-01 10:50,1,+26.3,+30.0,+35.5,+12.5,+12.3,+12.0,+11.4,+11.1,+11.5
2024-07-01 11:50,1,+26.3,+30.0,+35.5,+12.6,+12.3,+12.0,+11.4,+11.1,+11.4
2024-07-01 12:50,1,+26.3,+30.0,+35.5,+12.9,+12.4,+12.0,+11.4,+11.1,+11.4
2024-07-01 13:50,1,+26.2,+30.0,+35.5,+13.0,+12.4,+12.0,+11.4,+11.1,+11.4
2024-07-01 14:50,1,+26.2,+29.9,+35.5,+13.3,+12.5,+12.1,+11.4,+11.1,+11.4
2024-07-01 15:50,1,+26.2,+29.9,+35.5,+13.4,+12.6,+12.1,+11.4,+11.1,+11.4
2024-07-01 16:50,1,+26.2,+29.9,+35.5,+13.5,+12.8,+12.3,+11.4,+11.1,+11.4
2024-07-01 17:50,1,+26.2,+29.9,+35.5,+13.5,+12.8,+12.1,+11.5,+11.1,+11.4
2024-07-01 18:50,1,+26.2,+29.9,+35.5,+13.4,+12.9,+12.3,+11.5,+11.1,+11.4
2024-07-01 19:50,1,+26.2,+29.9,+35.5,+13.4,+12.9,+12.4,+11.5,+11.1,+11.4
2024-07-01 20:50,1,+26.2,+29.9,+35.5,+13.4,+12.9,+12.4,+11.5,+11.1,+11.4
2024-07-01 21:50,1,+26.2,+29.9,+35.5,+13.3,+12.9,+12.4,+11.5,+11.1,+11.4
2024-07-01 22:50,1,+26.2,+29.9,+35.5,+13.3,+12.9,+12.4,+11.5,+11.1,+11.5
2024-07-01 23:50,1,+26.2,+29.9,+35.5,+13.3,+12.9,+12.4,+11.5,+11.1,+11.5
2024-07-02 00:50,1,+26.2,+29.9,+35.5,+13.3,+12.8,+12.4,+11.5,+11.3,+11.4
2024-07-02 01:50,1,+26.4,+29.9,+35.5,+13.1,+12.8,+12.4,+11.6,+11.3,+11.5
2024-07-02 02:50,1,+27.5,+32.2,+35.5,+13.1,+12.8,+12.4,+11.6,+11.3,+11.5
2024-07-02 03:50,1,+27.0,+30.2,+35.5,+13.0,+12.8,+12.4,+11.5,+11.3,+11.5
2024-07-02 04:50,1,+26.8,+30.1,+35.5,+13.0,+12.8,+12.4,+11.5,+11.3,+11.5
2024-07-02 05:50,1,+26.7,+30.1,+35.5,+12.9,+12.8,+12.4,+11.6,+11.3,+11.5
2024-07-02 06:50,1,+26.7,+30.1,+35.5,+13.0,+12.6,+12.4,+11.5,+11.3,+11.5
2024-07-02 07:50,1,+26.6,+30.1,+35.5,+12.9,+12.6,+12.4,+11.6,+11.3,+11.5
2024-07-02 08:50,1,+26.6,+30.1,+35.5,+12.9,+12.5,+12.3,+11.5,+11.3,+11.5
2024-07-02 09:50,1,+26.6,+30.1,+35.5,+12.9,+12.6,+12.3,+11.5,+11.3,+11.5
2024-07-02 10:50,1,+26.6,+30.1,+35.5,+12.9,+12.6,+12.3,+11.6,+11.3,+11.5
2024-07-02 11:50,1,+26.6,+30.1,+35.5,+13.0,+12.6,+12.3,+11.5,+11.3,+11.5
2024-07-02 12:50,1,+26.5,+30.2,+35.5,+13.0,+12.6,+12.3,+11.5,+11.3,+11.5
2024-07-02 13:50,1,+26.5,+30.1,+35.5,+13.3,+12.6,+12.3,+11.5,+11.3,+11.5
2024-07-02 14:50,1,+26.5,+30.2,+35.5,+13.4,+12.8,+12.4,+11.5,+11.3,+11.5
2024-07-02 15:50,1,+26.5,+30.1,+35.5,+13.6,+12.9,+12.3,+11.5,+11.3,+11.5
2024-07-02 16:50,1,+26.5,+30.1,+35.6,+13.8,+13.0,+12.4,+11.5,+11.3,+11.5
2024-07-02 17:50,1,+26.5,+30.1,+35.6,+14.0,+13.0,+12.4,+11.5,+11.3,+11.5
2024-07-02 18:50,1,+26.5,+30.1,+35.6,+14.0,+13.1,+12.5,+11.6,+11.3,+11.5
2024-07-02 19:50,1,+26.4,+30.1,+35.5,+14.1,+13.3,+12.5,+11.6,+11.3,+11.5
2024-07-02 20:50,1,+26.4,+30.1,+35.5,+14.1,+13.4,+12.6,+11.6,+11.3,+11.5
2024-07-02 21:50,1,+26.5,+30.1,+35.6,+14.1,+13.4,+12.6,+11.6,+11.3,+11.5
2024-07-02 22:50,1,+26.4,+30.1,+35.6,+14.0,+13.4,+12.8,+11.6,+11.3,+11.5
2024-07-02 23:50,1,+26.5,+30.1,+35.6,+14.0,+13.4,+12.8,+11.8,+11.3,+11.6
2024-07-03 00:50,1,+26.4,+30.0,+35.6,+13.9,+13.4,+12.8,+11.8,+11.3,+11.6
2024-07-03 01:50,1,+26.4,+30.1,+35.6,+13.9,+13.4,+12.8,+11.8,+11.4,+11.6
2024-07-03 02:50,1,+26.4,+30.0,+35.6,+13.9,+13.4,+12.8,+11.8,+11.4,+11.6
2024-07-03 03:50,1,+26.4,+30.0,+35.6,+13.8,+13.3,+12.9,+11.9,+11.4,+11.6
2024-07-03 04:50,1,+26.4,+30.0,+35.6,+13.6,+13.3,+12.8,+11.9,+11.5,+11.6
2024-07-03 05:50,1,+26.4,+30.0,+35.6,+13.5,+13.3,+12.8,+11.9,+11.4,+11.6
2024-07-03 06:50,1,+26.4,+30.0,+35.6,+13.5,+13.1,+12.8,+11.9,+11.4,+11.6
2024-07-03 07:50,1,+26.4,+30.0,+35.6,+13.5,+13.1,+12.8,+11.9,+11.4,+11.6
2024-07-03 08:50,1,+26.4,+30.0,+35.6,+13.6,+13.1,+12.8,+11.9,+11.5,+11.8
2024-07-03 09:50,1,+26.4,+30.0,+35.6,+13.6,+13.1,+12.8,+11.9,+11.5,+11.6
2024-07-03 10:50,1,+26.4,+30.0,+35.6,+13.6,+13.1,+12.8,+11.9,+11.4,+11.6
2024-07-03 11:50,1,+26.3,+30.0,+35.6,+13.9,+13.1,+12.8,+11.9,+11.5,+11.8
2024-07-03 12:50,1,+26.3,+30.0,+35.6,+14.0,+13.3,+12.6,+11.9,+11.5,+11.8
2024-07-03 13:50,1,+26.3,+29.9,+35.6,+14.1,+13.4,+12.8,+11.9,+11.5,+11.8
2024-07-03 14:50,1,+26.2,+29.9,+35.6,+14.3,+13.5,+12.9,+11.9,+11.5,+11.8
2024-07-03 15:50,1,+26.2,+29.9,+35.6,+14.5,+13.5,+12.9,+12.0,+11.5,+11.8
2024-07-03 16:50,1,+26.2,+29.9,+35.6,+14.5,+13.6,+12.9,+12.0,+11.5,+11.8
2024-07-03 17:50,1,+26.2,+29.9,+35.6,+14.5,+13.6,+13.0,+12.0,+11.5,+11.8
2024-07-03 18:50,1,+26.2,+29.9,+35.6,+14.6,+13.8,+13.0,+12.0,+11.5,+11.8
2024-07-03 19:50,1,+26.2,+29.9,+35.6,+14.6,+13.9,+13.0,+12.0,+11.5,+11.8
2024-07-03 20:50,1,+26.2,+29.9,+35.6,+14.5,+13.9,+13.0,+12.0,+11.6,+11.8
2024-07-03 21:50,1,+26.2,+29.9,+35.6,+14.4,+13.9,+13.1,+12.0,+11.6,+11.8
2024-07-03 22:50,1,+26.2,+29.9,+35.6,+14.4,+13.9,+13.1,+12.1,+11.6,+11.8
2024-07-03 23:50,1,+26.2,+29.9,+35.6,+14.3,+13.8,+13.1,+12.1,+11.6,+11.8
2024-07-04 00:50,1,+26.2,+29.9,+35.6,+14.0,+13.8,+13.1,+12.1,+11.6,+11.9
2024-07-04 01:50,1,+26.2,+29.9,+35.6,+14.0,+13.6,+13.1,+12.1,+11.6,+11.9
2024-07-04 02:50,1,+26.2,+29.9,+35.6,+13.8,+13.5,+13.1,+12.1,+11.6,+11.9
2024-07-04 03:50,1,+26.2,+29.9,+35.6,+13.6,+13.5,+13.0,+12.1,+11.8,+11.9
2024-07-04 04:50,1,+26.2,+29.9,+35.6,+13.5,+13.4,+13.0,+12.1,+11.6,+11.9
2024-07-04 05:50,1,+26.1,+29.9,+35.6,+13.4,+13.3,+13.0,+12.1,+11.6,+11.9
2024-07-04 06:50,1,+26.1,+29.9,+35.6,+13.4,+13.3,+12.9,+12.1,+11.6,+11.9
2024-07-04 07:50,1,+26.1,+29.9,+35.6,+13.3,+13.1,+12.9,+12.1,+11.6,+11.9
2024-07-04 08:50,1,+26.1,+29.9,+35.6,+13.3,+13.1,+12.9,+12.1,+11.8,+11.9
2024-07-04 09:50,1,+26.1,+29.9,+35.6,+13.4,+13.1,+12.9,+12.1,+11.6,+11.9
2024-07-04 10:50,1,+26.1,+29.9,+35.6,+13.5,+13.1,+12.8,+12.0,+11.6,+11.9
2024-07-04 11:50,1,+26.1,+29.8,+35.6,+13.6,+13.1,+12.8,+12.0,+11.6,+11.9
2024-07-04 12:50,1,+26.0,+29.8,+35.6,+13.9,+13.1,+12.8,+12.0,+11.6,+11.9
2024-07-04 13:50,1,+26.0,+29.8,+35.7,+14.0,+13.3,+12.8,+12.0,+11.6,+11.9
2024-07-04 14:50,1,+26.0,+29.8,+35.6,+14.3,+13.4,+12.9,+12.0,+11.6,+11.9
2024-07-04 15:50,1,+26.0,+29.8,+35.6,+14.4,+13.5,+12.9,+12.0,+11.6,+11.9
2024-07-04 16:50,1,+26.0,+29.8,+35.6,+14.4,+13.6,+12.9,+12.0,+11.6,+11.9
2024-07-04 17:50,1,+25.9,+29.8,+35.6,+14.5,+13.6,+13.0,+12.1,+11.6,+11.9
2024-07-04 18:50,1,+25.9,+29.8,+35.6,+14.6,+13.8,+13.0,+12.0,+11.6,+11.9
2024-07-04 19:50,1,+25.9,+29.8,+35.6,+14.6,+13.8,+13.0,+12.1,+11.6,+11.9
2024-07-04 20:50,1,+25.9,+29.8,+35.6,+14.6,+13.9,+13.1,+12.1,+11.6,+11.9
2024-07-04 21:50,1,+25.9,+29.8,+35.6,+14.5,+13.9,+13.3,+12.1,+11.6,+11.9
2024-07-04 22:50,1,+25.9,+29.8,+35.6,+14.5,+13.9,+13.1,+12.3,+11.8,+11.9
2024-07-04 23:50,1,+25.9,+29.8,+35.6,+14.4,+13.8,+13.1,+12.3,+11.8,+11.9
2024-07-05 00:50,1,+25.9,+29.8,+35.6,+14.3,+13.9,+13.3,+12.3,+11.8,+11.9
2024-07-05 01:50,1,+25.9,+29.8,+35.6,+14.1,+13.8,+13.3,+12.3,+11.8,+12.0
2024-07-05 02:50,1,+25.9,+29.8,+35.6,+14.0,+13.8,+13.3,+12.3,+11.8,+12.0
2024-07-05 03:50,1,+25.9,+29.8,+35.6,+14.0,+13.6,+13.3,+12.3,+11.8,+12.0
2024-07-05 04:50,1,+25.9,+29.8,+35.6,+13.9,+13.5,+13.1,+12.3,+11.8,+12.0
2024-07-05 05:50,1,+25.8,+29.8,+35.6,+13.8,+13.5,+13.1,+12.3,+11.9,+12.0
2024-07-05 06:50,1,+25.9,+29.8,+35.6,+13.6,+13.5,+13.1,+12.3,+11.8,+12.0
2024-07-05 07:50,1,+25.8,+29.8,+35.6,+13.6,+13.4,+13.0,+12.3,+11.9,+12.0
2024-07-05 08:50,1,+25.8,+29.8,+35.6,+13.6,+13.4,+13.1,+12.3,+11.8,+12.0
2024-07-05 09:50,1,+25.8,+29.8,+35.6,+13.8,+13.4,+13.0,+12.3,+11.8,+12.0
2024-07-05 10:50,1,+25.8,+29.8,+35.6,+13.8,+13.4,+13.0,+12.3,+11.8,+12.0
2024-07-05 11:50,1,+25.7,+29.8,+35.7,+13.9,+13.4,+13.0,+12.1,+11.9,+12.0
2024-07-05 12:50,1,+25.7,+29.7,+35.6,+14.0,+13.4,+13.0,+12.1,+11.8,+12.0
2024-07-05 13:50,1,+25.7,+29.7,+35.6,+14.1,+13.5,+13.0,+12.1,+11.8,+12.0
2024-07-05 14:50,1,+25.5,+29.7,+35.6,+14.4,+13.6,+13.0,+12.1,+11.8,+12.0
2024-07-05 15:50,1,+25.5,+29.7,+35.6,+14.5,+13.6,+13.0,+12.3,+11.8,+12.0
2024-07-05 16:50,1,+25.5,+29.7,+35.6,+14.6,+13.8,+13.1,+12.1,+11.8,+12.0
2024-07-05 17:50,1,+25.7,+29.7,+35.6,+14.6,+13.9,+13.3,+12.3,+11.8,+12.0
2024-07-05 18:50,1,+25.6,+29.7,+35.6,+14.6,+13.9,+13.3,+12.3,+11.8,+12.0
2024-07-05 19:50,1,+25.6,+29.7,+35.6,+14.6,+14.0,+13.3,+12.3,+11.9,+12.0
2024-07-05 20:50,1,+25.6,+29.7,+35.6,+14.6,+14.0,+13.3,+12.3,+11.8,+12.0
2024-07-05 21:50,1,+25.6,+29.7,+35.6,+14.5,+14.0,+13.4,+12.4,+11.8,+12.0
2024-07-05 22:50,1,+25.6,+29.7,+35.6,+14.5,+13.9,+13.4,+12.4,+11.9,+12.1
2024-07-05 23:50,1,+25.6,+29.7,+35.6,+14.4,+13.9,+13.4,+12.4,+11.9,+12.1
2024-07-06 00:50,1,+25.6,+29.7,+35.6,+14.3,+13.9,+13.4,+12.4,+11.9,+12.1
2024-07-06 01:50,1,+25.6,+29.7,+35.6,+14.1,+13.9,+13.4,+12.4,+11.9,+12.1
2024-07-06 02:50,1,+25.5,+29.7,+35.6,+14.0,+13.8,+13.3,+12.4,+11.9,+12.1
2024-07-06 03:50,1,+25.6,+29.7,+35.7,+14.0,+13.6,+13.3,+12.4,+11.9,+12.1
2024-07-06 04:50,1,+25.5,+29.7,+35.7,+13.9,+13.6,+13.3,+12.4,+11.9,+12.1
2024-07-06 05:50,1,+25.5,+29.7,+35.6,+13.8,+13.6,+13.3,+12.4,+11.9,+12.1
2024-07-06 06:50,1,+25.5,+29.7,+35.7,+13.6,+13.5,+13.1,+12.4,+11.9,+12.1
2024-07-06 07:50,1,+25.5,+29.7,+35.7,+13.6,+13.4,+13.1,+12.4,+12.0,+12.1
2024-07-06 08:50,1,+25.5,+29.6,+35.6,+13.8,+13.4,+13.1,+12.3,+11.9,+12.1
2024-07-06 09:50,1,+25.5,+29.6,+35.7,+13.8,+13.4,+13.1,+12.3,+11.9,+12.1
2024-07-06 10:50,1,+25.5,+29.6,+35.6,+13.9,+13.4,+13.0,+12.4,+11.9,+12.1
2024-07-06 11:50,1,+25.5,+29.6,+35.7,+14.0,+13.5,+13.0,+12.3,+11.9,+12.1
2024-07-06 12:50,1,+25.4,+29.6,+35.7,+14.0,+13.5,+13.0,+12.3,+11.9,+12.1
2024-07-06 13:50,1,+25.4,+29.6,+35.6,+14.1,+13.6,+13.1,+12.3,+11.9,+12.0
2024-07-06 14:50,1,+25.4,+29.6,+35.7,+14.1,+13.6,+13.1,+12.3,+11.9,+12.1
2024-07-06 15:50,1,+25.4,+29.6,+35.6,+14.3,+13.6,+13.0,+12.3,+11.9,+12.1
2024-07-06 16:50,1,+25.4,+29.6,+35.7,+14.4,+13.8,+13.1,+12.3,+11.9,+12.1
2024-07-06 17:50,1,+25.4,+29.6,+35.6,+14.4,+13.8,+13.1,+12.3,+11.9,+12.1
2024-07-06 18:50,1,+25.4,+29.6,+35.6,+14.5,+13.9,+13.3,+12.4,+11.9,+12.1
2024-07-06 19:50,1,+25.4,+29.6,+35.6,+14.5,+13.9,+13.3,+12.3,+11.9,+12.1
2024-07-06 20:50,1,+25.4,+29.6,+35.6,+14.5,+13.9,+13.3,+12.4,+11.9,+12.1
2024-07-06 21:50,1,+25.4,+29.6,+35.6,+14.4,+13.9,+13.3,+12.4,+11.9,+12.1
2024-07-06 22:50,1,+25.4,+29.6,+35.6,+14.4,+13.9,+13.3,+12.4,+11.9,+12.1
2024-07-06 23:50,1,+25.4,+29.6,+35.6,+14.4,+13.9,+13.4,+12.4,+12.0,+12.1
2024-07-07 00:50,1,+25.4,+29.6,+35.7,+14.3,+13.9,+13.4,+12.4,+12.0,+12.1
2024-07-07 01:50,1,+25.4,+29.6,+35.6,+14.1,+13.8,+13.3,+12.4,+12.0,+12.1
2024-07-07 02:50,1,+25.4,+29.6,+35.7,+14.1,+13.8,+13.3,+12.4,+12.0,+12.1
2024-07-07 03:50,1,+25.5,+29.6,+35.7,+14.1,+13.8,+13.4,+12.4,+11.9,+12.1
2024-07-07 04:50,1,+25.5,+29.6,+35.7,+14.0,+13.6,+13.3,+12.4,+12.0,+12.3
2024-07-07 05:50,1,+25.5,+29.6,+35.7,+14.0,+13.6,+13.3,+12.4,+12.0,+12.3
2024-07-07 06:50,1,+25.5,+29.6,+35.7,+14.0,+13.6,+13.3,+12.4,+12.0,+12.3
2024-07-07 07:50,1,+25.7,+29.6,+35.7,+14.0,+13.6,+13.3,+12.4,+12.0,+12.3
2024-07-07 08:50,1,+25.8,+29.6,+35.7,+13.9,+13.6,+13.3,+12.4,+12.0,+12.3
2024-07-07 09:50,1,+25.7,+29.7,+35.7,+13.9,+13.6,+13.1,+12.4,+12.0,+12.3
2024-07-07 10:50,1,+25.7,+29.7,+35.7,+14.0,+13.5,+13.3,+12.4,+12.0,+12.3
2024-07-07 11:50,1,+25.7,+29.7,+35.7,+14.1,+13.6,+13.1,+12.4,+12.0,+12.3
2024-07-07 12:50,1,+25.6,+29.7,+35.7,+14.3,+13.6,+13.1,+12.4,+12.0,+12.3
2024-07-07 13:50,1,+25.6,+29.7,+35.7,+14.4,+13.8,+13.3,+12.4,+12.0,+12.3
2024-07-07 14:50,1,+25.6,+29.7,+35.7,+14.5,+13.8,+13.3,+12.4,+11.9,+12.3
2024-07-07 15:50,1,+25.6,+29.7,+35.7,+14.6,+13.9,+13.3,+12.4,+12.0,+12.3
2024-07-07 16:50,1,+25.6,+29.7,+35.7,+14.6,+14.0,+13.3,+12.4,+12.0,+12.3
2024-07-07 17:50,1,+25.6,+29.7,+35.7,+14.8,+14.0,+13.4,+12.4,+12.0,+12.3
2024-07-07 18:50,1,+25.6,+29.7,+35.7,+14.8,+14.1,+13.4,+12.4,+12.0,+12.3
2024-07-07 19:50,1,+25.6,+29.7,+35.7,+14.8,+14.1,+13.4,+12.5,+12.0,+12.1
2024-07-07 20:50,1,+25.6,+29.7,+35.7,+14.8,+14.1,+13.4,+12.5,+12.0,+12.3
2024-07-07 21:50,1,+25.6,+29.7,+35.7,+14.6,+14.1,+13.4,+12.5,+12.0,+12.3
2024-07-07 22:50,1,+25.6,+29.7,+35.7,+14.6,+14.0,+13.5,+12.5,+12.0,+12.3
2024-07-07 23:50,1,+25.6,+29.7,+35.7,+14.5,+14.0,+13.5,+12.5,+12.0,+12.4
2024-07-08 00:50,1,+25.6,+29.7,+35.8,+14.4,+14.0,+13.5,+12.5,+12.0,+12.3
2024-07-08 01:50,1,+25.6,+29.7,+35.8,+14.3,+14.0,+13.5,+12.5,+12.0,+12.4
2024-07-08 02:50,1,+25.6,+29.7,+35.8,+14.1,+13.9,+13.4,+12.5,+12.1,+12.3
2024-07-08 03:50,1,+25.5,+29.7,+35.8,+14.0,+13.9,+13.4,+12.5,+12.1,+12.4
2024-07-08 04:50,1,+25.5,+29.7,+35.8,+14.0,+13.8,+13.4,+12.5,+12.1,+12.4
2024-07-08 05:50,1,+25.5,+29.7,+35.8,+13.9,+13.6,+13.4,+12.5,+12.1,+12.4
2024-07-08 06:50,1,+25.5,+29.7,+35.8,+13.9,+13.6,+13.4,+12.5,+12.1,+12.4
2024-07-08 07:50,1,+25.5,+29.7,+35.8,+13.9,+13.6,+13.3,+12.5,+12.1,+12.4
2024-07-08 08:50,1,+25.5,+29.7,+35.8,+13.9,+13.6,+13.3,+12.5,+12.1,+12.4
2024-07-08 09:50,1,+25.5,+29.7,+35.8,+13.9,+13.5,+13.3,+12.5,+12.1,+12.4
2024-07-08 10:50,1,+25.5,+29.7,+35.8,+14.0,+13.6,+13.3,+12.5,+12.1,+12.4
2024-07-08 11:50,1,+25.5,+29.7,+35.8,+14.1,+13.6,+13.3,+12.4,+12.1,+12.4
2024-07-08 12:50,1,+25.4,+29.7,+35.8,+14.4,+13.8,+13.3,+12.5,+12.1,+12.3
2024-07-08 13:50,1,+25.4,+29.6,+35.8,+14.6,+13.8,+13.3,+12.4,+12.1,+12.3
2024-07-08 14:50,1,+25.4,+29.6,+35.8,+14.8,+13.9,+13.3,+12.5,+12.1,+12.4
2024-07-08 15:50,1,+25.4,+29.6,+35.8,+15.0,+14.1,+13.4,+12.4,+12.1,+12.3
2024-07-08 16:50,1,+25.3,+29.6,+35.7,+15.1,+14.1,+13.5,+12.5,+12.1,+12.3
2024-07-08 17:50,1,+25.3,+29.6,+35.7,+15.1,+14.3,+13.5,+12.5,+12.1,+12.4
2024-07-08 18:50,1,+25.3,+29.6,+35.7,+15.3,+14.4,+13.6,+12.5,+12.1,+12.4
2024-07-08 19:50,1,+25.3,+29.6,+35.7,+15.3,+14.4,+13.6,+12.5,+12.1,+12.4
2024-07-08 20:50,1,+25.3,+29.6,+35.7,+15.1,+14.5,+13.6,+12.6,+12.1,+12.4
2024-07-08 21:50,1,+25.3,+29.6,+35.8,+15.1,+14.5,+13.6,+12.6,+12.1,+12.4
2024-07-08 22:50,1,+25.3,+29.6,+35.7,+15.0,+14.4,+13.8,+12.6,+12.1,+12.4
2024-07-08 23:50,1,+25.3,+29.6,+35.8,+14.9,+14.4,+13.8,+12.6,+12.1,+12.4
2024-07-09 00:50,1,+25.2,+29.6,+35.8,+14.8,+14.4,+13.8,+12.8,+12.1,+12.5
2024-07-09 01:50,1,+25.2,+29.6,+35.8,+14.8,+14.4,+13.8,+12.8,+12.3,+12.4
2024-07-09 02:50,1,+25.2,+29.6,+35.8,+14.6,+14.3,+13.8,+12.8,+12.3,+12.5
2024-07-09 03:50,1,+25.2,+29.6,+35.8,+14.5,+14.1,+13.8,+12.8,+12.3,+12.5
2024-07-09 04:50,1,+25.2,+29.6,+35.8,+14.4,+14.1,+13.6,+12.8,+12.3,+12.5
2024-07-09 05:50,1,+25.1,+29.5,+35.8,+14.3,+14.0,+13.6,+12.8,+12.3,+12.4
2024-07-09 06:50,1,+25.1,+29.5,+35.8,+14.3,+14.0,+13.6,+12.8,+12.3,+12.5
2024-07-09 07:50,1,+25.1,+29.5,+35.8,+14.1,+14.0,+13.5,+12.8,+12.3,+12.5
2024-07-09 08:50,1,+25.1,+29.5,+35.8,+14.3,+13.9,+13.5,+12.8,+12.3,+12.5
2024-07-09 09:50,1,+24.9,+29.5,+35.8,+14.3,+13.9,+13.5,+12.8,+12.3,+12.4
2024-07-09 10:50,1,+24.9,+29.5,+35.8,+14.4,+13.9,+13.5,+12.8,+12.3,+12.5
2024-07-09 11:50,1,+24.8,+29.5,+35.8,+14.5,+13.9,+13.5,+12.8,+12.3,+12.5
2024-07-09 12:50,1,+24.7,+29.5,+35.8,+14.8,+14.0,+13.5,+12.8,+12.3,+12.5
2024-07-09 13:50,1,+24.7,+29.5,+35.8,+15.0,+14.3,+13.5,+12.6,+12.3,+12.5
2024-07-09 14:50,1,+24.7,+29.5,+35.8,+15.1,+14.3,+13.6,+12.6,+12.3,+12.5
2024-07-09 15:50,1,+24.6,+29.4,+35.8,+15.4,+14.4,+13.6,+12.6,+12.3,+12.5
2024-07-09 16:50,1,+24.6,+29.4,+35.8,+15.4,+14.5,+13.8,+12.8,+12.3,+12.5
2024-07-09 17:50,1,+24.5,+29.4,+35.7,+15.5,+14.6,+13.8,+12.8,+12.3,+12.5
2024-07-09 18:50,1,+24.7,+29.4,+35.7,+15.6,+14.6,+13.8,+12.8,+12.3,+12.5
2024-07-09 19:50,1,+24.6,+29.4,+35.7,+15.6,+14.8,+13.9,+12.9,+12.3,+12.5
2024-07-09 20:50,1,+24.6,+29.3,+35.7,+15.5,+14.8,+13.9,+12.9,+12.4,+12.5
2024-07-09 21:50,1,+24.6,+29.3,+35.7,+15.5,+14.8,+14.0,+12.9,+12.4,+12.5
2024-07-09 22:50,1,+24.6,+29.3,+35.7,+15.4,+14.8,+14.0,+12.9,+12.4,+12.6
2024-07-09 23:50,1,+24.6,+29.3,+35.7,+15.3,+14.8,+14.0,+12.9,+12.4,+12.5
2024-07-10 00:50,1,+24.6,+29.3,+35.7,+15.3,+14.8,+14.0,+12.9,+12.4,+12.6
2024-07-10 01:50,1,+24.6,+29.3,+35.8,+15.3,+14.6,+14.0,+13.0,+12.4,+12.6
2024-07-10 02:50,1,+24.5,+29.3,+35.8,+15.0,+14.6,+14.0,+13.0,+12.4,+12.6
2024-07-10 03:50,1,+24.6,+29.3,+35.7,+15.0,+14.6,+14.0,+12.9,+12.5,+12.6
2024-07-10 04:50,1,+24.6,+29.3,+35.8,+14.9,+14.5,+14.0,+13.0,+12.4,+12.6
2024-07-10 05:50,1,+24.6,+29.3,+35.8,+14.8,+14.5,+14.0,+13.0,+12.5,+12.6
2024-07-10 06:50,1,+24.7,+29.3,+35.8,+14.6,+14.4,+13.9,+12.9,+12.5,+12.6
2024-07-10 07:50,1,+24.7,+29.3,+35.8,+14.6,+14.4,+13.9,+13.0,+12.5,+12.6
2024-07-10 08:50,1,+24.7,+29.3,+35.8,+14.6,+14.3,+13.9,+13.0,+12.5,+12.8
2024-07-10 09:50,1,+24.7,+29.3,+35.8,+14.8,+14.3,+13.9,+12.9,+12.5,+12.8
2024-07-10 10:50,1,+24.6,+29.3,+35.8,+14.9,+14.3,+13.9,+12.9,+12.5,+12.6
2024-07-10 11:50,1,+24.6,+29.2,+35.8,+15.0,+14.3,+13.8,+12.9,+12.5,+12.8
2024-07-10 12:50,1,+24.5,+29.2,+35.7,+15.1,+14.4,+13.9,+12.9,+12.5,+12.6
2024-07-10 13:50,1,+24.5,+29.2,+35.8,+15.4,+14.5,+13.9,+13.0,+12.5,+12.6
2024-07-10 14:50,1,+24.4,+29.2,+35.7,+15.6,+14.6,+13.9,+13.0,+12.5,+12.8
2024-07-10 15:50,1,+24.4,+29.1,+35.7,+15.6,+14.8,+13.9,+13.0,+12.5,+12.8
2024-07-10 16:50,1,+24.3,+29.0,+35.4,+15.8,+14.9,+14.0,+13.0,+12.5,+12.8
2024-07-10 17:50,1,+24.2,+29.0,+35.2,+15.9,+14.9,+14.0,+13.0,+12.5,+12.8
2024-07-10 18:50,1,+24.2,+28.9,+35.1,+15.9,+15.0,+14.1,+13.0,+12.5,+12.8
2024-07-10 19:50,1,+24.2,+28.9,+35.1,+15.9,+15.0,+14.1,+13.1,+12.5,+12.8
2024-07-10 20:50,1,+24.2,+28.9,+35.1,+15.9,+15.1,+14.3,+13.1,+12.6,+12.8
2024-07-10 21:50,1,+24.2,+28.9,+35.1,+15.8,+15.1,+14.3,+13.1,+12.5,+12.8
2024-07-10 22:50,1,+24.2,+28.9,+35.1,+15.8,+15.0,+14.3,+13.1,+12.5,+12.9
2024-07-10 23:50,1,+24.2,+28.9,+35.1,+15.6,+15.1,+14.3,+13.1,+12.6,+12.8
2024-07-11 00:50,1,+24.3,+28.8,+35.1,+15.5,+15.0,+14.3,+13.3,+12.6,+12.9
2024-07-11 01:50,1,+24.2,+28.8,+35.1,+15.4,+14.9,+14.3,+13.1,+12.6,+12.9
2024-07-11 02:50,1,+24.2,+28.8,+35.1,+15.4,+14.9,+14.3,+13.3,+12.6,+12.9
2024-07-11 03:50,1,+24.3,+28.8,+35.1,+15.3,+14.9,+14.3,+13.3,+12.6,+12.9
2024-07-11 04:50,1,+24.2,+28.8,+35.1,+15.1,+14.8,+14.3,+13.3,+12.6,+12.9
2024-07-11 05:50,1,+24.2,+28.8,+35.1,+15.0,+14.8,+14.3,+13.3,+12.6,+12.9
2024-07-11 06:50,1,+24.2,+28.8,+35.1,+15.0,+14.6,+14.1,+13.3,+12.6,+12.9
2024-07-11 07:50,1,+24.2,+28.8,+35.1,+14.9,+14.6,+14.1,+13.3,+12.8,+12.9
2024-07-11 08:50,1,+24.2,+28.7,+35.1,+14.9,+14.5,+14.1,+13.1,+12.6,+12.9
2024-07-11 09:50,1,+24.2,+28.7,+35.0,+15.0,+14.5,+14.1,+13.1,+12.8,+12.9
2024-07-11 10:50,1,+24.2,+28.7,+35.1,+15.0,+14.5,+14.1,+13.3,+12.8,+12.9
2024-07-11 11:50,1,+24.2,+28.7,+35.1,+15.1,+14.6,+14.0,+13.1,+12.8,+12.9
2024-07-11 12:50,1,+24.1,+28.7,+35.0,+15.4,+14.6,+14.0,+13.1,+12.6,+12.9
2024-07-11 13:50,1,+24.0,+28.7,+35.0,+15.6,+14.8,+14.1,+13.1,+12.6,+12.9
2024-07-11 14:50,1,+24.0,+28.6,+35.0,+15.9,+14.9,+14.1,+13.1,+12.6,+12.9
2024-07-11 15:50,1,+23.9,+28.6,+35.0,+16.0,+15.0,+14.1,+13.1,+12.8,+12.9
2024-07-11 16:50,1,+23.8,+28.6,+35.0,+16.1,+15.1,+14.3,+13.1,+12.8,+12.9
2024-07-11 17:50,1,+23.8,+28.6,+35.0,+16.3,+15.3,+14.3,+13.3,+12.8,+12.9
2024-07-11 18:50,1,+23.8,+28.6,+34.9,+16.4,+15.4,+14.4,+13.3,+12.8,+13.0
2024-07-11 19:50,1,+23.7,+28.5,+34.9,+16.4,+15.4,+14.4,+13.3,+12.8,+12.9
2024-07-11 20:50,1,+23.7,+28.5,+34.9,+16.4,+15.5,+14.5,+13.4,+12.8,+12.9
2024-07-11 21:50,1,+23.7,+28.5,+35.0,+16.3,+15.4,+14.6,+13.3,+12.8,+12.9
2024-07-11 22:50,1,+23.7,+28.5,+35.0,+16.3,+15.5,+14.6,+13.4,+12.9,+13.0
2024-07-11 23:50,1,+23.7,+28.5,+35.0,+16.1,+15.5,+14.6,+13.4,+12.9,+13.0
2024-07-12 00:50,1,+23.7,+28.5,+35.0,+16.0,+15.5,+14.6,+13.5,+12.9,+13.0
2024-07-12 01:50,1,+23.7,+28.5,+35.0,+15.9,+15.4,+14.6,+13.5,+12.9,+13.0
2024-07-12 02:50,1,+23.7,+28.5,+35.0,+15.9,+15.3,+14.6,+13.5,+12.9,+13.0
2024-07-12 03:50,1,+23.7,+28.4,+35.0,+15.8,+15.3,+14.6,+13.5,+12.9,+13.1
2024-07-12 04:50,1,+23.6,+28.4,+35.0,+15.6,+15.3,+14.5,+13.5,+12.9,+13.1
2024-07-12 05:50,1,+23.6,+28.4,+35.0,+15.5,+15.1,+14.5,+13.5,+12.9,+13.0
2024-07-12 06:50,1,+23.6,+28.4,+35.0,+15.4,+15.0,+14.5,+13.5,+12.9,+13.1
2024-07-12 07:50,1,+23.6,+28.4,+35.0,+15.4,+15.0,+14.5,+13.5,+12.9,+13.1
2024-07-12 08:50,1,+23.6,+28.4,+35.0,+15.4,+15.0,+14.4,+13.5,+12.9,+13.1
2024-07-12 09:50,1,+23.6,+28.4,+35.0,+15.5,+14.9,+14.4,+13.4,+13.0,+13.1
2024-07-12 10:50,1,+23.5,+28.4,+35.0,+15.6,+14.9,+14.4,+13.5,+13.0,+13.1
2024-07-12 11:50,1,+23.5,+28.4,+35.0,+15.8,+15.0,+14.5,+13.5,+13.0,+13.1
2024-07-12 12:50,1,+23.4,+28.3,+34.9,+16.0,+15.1,+14.5,+13.5,+12.9,+13.1
2024-07-12 13:50,1,+23.4,+28.3,+34.9,+16.1,+15.3,+14.5,+13.5,+13.0,+13.1
2024-07-12 14:50,1,+23.3,+28.3,+34.9,+16.3,+15.3,+14.5,+13.5,+12.9,+13.1
2024-07-12 15:50,1,+23.3,+28.3,+34.9,+16.5,+15.5,+14.6,+13.5,+12.9,+13.1
2024-07-12 16:50,1,+23.2,+28.2,+34.9,+16.6,+15.5,+14.6,+13.5,+13.0,+13.1
2024-07-12 17:50,1,+23.2,+28.2,+34.9,+16.6,+15.6,+14.6,+13.5,+12.9,+13.1
2024-07-12 18:50,1,+23.1,+28.2,+34.9,+16.8,+15.8,+14.8,+13.5,+13.0,+13.1
2024-07-12 19:50,1,+23.0,+28.1,+34.9,+16.8,+15.8,+14.8,+13.6,+13.0,+13.1
2024-07-12 20:50,1,+23.0,+28.1,+34.9,+16.8,+15.9,+14.9,+13.6,+13.0,+13.1
2024-07-12 21:50,1,+23.0,+28.1,+34.9,+16.6,+15.8,+14.9,+13.6,+13.1,+13.1
2024-07-12 22:50,1,+23.0,+28.1,+34.9,+16.5,+15.9,+14.9,+13.6,+13.1,+13.3
2024-07-12 23:50,1,+23.0,+28.1,+34.9,+16.5,+15.8,+15.0,+13.8,+13.1,+13.3
2024-07-13 00:50,1,+23.0,+28.1,+34.9,+16.4,+15.8,+15.0,+13.8,+13.1,+13.3
2024-07-13 01:50,1,+23.0,+28.1,+34.9,+16.3,+15.8,+14.9,+13.8,+13.1,+13.3
2024-07-13 02:50,1,+23.0,+28.1,+34.9,+16.1,+15.6,+14.9,+13.8,+13.1,+13.4
2024-07-13 03:50,1,+22.9,+28.0,+34.9,+16.0,+15.6,+14.9,+13.8,+13.1,+13.4
2024-07-13 04:50,1,+22.9,+28.0,+34.9,+16.0,+15.5,+14.9,+13.8,+13.1,+13.4
2024-07-13 05:50,1,+22.9,+28.0,+34.9,+15.9,+15.5,+14.9,+13.8,+13.3,+13.4
2024-07-13 06:50,1,+22.9,+28.0,+34.9,+15.9,+15.4,+14.8,+13.8,+13.1,+13.4
2024-07-13 07:50,1,+22.9,+28.0,+34.9,+15.8,+15.4,+14.9,+13.8,+13.3,+13.4
2024-07-13 08:50,1,+22.9,+28.0,+34.9,+15.9,+15.4,+14.8,+13.8,+13.3,+13.4
2024-07-13 09:50,1,+22.9,+28.0,+34.9,+15.9,+15.4,+14.8,+13.8,+13.3,+13.4
2024-07-13 10:50,1,+22.9,+28.0,+34.9,+16.0,+15.4,+14.8,+13.8,+13.3,+13.4
2024-07-13 11:50,1,+22.9,+28.0,+34.9,+16.1,+15.4,+14.8,+13.8,+13.1,+13.4
2024-07-13 12:50,1,+23.5,+28.0,+34.9,+16.4,+15.5,+14.8,+13.8,+13.3,+13.4
2024-07-13 13:50,1,+23.7,+27.9,+34.9,+16.4,+15.6,+14.8,+13.8,+13.3,+13.4
2024-07-13 14:50,1,+23.7,+28.0,+34.9,+16.4,+15.6,+14.9,+13.8,+13.3,+13.4
2024-07-13 15:50,1,+23.7,+28.0,+34.9,+16.5,+15.6,+14.9,+13.9,+13.3,+13.4
2024-07-13 16:50,1,+23.7,+28.0,+34.9,+16.8,+15.8,+14.9,+13.8,+13.3,+13.4
2024-07-13 17:50,1,+23.7,+28.0,+34.9,+16.8,+15.9,+15.0,+13.8,+13.3,+13.5
2024-07-13 18:50,1,+23.6,+28.0,+34.9,+16.9,+15.9,+15.0,+13.9,+13.3,+13.4
2024-07-13 19:50,1,+23.6,+28.0,+34.9,+16.9,+16.0,+15.0,+13.9,+13.3,+13.5
2024-07-13 20:50,1,+23.6,+28.1,+34.9,+17.0,+16.1,+15.1,+13.9,+13.3,+13.5
2024-07-13 21:50,1,+23.6,+28.1,+34.9,+16.9,+16.0,+15.1,+13.9,+13.3,+13.5
2024-07-13 22:50,1,+23.8,+28.1,+34.9,+16.9,+16.0,+15.3,+14.0,+13.3,+13.5
2024-07-13 23:50,1,+23.8,+28.1,+34.9,+16.8,+16.0,+15.3,+14.0,+13.4,+13.5
2024-07-14 00:50,1,+23.8,+28.2,+35.0,+16.8,+16.0,+15.3,+14.0,+13.4,+13.5
2024-07-14 01:50,1,+23.8,+28.2,+35.0,+16.6,+16.0,+15.3,+14.0,+13.4,+13.5
2024-07-14 02:50,1,+23.8,+28.2,+35.0,+16.5,+15.9,+15.3,+14.0,+13.4,+13.5
2024-07-14 03:50,1,+23.7,+28.2,+35.0,+16.4,+15.9,+15.3,+14.1,+13.4,+13.6
2024-07-14 04:50,1,+23.7,+28.2,+35.0,+16.4,+15.9,+15.1,+14.0,+13.4,+13.6
2024-07-14 05:50,1,+23.7,+28.2,+35.0,+16.3,+15.8,+15.1,+14.0,+13.5,+13.6
2024-07-14 06:50,1,+23.7,+28.2,+35.0,+16.1,+15.8,+15.3,+14.0,+13.5,+13.6
2024-07-14 07:50,1,+23.7,+28.2,+35.0,+16.1,+15.6,+15.1,+14.0,+13.5,+13.6
2024-07-14 08:50,1,+23.7,+28.2,+35.0,+16.1,+15.6,+15.1,+14.1,+13.5,+13.6
2024-07-14 09:50,1,+23.7,+28.2,+35.0,+16.1,+15.6,+15.0,+14.0,+13.5,+13.6
2024-07-14 10:50,1,+23.6,+28.2,+35.0,+16.3,+15.6,+15.0,+14.0,+13.5,+13.6
2024-07-14 11:50,1,+23.6,+28.2,+35.0,+16.4,+15.8,+15.0,+14.0,+13.5,+13.6
2024-07-14 12:50,1,+23.6,+28.2,+35.0,+16.5,+15.8,+15.0,+14.0,+13.5,+13.6
2024-07-14 13:50,1,+23.5,+28.2,+35.0,+16.8,+15.9,+15.0,+14.0,+13.5,+13.6
2024-07-14 14:50,1,+23.5,+28.2,+35.0,+16.9,+15.9,+15.1,+14.0,+13.5,+13.6
2024-07-14 15:50,1,+23.4,+28.2,+35.0,+17.0,+16.0,+15.1,+14.1,+13.5,+13.8
2024-07-14 16:50,1,+23.4,+28.2,+35.0,+17.1,+16.1,+15.3,+14.0,+13.5,+13.6
2024-07-14 17:50,1,+23.4,+28.2,+35.0,+17.1,+16.1,+15.3,+14.1,+13.5,+13.6
2024-07-14 18:50,1,+23.4,+28.2,+35.0,+17.3,+16.3,+15.4,+14.1,+13.5,+13.6
2024-07-14 19:50,1,+23.3,+28.2,+35.0,+17.1,+16.3,+15.4,+14.1,+13.5,+13.6
2024-07-14 20:50,1,+23.3,+28.2,+35.0,+17.0,+16.3,+15.4,+14.1,+13.5,+13.8
2024-07-14 21:50,1,+23.3,+28.1,+35.0,+17.0,+16.3,+15.4,+14.3,+13.6,+13.8
2024-07-14 22:50,1,+23.3,+28.1,+35.0,+16.9,+16.3,+15.4,+14.3,+13.6,+13.8
2024-07-14 23:50,1,+23.3,+28.1,+35.0,+16.8,+16.3,+15.5,+14.3,+13.6,+13.8
2024-07-15 00:50,1,+23.3,+28.1,+35.0,+16.6,+16.1,+15.4,+14.3,+13.6,+13.8
2024-07-15 01:50,1,+23.3,+28.1,+35.0,+16.5,+16.0,+15.4,+14.3,+13.6,+13.8
2024-07-15 02:50,1,+23.3,+28.1,+35.0,+16.4,+16.0,+15.4,+14.3,+13.6,+13.8
2024-07-15 03:50,1,+23.2,+28.1,+35.0,+16.3,+15.9,+15.4,+14.3,+13.6,+13.9
2024-07-15 04:50,1,+23.2,+28.1,+35.0,+16.3,+15.9,+15.3,+14.3,+13.6,+13.8
2024-07-15 05:50,1,+23.2,+28.1,+35.0,+16.0,+15.8,+15.3,+14.3,+13.6,+13.9
2024-07-15 06:50,1,+23.2,+28.1,+35.0,+16.0,+15.8,+15.3,+14.3,+13.6,+13.8
2024-07-15 07:50,1,+23.3,+28.1,+35.0,+16.0,+15.6,+15.3,+14.3,+13.6,+13.9
2024-07-15 08:50,1,+23.3,+28.1,+35.0,+15.9,+15.6,+15.1,+14.3,+13.6,+13.9
2024-07-15 09:50,1,+23.3,+28.1,+35.0,+16.0,+15.5,+15.1,+14.1,+13.6,+13.9
2024-07-15 10:50,1,+23.3,+28.1,+35.0,+16.0,+15.5,+15.1,+14.1,+13.6,+13.9
2024-07-15 11:50,1,+23.3,+28.1,+35.0,+16.0,+15.6,+15.0,+14.1,+13.6,+13.9
2024-07-15 12:50,1,+23.3,+28.1,+35.0,+16.3,+15.6,+15.0,+14.1,+13.6,+13.8
2024-07-15 13:50,1,+23.3,+28.1,+35.0,+16.4,+15.6,+15.0,+14.1,+13.6,+13.8
2024-07-15 14:50,1,+23.3,+28.1,+35.0,+16.5,+15.8,+15.1,+14.1,+13.6,+13.8
2024-07-15 15:50,1,+23.3,+28.1,+35.0,+16.5,+15.8,+15.1,+14.1,+13.6,+13.9
2024-07-15 16:50,1,+23.3,+28.1,+35.0,+16.6,+15.9,+15.1,+14.1,+13.6,+13.8
2024-07-15 17:50,1,+23.2,+28.1,+35.0,+16.8,+15.9,+15.1,+14.1,+13.6,+13.9
2024-07-15 18:50,1,+23.2,+28.0,+35.0,+16.8,+16.0,+15.3,+14.1,+13.6,+13.8
2024-07-15 19:50,1,+23.2,+28.0,+35.0,+16.8,+16.0,+15.3,+14.3,+13.6,+13.8
2024-07-15 20:50,1,+23.2,+28.0,+35.0,+16.6,+16.0,+15.3,+14.1,+13.6,+13.9
2024-07-15 21:50,1,+23.2,+28.0,+35.0,+16.5,+16.0,+15.3,+14.3,+13.6,+13.9
2024-07-15 22:50,1,+23.2,+28.0,+35.0,+16.5,+16.0,+15.3,+14.3,+13.6,+13.9
2024-07-15 23:50,1,+23.2,+28.0,+35.0,+16.4,+15.9,+15.3,+14.3,+13.6,+13.9
2024-07-16 00:50,1,+23.1,+28.0,+35.0,+16.3,+15.9,+15.3,+14.3,+13.6,+13.9
2024-07-16 01:50,1,+23.1,+28.0,+35.0,+16.0,+15.8,+15.3,+14.3,+13.8,+13.9
2024-07-16 02:50,1,+23.1,+28.0,+35.0,+15.9,+15.6,+15.3,+14.3,+13.8,+13.9
2024-07-16 03:50,1,+23.1,+28.0,+35.0,+15.9,+15.5,+15.1,+14.1,+13.8,+13.9
2024-07-16 04:50,1,+23.1,+28.0,+35.0,+15.8,+15.5,+15.1,+14.3,+13.8,+13.8
2024-07-16 05:50,1,+23.1,+28.0,+35.0,+15.8,+15.5,+15.0,+14.1,+13.8,+13.9
2024-07-16 06:50,1,+23.0,+28.0,+35.0,+15.6,+15.4,+15.0,+14.1,+13.6,+13.9
2024-07-16 07:50,1,+23.0,+27.9,+35.0,+15.5,+15.4,+15.0,+14.1,+13.8,+13.9
2024-07-16 08:50,1,+23.0,+27.9,+35.0,+15.5,+15.3,+15.0,+14.1,+13.6,+13.9
2024-07-16 09:50,1,+23.0,+27.9,+35.0,+15.5,+15.3,+14.9,+14.1,+13.6,+13.9
2024-07-16 10:50,1,+22.9,+27.9,+35.0,+15.5,+15.3,+14.9,+14.0,+13.6,+13.9
2024-07-16 11:50,1,+22.9,+27.9,+35.0,+15.5,+15.1,+14.9,+14.0,+13.6,+13.9
2024-07-16 12:50,1,+22.8,+27.8,+35.0,+15.6,+15.1,+14.9,+14.0,+13.6,+13.9
2024-07-16 13:50,1,+22.7,+27.8,+34.9,+15.8,+15.3,+14.9,+14.0,+13.6,+13.9
2024-07-16 14:50,1,+22.7,+27.8,+34.9,+15.9,+15.3,+14.9,+14.0,+13.6,+13.9
2024-07-16 15:50,1,+22.6,+27.7,+34.9,+15.9,+15.4,+14.9,+14.0,+13.6,+13.9
2024-07-16 16:50,1,+22.6,+27.7,+34.9,+15.9,+15.4,+14.9,+14.0,+13.6,+13.8
2024-07-16 17:50,1,+22.5,+27.7,+34.9,+15.9,+15.4,+14.9,+14.0,+13.6,+13.9
2024-07-16 18:50,1,+22.5,+27.7,+34.9,+15.9,+15.4,+14.9,+14.0,+13.6,+13.8
2024-07-16 19:50,1,+22.5,+27.7,+34.9,+15.9,+15.4,+14.9,+14.0,+13.6,+13.9
2024-07-16 20:50,1,+22.5,+27.7,+34.9,+15.6,+15.4,+14.9,+14.0,+13.5,+13.9
2024-07-16 21:50,1,+22.5,+27.7,+34.9,+15.6,+15.3,+14.9,+14.0,+13.6,+13.9
2024-07-16 22:50,1,+22.5,+27.6,+34.9,+15.5,+15.3,+14.9,+14.0,+13.6,+13.8
2024-07-16 23:50,1,+22.5,+27.6,+34.9,+15.4,+15.1,+14.8,+14.0,+13.5,+13.8
2024-07-17 00:50,1,+22.5,+27.6,+34.9,+15.3,+15.1,+14.8,+14.0,+13.6,+13.8
2024-07-17 01:50,1,+22.5,+27.6,+34.9,+15.1,+15.0,+14.8,+14.0,+13.6,+13.8
2024-07-17 02:50,1,+22.6,+27.6,+34.9,+15.0,+15.0,+14.8,+13.9,+13.5,+13.8
2024-07-17 03:50,1,+22.6,+27.6,+34.8,+14.9,+14.9,+14.6,+13.9,+13.5,+13.8
2024-07-17 04:50,1,+22.6,+27.6,+34.8,+14.8,+14.8,+14.6,+13.9,+13.5,+13.8
2024-07-17 05:50,1,+22.6,+27.6,+34.8,+14.6,+14.6,+14.5,+13.9,+13.5,+13.8
2024-07-17 06:50,1,+22.6,+27.6,+34.8,+14.5,+14.6,+14.5,+13.9,+13.5,+13.8
2024-07-17 07:50,1,+22.6,+27.5,+34.8,+14.4,+14.5,+14.4,+13.8,+13.5,+13.8
2024-07-17 08:50,1,+22.5,+27.5,+34.8,+14.4,+14.4,+14.4,+13.8,+13.5,+13.6
2024-07-17 09:50,1,+22.5,+27.5,+34.8,+14.4,+14.4,+14.3,+13.8,+13.4,+13.8
2024-07-17 10:50,1,+22.9,+27.5,+34.8,+14.4,+14.4,+14.3,+13.8,+13.4,+13.8
2024-07-17 11:50,1,+22.5,+27.5,+34.8,+14.5,+14.4,+14.1,+13.6,+13.4,+13.6
2024-07-17 12:50,1,+22.4,+27.5,+34.8,+14.6,+14.4,+14.3,+13.6,+13.4,+13.6
2024-07-17 13:50,1,+22.3,+27.4,+34.7,+14.8,+14.4,+14.3,+13.6,+13.4,+13.6
2024-07-17 14:50,1,+22.4,+27.4,+34.7,+14.8,+14.5,+14.1,+13.6,+13.4,+13.6
2024-07-17 15:50,1,+22.3,+27.4,+34.7,+14.9,+14.5,+14.1,+13.6,+13.3,+13.6
2024-07-17 16:50,1,+22.2,+27.4,+34.7,+15.0,+14.5,+14.3,+13.5,+13.3,+13.6
2024-07-17 17:50,1,+22.1,+27.3,+34.7,+15.0,+14.6,+14.3,+13.6,+13.3,+13.6
2024-07-17 18:50,1,+22.0,+27.3,+34.7,+15.1,+14.6,+14.3,+13.5,+13.3,+13.5
2024-07-17 19:50,1,+22.0,+27.3,+34.7,+15.1,+14.8,+14.3,+13.5,+13.3,+13.5
2024-07-17 20:50,1,+21.9,+27.3,+34.7,+15.1,+14.8,+14.4,+13.5,+13.3,+13.5
2024-07-17 21:50,1,+21.9,+27.3,+34.7,+15.0,+14.8,+14.4,+13.5,+13.3,+13.5
2024-07-17 22:50,1,+21.9,+27.2,+34.7,+14.9,+14.8,+14.3,+13.5,+13.3,+13.5
2024-07-17 23:50,1,+21.8,+27.2,+34.6,+14.8,+14.6,+14.4,+13.5,+13.3,+13.5
2024-07-18 00:50,1,+21.8,+27.2,+34.7,+14.6,+14.6,+14.3,+13.5,+13.3,+13.5
2024-07-18 01:50,1,+21.8,+27.2,+34.6,+14.5,+14.5,+14.3,+13.6,+13.3,+13.5
2024-07-18 02:50,1,+21.8,+27.2,+34.6,+14.4,+14.4,+14.3,+13.5,+13.3,+13.5
2024-07-18 03:50,1,+21.8,+27.1,+34.6,+14.3,+14.4,+14.1,+13.5,+13.3,+13.5
2024-07-18 04:50,1,+21.9,+27.1,+34.6,+14.1,+14.3,+14.1,+13.5,+13.3,+13.5
2024-07-18 05:50,1,+21.9,+27.1,+34.6,+14.0,+14.1,+14.1,+13.5,+13.3,+13.5
2024-07-18 06:50,1,+21.9,+27.1,+34.6,+13.9,+14.0,+14.0,+13.4,+13.3,+13.5
2024-07-18 07:50,1,+21.8,+27.1,+34.6,+13.9,+14.0,+14.0,+13.4,+13.3,+13.5
2024-07-18 08:50,1,+21.8,+27.1,+34.6,+13.9,+13.9,+13.9,+13.4,+13.1,+13.5
2024-07-18 09:50,1,+21.8,+27.0,+34.6,+13.9,+13.9,+13.9,+13.4,+13.1,+13.5
2024-07-18 10:50,1,+21.7,+27.0,+34.6,+14.0,+13.9,+13.9,+13.4,+13.1,+13.4
2024-07-18 11:50,1,+21.7,+27.0,+34.6,+14.3,+13.9,+13.9,+13.3,+13.1,+13.4
2024-07-18 12:50,1,+21.7,+27.0,+34.5,+14.4,+14.0,+13.8,+13.3,+13.1,+13.4
2024-07-18 13:50,1,+21.6,+27.0,+34.5,+14.5,+14.1,+13.9,+13.3,+13.1,+13.4
2024-07-18 14:50,1,+21.5,+26.9,+34.5,+14.8,+14.1,+13.9,+13.3,+13.0,+13.4
2024-07-18 15:50,1,+21.5,+26.9,+34.5,+15.0,+14.4,+13.9,+13.3,+13.0,+13.4
2024-07-18 16:50,1,+21.5,+26.8,+34.4,+15.1,+14.4,+14.0,+13.3,+13.0,+13.4
2024-07-18 17:50,1,+21.5,+26.8,+34.4,+15.3,+14.5,+14.0,+13.3,+13.0,+13.3
2024-07-18 18:50,1,+21.3,+26.8,+34.4,+15.3,+14.6,+14.1,+13.3,+13.0,+13.3
2024-07-18 19:50,1,+21.3,+26.8,+34.4,+15.4,+14.8,+14.1,+13.3,+13.0,+13.4
2024-07-18 20:50,1,+21.2,+26.7,+34.4,+15.4,+14.8,+14.1,+13.4,+13.0,+13.3
2024-07-18 21:50,1,+21.2,+26.7,+34.4,+15.3,+14.8,+14.1,+13.4,+13.0,+13.3
2024-07-18 22:50,1,+21.2,+26.7,+34.4,+15.1,+14.8,+14.3,+13.4,+13.0,+13.3
2024-07-18 23:50,1,+21.3,+26.7,+34.4,+15.0,+14.8,+14.3,+13.4,+13.0,+13.4
2024-07-19 00:50,1,+21.3,+26.7,+34.4,+15.0,+14.6,+14.3,+13.4,+13.0,+13.4
2024-07-19 01:50,1,+21.2,+26.7,+34.4,+14.9,+14.6,+14.3,+13.4,+13.1,+13.4
2024-07-19 02:50,1,+21.3,+26.6,+34.4,+14.6,+14.5,+14.3,+13.4,+13.0,+13.4
2024-07-19 03:50,1,+21.2,+26.6,+34.4,+14.6,+14.5,+14.1,+13.4,+13.1,+13.4
2024-07-19 04:50,1,+21.2,+26.6,+34.4,+14.5,+14.4,+14.1,+13.4,+13.1,+13.4
2024-07-19 05:50,1,+21.2,+26.6,+34.4,+14.4,+14.3,+14.1,+13.4,+13.1,+13.4
2024-07-19 06:50,1,+21.2,+26.6,+34.3,+14.3,+14.3,+14.1,+13.4,+13.1,+13.4
2024-07-19 07:50,1,+21.2,+26.5,+34.3,+14.3,+14.3,+14.0,+13.4,+13.1,+13.4
2024-07-19 08:50,1,+21.2,+26.5,+34.3,+14.3,+14.1,+14.0,+13.4,+13.0,+13.4
2024-07-19 09:50,1,+21.0,+26.5,+34.4,+14.4,+14.1,+14.0,+13.3,+13.1,+13.4
2024-07-19 10:50,1,+21.1,+26.5,+34.3,+14.5,+14.1,+13.9,+13.3,+13.0,+13.4
2024-07-19 11:50,1,+21.0,+26.4,+34.3,+14.8,+14.3,+13.9,+13.3,+13.0,+13.3
2024-07-19 12:50,1,+21.0,+26.4,+34.3,+14.9,+14.3,+14.0,+13.3,+13.0,+13.4
2024-07-19 13:50,1,+21.0,+26.4,+34.3,+15.3,+14.5,+13.9,+13.3,+13.0,+13.4
2024-07-19 14:50,1,+21.0,+26.3,+34.2,+15.5,+14.6,+14.0,+13.3,+13.0,+13.3
2024-07-19 15:50,1,+21.0,+26.3,+34.2,+15.8,+14.8,+14.1,+13.3,+13.0,+13.3
2024-07-19 16:50,1,+20.6,+26.2,+34.2,+15.9,+14.9,+14.1,+13.3,+13.0,+13.3
2024-07-19 17:50,1,+20.5,+26.2,+34.2,+15.9,+15.0,+14.3,+13.4,+13.0,+13.3
2024-07-19 18:50,1,+20.5,+26.2,+34.2,+16.0,+15.1,+14.3,+13.4,+13.0,+13.3
2024-07-19 19:50,1,+20.4,+26.2,+34.1,+16.0,+15.1,+14.4,+13.4,+13.0,+13.4
2024-07-19 20:50,1,+20.5,+26.1,+34.1,+16.0,+15.3,+14.5,+13.4,+13.0,+13.4
2024-07-19 21:50,1,+20.4,+26.1,+34.1,+16.0,+15.3,+14.5,+13.5,+13.0,+13.4
2024-07-19 22:50,1,+20.5,+26.1,+34.1,+15.9,+15.4,+14.5,+13.5,+13.1,+13.4
2024-07-19 23:50,1,+20.8,+26.1,+34.1,+15.9,+15.3,+14.5,+13.5,+13.0,+13.4
2024-07-20 00:50,1,+20.6,+26.1,+34.1,+15.8,+15.3,+14.5,+13.6,+13.1,+13.4
2024-07-20 01:50,1,+20.7,+26.0,+34.0,+15.6,+15.1,+14.6,+13.6,+13.1,+13.4
2024-07-20 02:50,1,+20.8,+26.0,+34.1,+15.5,+15.1,+14.6,+13.6,+13.1,+13.4
2024-07-20 03:50,1,+20.8,+26.0,+34.0,+15.5,+15.1,+14.5,+13.6,+13.1,+13.4
2024-07-20 04:50,1,+20.7,+26.0,+34.1,+15.4,+15.1,+14.5,+13.6,+13.3,+13.4
2024-07-20 05:50,1,+20.6,+26.0,+34.0,+15.4,+15.0,+14.5,+13.6,+13.1,+13.5
2024-07-20 06:50,1,+20.5,+26.0,+34.0,+15.3,+15.0,+14.5,+13.6,+13.3,+13.4
2024-07-20 07:50,1,+20.6,+25.9,+34.0,+15.3,+14.9,+14.5,+13.6,+13.3,+13.5
2024-07-20 08:50,1,+20.5,+25.9,+34.0,+15.3,+14.9,+14.5,+13.6,+13.3,+13.5
2024-07-20 09:50,1,+20.5,+25.9,+34.0,+15.3,+14.9,+14.4,+13.6,+13.3,+13.5
2024-07-20 10:50,1,+20.4,+25.9,+34.0,+15.4,+14.9,+14.5,+13.6,+13.3,+13.5
2024-07-20 11:50,1,+20.4,+25.8,+34.0,+15.6,+15.0,+14.5,+13.6,+13.3,+13.5
2024-07-20 12:50,1,+20.4,+25.8,+34.0,+15.9,+15.1,+14.4,+13.6,+13.3,+13.5
2024-07-20 13:50,1,+20.2,+25.8,+34.0,+16.1,+15.1,+14.5,+13.6,+13.3,+13.5
2024-07-20 14:50,1,+20.2,+25.7,+34.0,+16.3,+15.3,+14.5,+13.6,+13.3,+13.5
2024-07-20 15:50,1,+20.1,+25.7,+33.9,+16.5,+15.4,+14.6,+13.6,+13.3,+13.5
2024-07-20 16:50,1,+20.2,+25.7,+33.9,+16.5,+15.6,+14.6,+13.6,+13.3,+13.5
2024-07-20 17:50,1,+20.3,+25.6,+33.9,+16.6,+15.6,+14.8,+13.6,+13.3,+13.5
2024-07-20 18:50,1,+20.1,+25.6,+33.9,+16.5,+15.6,+14.9,+13.8,+13.3,+13.5
2024-07-20 19:50,1,+20.1,+25.6,+33.9,+16.5,+15.8,+14.9,+13.8,+13.3,+13.5
2024-07-20 20:50,1,+20.1,+25.6,+33.8,+16.5,+15.8,+14.9,+13.8,+13.3,+13.5
2024-07-20 21:50,1,+20.1,+25.5,+33.8,+16.4,+15.8,+15.0,+13.9,+13.4,+13.5
2024-07-20 22:50,1,+20.1,+25.5,+33.9,+16.4,+15.8,+15.0,+13.9,+13.4,+13.5
2024-07-20 23:50,1,+20.0,+25.5,+33.8,+16.3,+15.8,+15.0,+13.9,+13.4,+13.6
2024-07-21 00:50,1,+20.1,+25.5,+33.8,+16.3,+15.6,+15.0,+13.9,+13.4,+13.6
2024-07-21 01:50,1,+20.2,+25.5,+33.8,+16.1,+15.6,+15.0,+13.9,+13.4,+13.5
2024-07-21 02:50,1,+20.2,+25.5,+33.8,+16.0,+15.6,+15.0,+13.9,+13.4,+13.6
2024-07-21 03:50,1,+20.2,+25.4,+33.8,+16.0,+15.6,+15.0,+13.9,+13.4,+13.6
2024-07-21 04:50,1,+20.1,+25.4,+33.8,+15.9,+15.5,+14.9,+14.0,+13.5,+13.6
2024-07-21 05:50,1,+20.1,+25.4,+33.8,+15.9,+15.5,+14.9,+14.0,+13.5,+13.6
2024-07-21 06:50,1,+20.1,+25.4,+33.8,+15.8,+15.4,+14.9,+14.0,+13.5,+13.6
2024-07-21 07:50,1,+20.1,+25.4,+33.8,+15.8,+15.4,+14.9,+14.0,+13.4,+13.8
2024-07-21 08:50,1,+20.1,+25.4,+33.8,+15.8,+15.4,+14.9,+13.9,+13.5,+13.6
2024-07-21 09:50,1,+20.2,+25.4,+33.8,+15.8,+15.3,+14.9,+13.9,+13.5,+13.8
2024-07-21 10:50,1,+20.1,+25.4,+33.8,+15.9,+15.3,+14.8,+13.9,+13.5,+13.6
2024-07-21 11:50,1,+20.1,+25.3,+33.8,+15.9,+15.3,+14.9,+13.9,+13.5,+13.8
2024-07-21 12:50,1,+20.1,+25.3,+33.8,+16.0,+15.4,+14.8,+13.9,+13.5,+13.8
2024-07-21 13:50,1,+20.0,+25.3,+33.7,+16.1,+15.4,+14.8,+13.9,+13.5,+13.8
2024-07-21 14:50,1,+20.0,+25.2,+33.7,+16.4,+15.5,+14.8,+13.9,+13.5,+13.8
2024-07-21 15:50,1,+20.0,+25.2,+33.7,+16.5,+15.6,+14.9,+14.0,+13.5,+13.8
2024-07-21 16:50,1,+19.9,+25.2,+33.7,+16.6,+15.8,+14.9,+14.0,+13.5,+13.6
2024-07-21 17:50,1,+19.9,+25.1,+33.6,+16.8,+15.8,+15.0,+13.9,+13.5,+13.8
2024-07-21 18:50,1,+19.9,+25.1,+33.6,+16.8,+15.9,+15.0,+14.0,+13.5,+13.8
2024-07-21 19:50,1,+19.8,+25.1,+33.6,+16.8,+15.9,+15.1,+14.0,+13.5,+13.8
2024-07-21 20:50,1,+19.8,+25.0,+33.6,+16.8,+15.9,+15.1,+14.0,+13.5,+13.8
2024-07-21 21:50,1,+19.7,+25.0,+33.5,+16.8,+16.0,+15.1,+14.1,+13.5,+13.8
2024-07-21 22:50,1,+19.7,+25.0,+33.5,+16.5,+15.9,+15.1,+14.0,+13.5,+13.8
2024-07-21 23:50,1,+19.7,+25.0,+33.5,+16.5,+15.9,+15.1,+14.1,+13.6,+13.9
2024-07-22 00:50,1,+19.7,+24.9,+33.5,+16.4,+15.9,+15.3,+14.1,+13.6,+13.9
2024-07-22 01:50,1,+19.7,+24.9,+33.5,+16.4,+15.9,+15.3,+14.1,+13.6,+13.9
2024-07-22 02:50,1,+19.6,+24.9,+33.5,+16.3,+15.8,+15.1,+14.1,+13.6,+13.9
2024-07-22 03:50,1,+19.6,+24.9,+33.5,+16.1,+15.8,+15.1,+14.1,+13.6,+13.8
2024-07-22 04:50,1,+19.6,+24.9,+33.5,+16.0,+15.8,+15.1,+14.1,+13.6,+13.9
2024-07-22 05:50,1,+19.6,+24.9,+33.5,+15.9,+15.6,+15.1,+14.1,+13.8,+13.9
2024-07-22 06:50,1,+19.6,+24.8,+33.5,+15.9,+15.5,+15.0,+14.1,+13.8,+13.9
2024-07-22 07:50,1,+19.5,+24.8,+33.5,+15.8,+15.5,+15.0,+14.1,+13.6,+13.9
2024-07-22 08:50,1,+19.5,+24.8,+33.5,+15.8,+15.4,+15.0,+14.1,+13.6,+13.9
2024-07-22 09:50,1,+19.5,+24.8,+33.5,+15.9,+15.4,+15.0,+14.1,+13.6,+13.9
2024-07-22 10:50,1,+19.5,+24.8,+33.5,+15.9,+15.5,+15.0,+14.1,+13.6,+13.9
2024-07-22 11:50,1,+19.5,+24.8,+33.4,+15.9,+15.5,+15.0,+14.1,+13.6,+13.9
2024-07-22 12:50,1,+19.5,+24.8,+33.4,+16.0,+15.5,+15.0,+14.0,+13.6,+13.9
2024-07-22 13:50,1,+19.4,+24.8,+33.4,+16.0,+15.5,+15.0,+14.1,+13.6,+13.9
2024-07-22 14:50,1,+19.4,+24.7,+33.4,+16.1,+15.5,+15.0,+14.1,+13.6,+13.9
2024-07-22 15:50,1,+19.3,+24.7,+33.4,+16.1,+15.5,+15.0,+14.1,+13.6,+13.9
2024-07-22 16:50,1,+19.3,+24.7,+33.4,+16.3,+15.5,+15.0,+14.1,+13.6,+13.9
2024-07-22 17:50,1,+19.3,+24.6,+33.3,+16.4,+15.6,+15.0,+14.0,+13.6,+13.9
2024-07-22 18:50,1,+19.3,+24.6,+33.3,+16.4,+15.6,+15.0,+14.0,+13.6,+13.9
2024-07-22 19:50,1,+19.2,+24.6,+33.3,+16.4,+15.8,+15.1,+14.0,+13.6,+13.9
2024-07-22 20:50,1,+19.2,+24.6,+33.3,+16.4,+15.8,+15.1,+14.1,+13.6,+13.9
2024-07-22 21:50,1,+19.2,+24.5,+33.3,+16.3,+15.8,+15.1,+14.1,+13.8,+13.9
2024-07-22 22:50,1,+19.2,+24.5,+33.3,+16.1,+15.6,+15.1,+14.1,+13.6,+13.9
2024-07-22 23:50,1,+19.1,+24.5,+33.3,+16.1,+15.6,+15.1,+14.1,+13.6,+13.9
2024-07-23 00:50,1,+19.1,+24.5,+33.3,+16.0,+15.6,+15.1,+14.1,+13.8,+13.9
2024-07-23 01:50,1,+19.2,+24.5,+33.3,+16.0,+15.6,+15.0,+14.1,+13.8,+13.9
2024-07-23 02:50,1,+19.2,+24.5,+33.3,+16.0,+15.5,+15.0,+14.1,+13.6,+13.9
2024-07-23 03:50,1,+19.2,+24.5,+33.3,+15.9,+15.5,+15.0,+14.1,+13.6,+13.9
2024-07-23 04:50,1,+19.3,+24.5,+33.3,+15.8,+15.5,+15.0,+14.1,+13.8,+13.9
2024-07-23 05:50,1,+19.5,+24.5,+33.3,+15.8,+15.4,+15.0,+14.1,+13.8,+13.9
2024-07-23 06:50,1,+19.4,+24.4,+33.3,+15.6,+15.4,+15.0,+14.1,+13.8,+14.0
2024-07-23 07:50,1,+19.7,+24.4,+33.3,+15.5,+15.3,+14.9,+14.1,+13.8,+13.9
2024-07-23 08:50,1,+19.5,+24.4,+33.2,+15.5,+15.3,+14.9,+14.1,+13.6,+13.9
2024-07-23 09:50,1,+19.7,+24.4,+33.2,+15.5,+15.3,+14.9,+14.1,+13.6,+13.9
2024-07-23 10:50,1,+19.3,+24.4,+33.2,+15.6,+15.3,+14.8,+14.0,+13.8,+13.9
2024-07-23 11:50,1,+19.4,+24.4,+33.2,+15.6,+15.3,+14.9,+14.1,+13.6,+13.9
2024-07-23 12:50,1,+19.3,+24.4,+33.2,+15.8,+15.3,+14.8,+14.0,+13.6,+13.9
2024-07-23 13:50,1,+19.3,+24.4,+33.2,+15.8,+15.3,+14.9,+14.0,+13.6,+13.9
2024-07-23 14:50,1,+19.4,+24.4,+33.2,+16.0,+15.4,+14.9,+14.0,+13.6,+13.9
2024-07-23 15:50,1,+19.4,+24.3,+33.1,+16.0,+15.4,+14.9,+14.0,+13.6,+13.9
2024-07-23 16:50,1,+19.3,+24.3,+33.1,+16.0,+15.4,+14.9,+14.0,+13.6,+13.9
2024-07-23 17:50,1,+19.3,+24.3,+33.1,+16.0,+15.5,+14.9,+14.0,+13.6,+13.9
2024-07-23 18:50,1,+19.3,+24.3,+33.1,+16.0,+15.5,+14.9,+14.0,+13.6,+13.9
2024-07-23 19:50,1,+19.4,+24.3,+33.1,+16.0,+15.5,+14.9,+14.0,+13.6,+13.9
2024-07-23 20:50,1,+19.6,+24.3,+33.1,+15.9,+15.5,+15.0,+14.0,+13.6,+13.9
2024-07-23 21:50,1,+19.4,+24.3,+33.1,+15.9,+15.5,+15.0,+14.0,+13.6,+13.9
2024-07-23 22:50,1,+19.5,+24.3,+33.1,+15.9,+15.5,+15.0,+14.1,+13.6,+13.9
2024-07-23 23:50,1,+19.4,+24.3,+33.1,+15.8,+15.4,+15.0,+14.0,+13.6,+13.9
2024-07-24 00:50,1,+19.5,+24.3,+33.1,+15.6,+15.4,+14.9,+14.0,+13.6,+13.9
2024-07-24 01:50,1,+19.5,+24.3,+33.1,+15.5,+15.3,+14.9,+14.0,+13.8,+13.9
2024-07-24 02:50,1,+19.4,+24.2,+33.1,+15.4,+15.3,+14.9,+14.0,+13.6,+13.9
2024-07-24 03:50,1,+19.4,+24.2,+33.1,+15.3,+15.1,+14.9,+14.0,+13.6,+13.9
2024-07-24 04:50,1,+19.4,+24.2,+33.1,+15.0,+15.1,+14.8,+14.0,+13.6,+13.9
2024-07-24 05:50,1,+19.4,+24.2,+33.1,+14.9,+14.9,+14.8,+14.0,+13.6,+13.9
2024-07-24 06:50,1,+19.4,+24.2,+33.1,+14.8,+14.9,+14.6,+14.0,+13.6,+13.9
2024-07-24 07:50,1,+19.3,+24.2,+33.1,+14.6,+14.8,+14.6,+14.0,+13.6,+13.9
2024-07-24 08:50,1,+19.3,+24.2,+33.0,+14.6,+14.6,+14.6,+13.9,+13.6,+13.9
2024-07-24 09:50,1,+19.3,+24.2,+33.0,+14.6,+14.6,+14.5,+13.9,+13.6,+13.9
2024-07-24 10:50,1,+19.3,+24.2,+33.0,+14.8,+14.6,+14.5,+13.9,+13.6,+13.9
2024-07-24 11:50,1,+19.3,+24.1,+33.0,+15.0,+14.6,+14.5,+13.9,+13.6,+13.9
2024-07-24 12:50,1,+19.2,+24.1,+33.0,+15.1,+14.6,+14.5,+13.8,+13.6,+13.9
2024-07-24 13:50,1,+19.1,+24.1,+32.9,+15.3,+14.8,+14.4,+13.8,+13.5,+13.9
2024-07-24 14:50,1,+19.1,+24.0,+32.9,+15.5,+14.9,+14.5,+13.8,+13.5,+13.8
2024-07-24 15:50,1,+19.1,+24.0,+32.9,+15.6,+15.0,+14.5,+13.8,+13.5,+13.9
2024-07-24 16:50,1,+19.1,+24.0,+32.8,+15.8,+15.1,+14.6,+13.8,+13.5,+13.8
2024-07-24 17:50,1,+19.0,+24.0,+32.8,+15.9,+15.1,+14.6,+13.8,+13.5,+13.8
2024-07-24 18:50,1,+19.0,+23.9,+32.8,+15.9,+15.3,+14.6,+13.9,+13.5,+13.8
2024-07-24 19:50,1,+18.9,+23.9,+32.8,+15.9,+15.3,+14.6,+13.9,+13.5,+13.8
2024-07-24 20:50,1,+18.9,+23.9,+32.8,+15.9,+15.4,+14.8,+13.9,+13.5,+13.8
2024-07-24 21:50,1,+18.9,+23.9,+32.8,+15.8,+15.4,+14.8,+13.9,+13.5,+13.8
2024-07-24 22:50,1,+18.9,+23.9,+32.7,+15.6,+15.3,+14.8,+13.9,+13.5,+13.8
2024-07-24 23:50,1,+18.9,+23.9,+32.7,+15.5,+15.3,+14.8,+13.9,+13.5,+13.8
2024-07-25 00:50,1,+18.8,+23.8,+32.7,+15.4,+15.1,+14.8,+13.9,+13.5,+13.9
2024-07-25 01:50,1,+18.8,+23.8,+32.7,+15.3,+15.1,+14.8,+13.9,+13.5,+13.8
2024-07-25 02:50,1,+18.8,+23.8,+32.7,+15.1,+15.0,+14.6,+13.9,+13.5,+13.8
2024-07-25 03:50,1,+18.7,+23.8,+32.7,+15.0,+14.9,+14.6,+13.9,+13.5,+13.8
2024-07-25 04:50,1,+18.7,+23.8,+32.7,+14.9,+14.9,+14.6,+13.9,+13.5,+13.8
2024-07-25 05:50,1,+18.7,+23.8,+32.7,+14.8,+14.8,+14.5,+13.9,+13.5,+13.8
2024-07-25 06:50,1,+18.7,+23.8,+32.6,+14.6,+14.6,+14.5,+13.9,+13.5,+13.8
2024-07-25 07:50,1,+18.7,+23.7,+32.6,+14.5,+14.6,+14.5,+13.8,+13.5,+13.8
2024-07-25 08:50,1,+18.7,+23.7,+32.6,+14.5,+14.5,+14.5,+13.8,+13.5,+13.8
2024-07-25 09:50,1,+18.6,+23.7,+32.6,+14.6,+14.5,+14.4,+13.8,+13.5,+13.8
2024-07-25 10:50,1,+18.6,+23.7,+32.6,+14.8,+14.5,+14.4,+13.8,+13.5,+13.8
2024-07-25 11:50,1,+18.5,+23.7,+32.6,+15.0,+14.5,+14.3,+13.8,+13.5,+13.8
2024-07-25 12:50,1,+18.5,+23.6,+32.6,+15.1,+14.6,+14.3,+13.6,+13.5,+13.8
2024-07-25 13:50,1,+18.5,+23.6,+32.5,+15.5,+14.8,+14.4,+13.6,+13.4,+13.8
2024-07-25 14:50,1,+18.5,+23.6,+32.5,+15.8,+14.9,+14.4,+13.6,+13.4,+13.8
2024-07-25 15:50,1,+18.4,+23.5,+32.4,+15.9,+15.0,+14.4,+13.6,+13.5,+13.8
2024-07-25 16:50,1,+18.4,+23.5,+32.4,+16.0,+15.1,+14.5,+13.6,+13.4,+13.8
2024-07-25 17:50,1,+18.3,+23.4,+32.4,+16.1,+15.4,+14.5,+13.8,+13.4,+13.8
2024-07-25 18:50,1,+18.3,+23.4,+32.3,+16.1,+15.4,+14.6,+13.8,+13.4,+13.6
2024-07-25 19:50,1,+18.2,+23.4,+32.3,+16.1,+15.4,+14.6,+13.8,+13.5,+13.8
2024-07-25 20:50,1,+18.2,+23.4,+32.3,+16.1,+15.5,+14.8,+13.8,+13.5,+13.8
2024-07-25 21:50,1,+18.2,+23.3,+32.3,+16.0,+15.5,+14.8,+13.9,+13.4,+13.8
2024-07-25 22:50,1,+18.2,+23.3,+32.3,+16.0,+15.4,+14.9,+13.9,+13.4,+13.8
2024-07-25 23:50,1,+18.2,+23.3,+32.3,+15.9,+15.4,+14.9,+13.9,+13.5,+13.8
2024-07-26 00:50,1,+18.1,+23.3,+32.3,+15.8,+15.4,+14.8,+13.9,+13.5,+13.8
2024-07-26 01:50,1,+18.1,+23.3,+32.2,+15.6,+15.4,+14.8,+13.9,+13.5,+13.8
2024-07-26 02:50,1,+18.1,+23.3,+32.2,+15.6,+15.3,+14.8,+13.9,+13.5,+13.8
2024-07-26 03:50,1,+18.0,+23.3,+32.2,+15.5,+15.3,+14.8,+13.9,+13.5,+13.8
2024-07-26 04:50,1,+18.0,+23.2,+32.2,+15.4,+15.1,+14.8,+13.9,+13.5,+13.8
2024-07-26 05:50,1,+18.0,+23.2,+32.2,+15.4,+15.1,+14.8,+13.9,+13.5,+13.8
2024-07-26 06:50,1,+18.0,+23.2,+32.2,+15.3,+15.0,+14.6,+13.9,+13.6,+13.8
2024-07-26 07:50,1,+18.0,+23.2,+32.2,+15.3,+15.0,+14.6,+13.9,+13.5,+13.8
2024-07-26 08:50,1,+18.0,+23.2,+32.2,+15.4,+15.0,+14.6,+13.9,+13.5,+13.8
2024-07-26 09:50,1,+18.0,+23.2,+32.2,+15.5,+15.0,+14.6,+13.9,+13.5,+13.8
2024-07-26 10:50,1,+17.9,+23.2,+32.1,+15.5,+15.0,+14.6,+13.9,+13.5,+13.8
2024-07-26 11:50,1,+17.9,+23.2,+32.1,+15.8,+15.1,+14.6,+13.9,+13.5,+13.8
2024-07-26 12:50,1,+17.9,+23.1,+32.1,+16.0,+15.1,+14.6,+13.9,+13.5,+13.8
2024-07-26 13:50,1,+17.9,+23.1,+32.1,+16.3,+15.4,+14.8,+13.9,+13.5,+13.8
2024-07-26 14:50,1,+17.9,+23.1,+32.1,+16.5,+15.5,+14.8,+13.9,+13.5,+13.8
2024-07-26 15:50,1,+17.8,+23.0,+32.0,+16.8,+15.6,+14.9,+13.9,+13.5,+13.8
2024-07-26 16:50,1,+17.8,+23.0,+32.0,+16.9,+15.8,+14.9,+13.9,+13.5,+13.8
2024-07-26 17:50,1,+17.8,+23.0,+31.9,+17.1,+15.9,+15.0,+13.9,+13.5,+13.8
2024-07-26 18:50,1,+17.8,+23.0,+31.9,+17.1,+16.0,+15.1,+14.0,+13.6,+13.8
2024-07-26 19:50,1,+17.8,+23.0,+31.9,+17.3,+16.1,+15.1,+14.0,+13.6,+13.9
2024-07-26 20:50,1,+17.7,+23.0,+31.9,+17.3,+16.3,+15.3,+14.1,+13.6,+13.8
2024-07-26 21:50,1,+17.7,+22.9,+31.9,+17.3,+16.3,+15.4,+14.1,+13.6,+13.8
2024-07-26 22:50,1,+17.7,+22.9,+31.9,+17.1,+16.3,+15.4,+14.1,+13.6,+13.9
2024-07-26 23:50,1,+17.7,+22.9,+31.9,+17.1,+16.3,+15.4,+14.3,+13.8,+13.9
2024-07-27 00:50,1,+17.7,+22.9,+31.9,+17.0,+16.3,+15.4,+14.3,+13.8,+13.9
2024-07-27 01:50,1,+17.7,+22.9,+31.8,+17.0,+16.3,+15.4,+14.3,+13.8,+13.9
2024-07-27 02:50,1,+17.6,+22.9,+31.8,+17.0,+16.3,+15.5,+14.3,+13.8,+13.9
2024-07-27 03:50,1,+17.6,+22.9,+31.8,+17.0,+16.3,+15.4,+14.3,+13.8,+14.0
2024-07-27 04:50,1,+17.6,+22.9,+31.8,+16.9,+16.3,+15.5,+14.3,+13.8,+14.0
2024-07-27 05:50,1,+17.6,+22.9,+31.8,+16.9,+16.3,+15.5,+14.4,+13.8,+14.0
2024-07-27 06:50,1,+17.6,+22.9,+31.8,+16.9,+16.3,+15.5,+14.4,+13.9,+14.0
2024-07-27 07:50,1,+17.6,+22.9,+31.8,+16.9,+16.1,+15.5,+14.4,+13.9,+14.0
2024-07-27 08:50,1,+17.6,+22.9,+31.8,+16.9,+16.3,+15.5,+14.4,+13.9,+14.0
2024-07-27 09:50,1,+17.6,+22.9,+31.8,+17.0,+16.3,+15.5,+14.4,+13.9,+14.1
2024-07-27 10:50,1,+17.6,+22.9,+31.8,+17.1,+16.3,+15.5,+14.4,+13.9,+14.1
2024-07-27 11:50,1,+17.6,+22.9,+31.8,+17.4,+16.4,+15.5,+14.4,+13.9,+14.1
2024-07-27 12:50,1,+17.5,+22.8,+31.7,+17.6,+16.5,+15.5,+14.4,+13.9,+14.1
2024-07-27 13:50,1,+17.5,+22.8,+31.7,+17.9,+16.6,+15.6,+14.5,+13.9,+14.1
2024-07-27 14:50,1,+17.4,+22.7,+31.6,+18.1,+16.8,+15.6,+14.5,+14.0,+14.1
2024-07-27 15:50,1,+17.4,+22.7,+31.6,+18.3,+16.9,+15.8,+14.6,+14.0,+14.1
2024-07-27 16:50,1,+17.3,+22.6,+31.5,+18.4,+17.0,+15.9,+14.5,+14.0,+14.1
2024-07-27 17:50,1,+17.3,+22.6,+31.4,+18.5,+17.1,+15.9,+14.6,+14.0,+14.1
2024-07-27 18:50,1,+17.2,+22.6,+31.4,+18.5,+17.3,+16.0,+14.6,+14.0,+14.3
2024-07-27 19:50,1,+17.2,+22.5,+31.3,+18.5,+17.4,+16.1,+14.8,+14.0,+14.3
2024-07-27 20:50,1,+17.2,+22.5,+31.3,+18.4,+17.4,+16.1,+14.8,+14.1,+14.3
2024-07-27 21:50,1,+17.2,+22.5,+31.3,+18.3,+17.4,+16.3,+14.8,+14.1,+14.3
2024-07-27 22:50,1,+17.1,+22.5,+31.3,+18.3,+17.3,+16.3,+14.9,+14.1,+14.4
2024-07-27 23:50,1,+17.1,+22.4,+31.2,+18.1,+17.3,+16.3,+14.9,+14.1,+14.4
2024-07-28 00:50,1,+17.1,+22.4,+31.2,+18.1,+17.3,+16.3,+15.0,+14.3,+14.4
2024-07-28 01:50,1,+17.1,+22.4,+31.2,+18.0,+17.3,+16.3,+14.9,+14.3,+14.5
2024-07-28 02:50,1,+17.1,+22.4,+31.2,+17.9,+17.1,+16.3,+15.0,+14.3,+14.4
2024-07-28 03:50,1,+17.0,+22.4,+31.2,+17.9,+17.1,+16.3,+15.0,+14.3,+14.5
2024-07-28 04:50,1,+17.0,+22.4,+31.2,+17.8,+17.1,+16.3,+15.0,+14.4,+14.5
2024-07-28 05:50,1,+17.0,+22.4,+31.2,+17.8,+17.0,+16.3,+15.0,+14.4,+14.5
2024-07-28 06:50,1,+17.0,+22.4,+31.2,+17.8,+17.0,+16.3,+15.0,+14.4,+14.5
2024-07-28 07:50,1,+17.0,+22.4,+31.2,+17.6,+17.0,+16.3,+15.0,+14.4,+14.5
2024-07-28 08:50,1,+17.0,+22.4,+31.2,+17.8,+17.0,+16.3,+15.0,+14.4,+14.6
2024-07-28 09:50,1,+17.0,+22.4,+31.2,+17.9,+17.0,+16.3,+15.0,+14.4,+14.5
2024-07-28 10:50,1,+16.9,+22.4,+31.1,+17.9,+17.0,+16.3,+15.0,+14.4,+14.6
2024-07-28 11:50,1,+17.0,+22.3,+31.1,+18.0,+17.0,+16.3,+15.0,+14.4,+14.5
2024-07-28 12:50,1,+17.0,+22.3,+31.1,+18.0,+17.1,+16.3,+15.0,+14.5,+14.6
2024-07-28 13:50,1,+17.0,+22.3,+31.1,+18.1,+17.1,+16.3,+15.0,+14.4,+14.6
2024-07-28 14:50,1,+17.0,+22.3,+31.1,+18.1,+17.3,+16.4,+15.1,+14.5,+14.6
2024-07-28 15:50,1,+17.0,+22.3,+31.1,+18.1,+17.3,+16.3,+15.1,+14.5,+14.6
2024-07-28 16:50,1,+17.0,+22.3,+31.1,+18.3,+17.3,+16.4,+15.1,+14.5,+14.6
2024-07-28 17:50,1,+17.0,+22.3,+31.1,+18.4,+17.4,+16.4,+15.1,+14.5,+14.6
2024-07-28 18:50,1,+17.0,+22.3,+31.0,+18.4,+17.4,+16.4,+15.1,+14.5,+14.6
2024-07-28 19:50,1,+17.0,+22.3,+31.0,+18.3,+17.4,+16.4,+15.1,+14.5,+14.6
2024-07-28 20:50,1,+17.0,+22.3,+31.0,+18.3,+17.4,+16.5,+15.3,+14.5,+14.8
2024-07-28 21:50,1,+17.0,+22.3,+31.0,+18.1,+17.4,+16.5,+15.3,+14.6,+14.8
2024-07-28 22:50,1,+17.0,+22.3,+31.0,+18.0,+17.4,+16.5,+15.3,+14.6,+14.8
2024-07-28 23:50,1,+17.0,+22.3,+31.0,+17.9,+17.3,+16.5,+15.3,+14.6,+14.8
2024-07-29 00:50,1,+17.1,+22.3,+31.0,+17.9,+17.3,+16.4,+15.3,+14.6,+14.8
2024-07-29 01:50,1,+17.0,+22.3,+31.0,+17.8,+17.1,+16.4,+15.3,+14.6,+14.8
2024-07-29 02:50,1,+17.1,+22.3,+31.0,+17.6,+17.1,+16.4,+15.3,+14.6,+14.8
2024-07-29 03:50,1,+17.0,+22.3,+31.0,+17.6,+17.0,+16.4,+15.3,+14.6,+14.8
2024-07-29 04:50,1,+17.0,+22.3,+31.0,+17.6,+17.0,+16.4,+15.3,+14.6,+14.8
2024-07-29 05:50,1,+17.0,+22.3,+31.0,+17.5,+17.0,+16.4,+15.3,+14.6,+14.8
2024-07-29 06:50,1,+17.0,+22.3,+31.0,+17.4,+17.0,+16.3,+15.3,+14.6,+14.9
2024-07-29 07:50,1,+17.0,+22.3,+31.0,+17.4,+16.9,+16.3,+15.3,+14.6,+14.9
2024-07-29 08:50,1,+17.0,+22.3,+31.0,+17.5,+16.9,+16.3,+15.3,+14.6,+14.9
2024-07-29 09:50,1,+17.0,+22.3,+31.0,+17.4,+16.9,+16.3,+15.3,+14.6,+14.9
2024-07-29 10:50,1,+17.0,+22.3,+31.0,+17.5,+16.9,+16.3,+15.3,+14.6,+14.9
2024-07-29 11:50,1,+17.0,+22.3,+30.9,+17.6,+16.9,+16.3,+15.3,+14.8,+14.9
2024-07-29 12:50,1,+16.9,+22.2,+30.9,+17.8,+16.9,+16.3,+15.1,+14.8,+14.8
2024-07-29 13:50,1,+16.9,+22.2,+30.8,+18.0,+17.0,+16.3,+15.1,+14.6,+14.8
2024-07-29 14:50,1,+16.9,+22.1,+30.7,+18.1,+17.1,+16.4,+15.1,+14.6,+14.9
2024-07-29 15:50,1,+16.8,+22.1,+30.7,+18.1,+17.3,+16.4,+15.3,+14.6,+14.9
2024-07-29 16:50,1,+16.8,+22.1,+30.6,+18.3,+17.3,+16.4,+15.3,+14.6,+14.9
2024-07-29 17:50,1,+16.7,+22.0,+30.5,+18.3,+17.4,+16.5,+15.3,+14.6,+14.9
2024-07-29 18:50,1,+16.7,+22.0,+30.5,+18.3,+17.4,+16.5,+15.3,+14.6,+14.9
2024-07-29 19:50,1,+16.6,+22.0,+30.5,+18.3,+17.4,+16.5,+15.3,+14.6,+14.9
2024-07-29 20:50,1,+16.6,+21.9,+30.4,+18.1,+17.4,+16.5,+15.4,+14.8,+14.9
2024-07-29 21:50,1,+16.6,+21.9,+30.4,+18.0,+17.4,+16.5,+15.4,+14.8,+14.9
2024-07-29 22:50,1,+16.5,+21.9,+30.4,+17.9,+17.3,+16.5,+15.4,+14.8,+14.9
2024-07-29 23:50,1,+16.5,+21.9,+30.3,+17.6,+17.3,+16.5,+15.4,+14.8,+15.0
2024-07-30 00:50,1,+16.5,+21.9,+30.3,+17.5,+17.1,+16.5,+15.4,+14.8,+14.9
2024-07-30 01:50,1,+16.5,+21.9,+30.3,+17.3,+17.0,+16.5,+15.4,+14.8,+14.9
2024-07-30 02:50,1,+16.4,+21.9,+30.3,+17.3,+17.0,+16.4,+15.4,+14.9,+15.0
2024-07-30 03:50,1,+16.4,+21.9,+30.3,+17.1,+16.9,+16.4,+15.4,+14.9,+15.0
2024-07-30 04:50,1,+16.4,+21.9,+30.3,+17.0,+16.8,+16.3,+15.3,+14.8,+15.0
2024-07-30 05:50,1,+16.4,+21.8,+30.3,+17.0,+16.8,+16.3,+15.4,+14.8,+15.0
2024-07-30 06:50,1,+17.9,+21.9,+30.3,+17.0,+16.6,+16.3,+15.3,+14.8,+15.0
2024-07-30 07:50,1,+17.8,+21.9,+30.3,+16.9,+16.6,+16.1,+15.3,+14.8,+15.0
2024-07-30 08:50,1,+17.9,+21.9,+30.3,+17.0,+16.6,+16.1,+15.3,+14.8,+15.0
2024-07-30 09:50,1,+17.9,+21.9,+30.3,+16.9,+16.6,+16.1,+15.3,+14.8,+15.0
2024-07-30 10:50,1,+18.0,+21.9,+30.3,+17.0,+16.5,+16.1,+15.3,+14.8,+15.0
2024-07-30 11:50,1,+18.0,+21.9,+30.3,+17.1,+16.6,+16.1,+15.1,+14.8,+15.0
2024-07-30 12:50,1,+18.0,+21.9,+30.3,+17.3,+16.6,+16.1,+15.1,+14.8,+15.0
2024-07-30 13:50,1,+18.0,+21.9,+30.3,+17.5,+16.8,+16.0,+15.1,+14.6,+14.9
2024-07-30 14:50,1,+18.0,+21.9,+30.2,+17.6,+16.9,+16.1,+15.1,+14.8,+15.0
2024-07-30 15:50,1,+18.0,+21.9,+30.2,+17.8,+16.9,+16.3,+15.1,+14.6,+14.9
2024-07-30 16:50,1,+17.9,+21.9,+30.1,+18.0,+17.0,+16.3,+15.3,+14.6,+14.9
2024-07-30 17:50,1,+17.9,+21.9,+30.1,+18.1,+17.1,+16.3,+15.1,+14.8,+15.0
2024-07-30 18:50,1,+17.9,+21.9,+30.1,+18.1,+17.3,+16.4,+15.3,+14.8,+14.9
2024-07-30 19:50,1,+17.9,+21.9,+30.1,+18.1,+17.3,+16.4,+15.3,+14.8,+15.0
2024-07-30 20:50,1,+17.9,+21.9,+30.0,+18.0,+17.3,+16.4,+15.3,+14.8,+15.0
2024-07-30 21:50,1,+17.9,+21.9,+30.0,+17.9,+17.3,+16.4,+15.3,+14.8,+15.0
2024-07-30 22:50,1,+17.9,+21.9,+30.0,+17.9,+17.3,+16.5,+15.4,+14.8,+15.0
2024-07-30 23:50,1,+17.8,+21.9,+30.0,+17.8,+17.3,+16.4,+15.4,+14.8,+15.0
2024-07-31 00:50,1,+17.8,+21.9,+30.0,+17.6,+17.1,+16.5,+15.4,+14.8,+15.0
2024-07-31 01:50,1,+17.8,+21.9,+30.0,+17.5,+17.1,+16.4,+15.4,+14.8,+15.0
2024-07-31 02:50,1,+17.8,+21.9,+30.0,+17.4,+17.0,+16.5,+15.4,+14.9,+15.0
2024-07-31 03:50,1,+17.8,+21.9,+30.0,+17.4,+17.0,+16.4,+15.4,+14.9,+15.0
2024-07-31 04:50,1,+17.8,+21.9,+30.0,+17.3,+16.9,+16.4,+15.4,+14.9,+15.0
2024-07-31 05:50,1,+17.8,+21.9,+30.0,+17.1,+16.9,+16.4,+15.4,+14.9,+15.0
2024-07-31 06:50,1,+17.7,+21.9,+30.0,+17.0,+16.8,+16.3,+15.4,+14.9,+15.0
2024-07-31 07:50,1,+17.7,+22.0,+30.0,+17.0,+16.6,+16.3,+15.3,+14.9,+15.0
2024-07-31 08:50,1,+17.7,+21.9,+30.0,+17.0,+16.6,+16.3,+15.3,+14.9,+15.0
2024-07-31 09:50,1,+17.7,+21.9,+30.0,+17.0,+16.6,+16.3,+15.3,+14.8,+15.0
2024-07-31 10:50,1,+17.7,+21.9,+30.0,+17.3,+16.6,+16.1,+15.3,+14.9,+15.0
2024-07-31 11:50,1,+17.6,+21.9,+30.0,+17.5,+16.8,+16.1,+15.3,+14.9,+15.0
2024-07-31 12:50,1,+17.6,+21.9,+30.0,+17.6,+16.9,+16.1,+15.3,+14.8,+15.0
2024-07-31 13:50,1,+17.6,+21.9,+29.9,+17.9,+17.0,+16.3,+15.3,+14.8,+15.0
2024-07-31 14:50,1,+17.6,+21.9,+29.9,+18.3,+17.1,+16.3,+15.3,+14.8,+15.0
2024-07-31 15:50,1,+17.6,+21.9,+29.9,+18.4,+17.3,+16.4,+15.3,+14.8,+15.0
2024-07-31 16:50,1,+20.9,+24.5,+29.9,+18.6,+17.5,+16.5,+15.4,+14.8,+15.0
2024-07-31 17:50,1,+19.1,+22.4,+30.1,+18.5,+17.5,+16.5,+15.3,+14.9,+15.0
2024-07-31 18:50,1,+19.0,+22.3,+30.0,+18.4,+17.6,+16.6,+15.4,+14.9,+15.0
2024-07-31 19:50,1,+19.0,+22.2,+30.0,+18.3,+17.5,+16.6,+15.4,+14.9,+15.0
2024-07-31 20:50,1,+19.0,+22.2,+30.0,+18.0,+17.5,+16.6,+15.4,+14.9,+15.0
2024-07-31 21:50,1,+19.0,+22.2,+30.0,+18.0,+17.4,+16.6,+15.5,+14.9,+15.0
2024-07-31 22:50,1,+18.9,+22.2,+30.0,+17.9,+17.4,+16.6,+15.5,+14.9,+15.0
2024-07-31 23:50,1,+18.9,+22.2,+30.0,+17.8,+17.4,+16.6,+15.5,+14.9,+15.1
2024-08-01 00:50,1,+18.9,+22.2,+30.0,+17.6,+17.3,+16.5,+15.5,+14.9,+15.1
2024-08-01 01:50,1,+18.9,+22.3,+30.0,+17.6,+17.1,+16.5,+15.5,+15.0,+15.1
2024-08-01 02:50,1,+18.9,+22.3,+30.0,+17.5,+17.1,+16.5,+15.5,+15.0,+15.1
2024-08-01 03:50,1,+18.9,+22.3,+30.0,+17.4,+17.0,+16.5,+15.5,+15.0,+15.1
2024-08-01 04:50,1,+18.9,+22.3,+30.0,+17.3,+17.0,+16.4,+15.5,+15.0,+15.1
2024-08-01 05:50,1,+18.9,+22.3,+30.0,+17.3,+16.9,+16.4,+15.5,+15.0,+15.1
2024-08-01 06:50,1,+18.9,+22.3,+30.0,+17.1,+16.9,+16.4,+15.4,+15.0,+15.1
2024-08-01 07:50,1,+18.9,+22.3,+30.0,+17.1,+16.8,+16.4,+15.5,+15.0,+15.1
2024-08-01 08:50,1,+18.8,+22.3,+30.0,+17.1,+16.8,+16.4,+15.4,+14.9,+15.1
2024-08-01 09:50,1,+18.8,+22.3,+30.0,+17.1,+16.8,+16.4,+15.4,+15.0,+15.1
2024-08-01 10:50,1,+18.8,+22.3,+30.0,+17.3,+16.8,+16.3,+15.4,+14.9,+15.1
2024-08-01 11:50,1,+18.8,+22.3,+30.0,+17.3,+16.8,+16.3,+15.4,+14.9,+15.1
2024-08-01 12:50,1,+18.8,+22.3,+30.0,+17.4,+16.9,+16.3,+15.4,+14.9,+15.1