
2022-10-21 17:09,0,+8.7,+10.2,+11.4,+12.6,+13.6,+13.8,+11.8,+11.5,+10.7
2022-10-21 18:09,0,+8.3,+10.7,+21.6,+7.5,+7.5,+7.5,+7.3,+7.6,+7.6
2022-10-21 19:09,0,+8.4,+11.8,+28.0,+7.3,+7.5,+7.5,+7.3,+7.6,+7.6
2022-10-21 20:09,0,+8.5,+19.3,+29.5,+7.3,+7.5,+7.5,+7.3,+7.6,+7.6
2022-10-21 21:09,0,+8.5,+21.7,+29.8,+7.2,+7.3,+7.6,+7.3,+7.7,+7.6
2022-10-21 22:09,0,+8.6,+21.8,+29.9,+7.2,+7.3,+7.6,+7.3,+7.7,+7.6
2022-10-21 23:09,0,+8.6,+21.9,+30.0,+7.1,+7.3,+7.6,+7.5,+7.7,+7.6
2022-10-22 00:09,0,+8.6,+21.8,+30.1,+7.1,+7.3,+7.6,+7.5,+7.7,+7.6
2022-10-22 01:09,0,+8.6,+21.7,+30.1,+7.1,+7.3,+7.6,+7.5,+7.7,+7.7
2022-10-22 02:09,0,+8.7,+21.6,+30.1,+7.1,+7.3,+7.6,+7.6,+7.7,+7.7
2022-10-22 03:09,0,+8.7,+21.4,+30.2,+7.1,+7.3,+7.6,+7.5,+7.8,+7.7
2022-10-22 04:09,0,+8.7,+21.2,+30.2,+7.1,+7.3,+7.6,+7.6,+7.8,+7.7
2022-10-22 05:09,0,+8.7,+21.2,+30.2,+7.1,+7.3,+7.7,+7.6,+7.8,+7.7
2022-10-22 06:09,0,+8.8,+20.8,+30.2,+7.0,+7.3,+7.7,+7.6,+7.8,+7.7
2022-10-22 07:09,0,+8.8,+19.4,+30.2,+7.0,+7.3,+7.7,+7.6,+7.8,+7.8
2022-10-22 08:09,0,+9.0,+19.3,+30.2,+6.8,+7.3,+7.7,+7.6,+7.8,+7.7
2022-10-22 09:09,0,+9.0,+19.6,+30.2,+6.8,+7.3,+7.7,+7.6,+7.8,+7.8
2022-10-22 09:47,0,+8.9,+20.8,+30.3,+6.8,+7.3,+7.6,+7.6,+7.8,+7.8
2022-10-22 10:47,0,+8.9,+22.0,+30.3,+7.0,+7.3,+7.7,+7.6,+8.0,+7.7
2022-10-22 11:47,0,+8.9,+22.0,+30.3,+7.1,+7.3,+7.7,+7.6,+8.0,+7.8
2022-10-22 12:47,0,+8.9,+22.0,+30.3,+7.2,+7.3,+7.7,+7.7,+8.0,+7.8
2022-10-22 13:47,0,+8.9,+22.3,+30.3,+7.3,+7.5,+7.7,+7.7,+8.0,+7.8
2022-10-22 14:47,0,+8.9,+22.4,+30.3,+7.6,+7.5,+7.7,+7.6,+8.0,+7.8
2022-10-22 15:47,0,+8.9,+22.6,+30.3,+7.7,+7.6,+7.7,+7.7,+8.0,+7.8
2022-10-22 16:47,0,+8.9,+21.7,+30.2,+7.8,+7.7,+7.8,+7.7,+8.0,+7.8
2022-10-22 17:47,0,+8.9,+19.6,+30.2,+8.0,+7.8,+7.8,+7.7,+8.0,+7.8
2022-10-22 18:47,0,+8.9,+18.3,+30.2,+8.0,+7.8,+8.0,+7.7,+8.0,+7.8
2022-10-22 19:47,0,+8.9,+19.2,+30.2,+7.8,+7.8,+8.0,+7.7,+8.0,+8.0
2022-10-22 20:47,0,+9.0,+19.1,+30.3,+7.8,+8.0,+8.1,+7.8,+8.0,+8.0
2022-10-22 21:47,0,+9.0,+18.0,+30.3,+7.8,+8.0,+8.1,+7.8,+8.1,+8.0
2022-10-22 22:47,0,+9.0,+16.4,+30.2,+7.7,+8.0,+8.1,+7.8,+8.1,+8.0
2022-10-22 23:47,0,+8.9,+15.9,+30.2,+7.6,+8.0,+8.1,+8.0,+8.1,+8.0
2022-10-23 00:47,0,+8.9,+15.7,+30.2,+7.6,+7.8,+8.1,+8.0,+8.1,+8.0
2022-10-23 01:47,0,+8.9,+15.4,+30.2,+7.5,+7.8,+8.1,+8.0,+8.2,+8.0
2022-10-23 02:47,0,+8.8,+15.1,+30.2,+7.3,+7.8,+8.1,+8.0,+8.2,+8.0
2022-10-23 03:47,0,+8.9,+14.8,+30.1,+7.3,+7.8,+8.1,+8.0,+8.1,+8.1
2022-10-23 04:47,0,+8.9,+14.4,+30.1,+7.2,+7.7,+8.1,+8.0,+8.2,+8.1
2022-10-23 05:47,0,+8.9,+14.2,+30.1,+7.2,+7.7,+8.1,+8.0,+8.2,+8.1
2022-10-23 06:47,0,+8.9,+14.2,+30.0,+7.1,+7.6,+8.1,+8.0,+8.2,+8.1
2022-10-23 07:47,0,+9.0,+14.1,+29.7,+7.1,+7.6,+8.1,+8.0,+8.2,+8.1
2022-10-23 08:47,0,+9.1,+14.6,+29.7,+7.1,+7.6,+8.0,+8.0,+8.2,+8.1
2022-10-23 09:47,0,+9.1,+19.8,+30.0,+7.1,+7.6,+8.0,+8.0,+8.2,+8.1
2022-10-23 10:47,0,+9.1,+22.6,+30.1,+7.2,+7.6,+8.0,+8.0,+8.2,+8.1
2022-10-23 11:47,0,+9.1,+23.0,+30.8,+7.5,+7.6,+8.0,+8.0,+8.2,+8.1
2022-10-23 12:47,0,+9.1,+23.1,+30.7,+7.7,+7.7,+8.0,+8.0,+8.2,+8.1
2022-10-23 13:47,0,+9.1,+23.3,+30.6,+8.1,+7.8,+8.0,+8.0,+8.2,+8.1
2022-10-23 14:47,0,+9.0,+23.1,+30.5,+8.5,+8.1,+8.1,+8.0,+8.2,+8.1
2022-10-23 15:47,0,+9.1,+23.1,+30.8,+8.7,+8.2,+8.2,+8.0,+8.2,+8.1
2022-10-23 16:47,0,+9.1,+22.2,+30.8,+9.0,+8.3,+8.2,+8.0,+8.2,+8.1
2022-10-23 17:47,0,+9.1,+20.9,+30.7,+9.1,+8.6,+8.3,+8.1,+8.2,+8.1
2022-10-23 18:47,0,+9.1,+20.1,+30.8,+9.1,+8.7,+8.5,+8.1,+8.3,+8.2
2022-10-23 19:47,0,+9.1,+20.2,+30.8,+9.2,+8.7,+8.5,+8.2,+8.3,+8.2
2022-10-23 20:47,0,+9.1,+19.8,+30.8,+9.2,+8.8,+8.6,+8.2,+8.3,+8.2
2022-10-23 21:47,0,+9.2,+19.8,+30.8,+9.3,+8.8,+8.7,+8.3,+8.3,+8.2
2022-10-23 22:47,0,+9.2,+18.6,+30.8,+9.3,+9.0,+8.7,+8.3,+8.3,+8.3
2022-10-23 23:47,0,+10.5,+24.5,+30.9,+9.6,+9.1,+8.8,+8.3,+8.5,+8.3
2022-10-24 00:47,0,+9.9,+17.7,+30.8,+9.6,+9.2,+8.8,+8.5,+8.5,+8.3
2022-10-24 01:47,0,+9.9,+16.0,+30.8,+9.6,+9.2,+9.0,+8.5,+8.5,+8.3
2022-10-24 02:47,0,+10.4,+15.5,+30.8,+9.7,+9.2,+9.0,+8.5,+8.5,+8.3
2022-10-24 03:47,0,+10.5,+16.3,+30.8,+9.7,+9.3,+9.1,+8.6,+8.6,+8.3
2022-10-24 04:47,0,+10.5,+19.1,+30.9,+9.7,+9.3,+9.1,+8.6,+8.6,+8.5
2022-10-24 05:47,0,+10.5,+22.0,+31.0,+9.7,+9.5,+9.2,+8.7,+8.6,+8.5
2022-10-24 06:47,0,+10.5,+22.1,+31.0,+9.8,+9.5,+9.2,+8.7,+8.7,+8.5
2022-10-24 07:47,0,+10.4,+22.1,+31.0,+9.8,+9.6,+9.2,+8.7,+8.7,+8.5
2022-10-24 08:47,0,+10.4,+22.2,+31.1,+10.0,+9.6,+9.3,+8.8,+8.7,+8.6
2022-10-24 09:47,0,+10.4,+22.3,+31.1,+10.1,+9.7,+9.3,+8.8,+8.8,+8.6
2022-10-24 10:47,0,+10.4,+22.8,+31.1,+10.1,+9.7,+9.5,+9.0,+8.8,+8.6
2022-10-24 11:47,0,+10.4,+23.0,+31.2,+10.2,+9.7,+9.5,+9.0,+8.8,+8.6
2022-10-24 12:47,0,+10.4,+23.0,+31.2,+10.2,+9.8,+9.5,+9.0,+8.8,+8.7
2022-10-24 13:47,0,+10.4,+20.9,+31.2,+10.2,+9.8,+9.6,+9.0,+9.0,+8.7
2022-10-24 14:47,0,+10.2,+19.1,+31.1,+10.2,+10.0,+9.6,+9.1,+9.0,+8.7
2022-10-24 15:47,0,+10.2,+17.5,+31.1,+10.1,+10.0,+9.7,+9.1,+9.0,+8.8
2022-10-24 16:47,0,+10.2,+16.7,+31.1,+10.1,+10.0,+9.6,+9.2,+9.0,+8.8
2022-10-24 17:47,0,+10.2,+16.2,+31.1,+10.0,+10.0,+9.7,+9.2,+9.1,+8.8
2022-10-24 18:47,0,+10.2,+15.9,+31.1,+9.7,+9.8,+9.7,+9.2,+9.1,+8.8
2022-10-24 19:47,0,+10.2,+15.8,+31.1,+9.6,+9.7,+9.7,+9.2,+9.1,+8.8
2022-10-24 20:47,0,+10.4,+15.7,+31.1,+9.5,+9.6,+9.7,+9.2,+9.2,+9.0
2022-10-24 21:47,0,+10.5,+15.7,+31.1,+9.3,+9.6,+9.7,+9.2,+9.2,+9.0
2022-10-24 22:47,0,+10.6,+15.7,+31.1,+9.1,+9.5,+9.7,+9.2,+9.2,+9.0
2022-10-24 23:47,0,+10.6,+15.6,+31.1,+9.1,+9.5,+9.6,+9.2,+9.2,+9.0
2022-10-25 00:47,0,+10.6,+15.6,+31.1,+9.0,+9.3,+9.6,+9.3,+9.3,+9.0
2022-10-25 01:47,0,+10.6,+15.6,+31.1,+8.8,+9.3,+9.6,+9.2,+9.2,+9.0
2022-10-25 02:47,0,+10.6,+15.6,+31.1,+8.7,+9.2,+9.5,+9.2,+9.2,+9.0
2022-10-25 03:47,0,+10.5,+15.5,+31.1,+8.7,+9.1,+9.5,+9.2,+9.2,+9.1
2022-10-25 04:47,0,+10.6,+15.5,+31.2,+8.6,+9.1,+9.5,+9.2,+9.2,+9.1
2022-10-25 05:47,0,+10.6,+15.5,+31.2,+8.5,+9.0,+9.3,+9.2,+9.3,+9.1
2022-10-25 06:47,0,+10.6,+15.5,+31.2,+8.3,+8.8,+9.3,+9.2,+9.2,+9.1
2022-10-25 07:47,0,+10.6,+15.5,+31.2,+8.2,+8.8,+9.3,+9.2,+9.3,+9.1
2022-10-25 08:47,0,+10.6,+15.5,+31.2,+8.1,+8.7,+9.2,+9.1,+9.3,+9.1
2022-10-25 09:47,0,+10.6,+15.5,+31.2,+8.0,+8.7,+9.2,+9.1,+9.2,+9.1
2022-10-25 10:47,0,+10.5,+15.4,+31.3,+7.8,+8.6,+9.2,+9.1,+9.2,+9.1
2022-10-25 11:47,0,+10.5,+15.5,+31.3,+7.8,+8.6,+9.1,+9.1,+9.3,+9.1
2022-10-25 12:47,0,+10.5,+15.5,+31.3,+7.8,+8.5,+9.1,+9.1,+9.2,+9.1
2022-10-25 13:47,0,+10.6,+15.5,+31.3,+7.8,+8.5,+9.0,+9.0,+9.2,+9.0
2022-10-25 14:47,0,+10.6,+15.5,+31.3,+7.8,+8.3,+9.0,+9.0,+9.2,+9.1
2022-10-25 15:47,0,+10.7,+15.5,+31.4,+7.8,+8.5,+9.0,+9.0,+9.2,+9.0
2022-10-25 16:47,0,+10.6,+15.5,+31.4,+7.8,+8.3,+8.8,+9.0,+9.2,+9.0
2022-10-25 17:47,0,+10.6,+15.4,+31.4,+7.8,+8.3,+8.8,+8.8,+9.2,+9.0
2022-10-25 18:47,0,+10.6,+15.4,+31.4,+7.7,+8.3,+8.8,+9.0,+9.2,+9.0
2022-10-25 19:47,0,+10.6,+15.4,+31.3,+7.6,+8.3,+8.8,+8.8,+9.1,+9.0
2022-10-25 20:47,0,+10.6,+15.4,+31.1,+7.6,+8.2,+8.8,+8.8,+9.1,+9.0
2022-10-25 21:47,0,+10.6,+15.4,+31.0,+7.5,+8.2,+8.7,+8.8,+9.1,+9.0
2022-10-25 22:47,0,+10.6,+15.4,+31.0,+7.3,+8.2,+8.7,+8.8,+9.0,+9.0
2022-10-25 23:47,0,+10.7,+15.4,+31.0,+7.3,+8.1,+8.7,+8.7,+9.1,+9.0
2022-10-26 00:47,0,+10.7,+15.4,+31.0,+7.3,+8.0,+8.6,+8.7,+9.0,+9.0
2022-10-26 01:47,0,+10.6,+15.4,+31.0,+7.2,+8.0,+8.6,+8.7,+9.0,+9.0
2022-10-26 02:47,0,+10.7,+15.4,+30.9,+7.1,+8.0,+8.6,+8.7,+9.0,+8.8
2022-10-26 03:47,0,+10.7,+15.4,+30.9,+7.1,+7.8,+8.5,+8.7,+9.0,+8.8
2022-10-26 04:47,0,+10.7,+15.4,+30.9,+7.0,+7.8,+8.5,+8.7,+9.0,+8.8
2022-10-26 05:47,0,+10.7,+15.4,+30.9,+7.0,+7.7,+8.5,+8.6,+9.0,+8.8
2022-10-26 06:47,0,+10.7,+15.4,+30.9,+7.0,+7.7,+8.5,+8.6,+9.0,+8.8
2022-10-26 07:47,0,+10.7,+15.3,+30.8,+6.8,+7.6,+8.3,+8.5,+8.8,+8.8
2022-10-26 08:47,0,+10.7,+15.4,+30.8,+6.8,+7.6,+8.3,+8.5,+8.8,+8.7
2022-10-26 09:47,0,+10.8,+15.4,+30.8,+6.7,+7.5,+8.3,+8.6,+8.8,+8.7
2022-10-26 10:47,0,+10.9,+15.4,+30.8,+6.7,+7.5,+8.2,+8.5,+8.8,+8.7
2022-10-26 11:47,0,+10.9,+15.6,+30.8,+6.8,+7.5,+8.2,+8.5,+8.8,+8.7
2022-10-26 12:47,0,+10.9,+16.1,+30.9,+6.8,+7.5,+8.2,+8.5,+8.7,+8.7
2022-10-26 13:47,0,+11.0,+18.6,+31.1,+7.0,+7.5,+8.2,+8.3,+8.8,+8.7
2022-10-26 14:47,0,+11.0,+21.0,+31.2,+7.1,+7.6,+8.2,+8.3,+8.7,+8.6
2022-10-26 15:47,0,+11.0,+21.4,+31.3,+7.1,+7.6,+8.2,+8.3,+8.7,+8.7
2022-10-26 16:47,0,+11.0,+20.3,+31.3,+7.1,+7.6,+8.1,+8.3,+8.7,+8.7
2022-10-26 17:47,0,+11.0,+17.1,+31.2,+7.1,+7.6,+8.2,+8.3,+8.7,+8.6
2022-10-26 18:47,0,+10.8,+15.9,+31.1,+7.0,+7.6,+8.2,+8.3,+8.7,+8.6
2022-10-26 19:47,0,+10.9,+15.4,+30.9,+6.7,+7.6,+8.2,+8.3,+8.7,+8.6
2022-10-26 20:47,0,+10.9,+15.4,+30.9,+6.6,+7.5,+8.2,+8.2,+8.7,+8.6
2022-10-26 21:47,0,+10.9,+15.3,+30.8,+6.5,+7.3,+8.1,+8.3,+8.6,+8.6
2022-10-26 22:47,0,+11.0,+15.3,+30.8,+6.2,+7.3,+8.1,+8.2,+8.7,+8.6
2022-10-26 23:47,0,+11.0,+15.3,+30.5,+6.1,+7.2,+8.0,+8.2,+8.6,+8.5
2022-10-27 00:47,0,+11.0,+15.3,+30.2,+6.0,+7.1,+8.0,+8.2,+8.6,+8.6
2022-10-27 01:47,0,+11.0,+15.3,+30.0,+5.8,+7.0,+8.0,+8.2,+8.6,+8.5
2022-10-27 02:47,0,+11.0,+15.3,+29.8,+5.7,+6.8,+7.8,+8.2,+8.6,+8.5
2022-10-27 03:47,0,+11.0,+15.3,+29.7,+5.7,+6.8,+7.7,+8.1,+8.6,+8.5
2022-10-27 04:47,0,+11.0,+15.3,+29.7,+5.6,+6.7,+7.7,+8.1,+8.5,+8.5
2022-10-27 05:47,0,+11.0,+15.3,+29.6,+5.5,+6.7,+7.7,+8.0,+8.5,+8.5
2022-10-27 06:47,0,+11.0,+15.3,+29.6,+5.3,+6.6,+7.6,+8.0,+8.5,+8.5
2022-10-27 07:47,0,+11.0,+15.2,+29.6,+5.3,+6.5,+7.6,+8.0,+8.5,+8.3
2022-10-27 08:47,0,+11.1,+15.2,+29.5,+5.3,+6.5,+7.5,+8.0,+8.5,+8.3
2022-10-27 09:47,0,+11.1,+15.2,+29.5,+5.5,+6.5,+7.5,+7.8,+8.3,+8.3
2022-10-27 10:47,0,+11.1,+15.2,+29.5,+5.5,+6.3,+7.3,+7.8,+8.3,+8.3
2022-10-27 11:47,0,+11.1,+15.2,+29.5,+5.6,+6.3,+7.3,+7.7,+8.3,+8.3
2022-10-27 12:47,0,+11.3,+15.4,+29.5,+5.8,+6.5,+7.3,+7.7,+8.3,+8.2
2022-10-27 13:47,0,+11.2,+18.0,+29.8,+6.0,+6.5,+7.3,+7.7,+8.2,+8.2
2022-10-27 14:47,0,+11.3,+22.2,+30.2,+6.2,+6.6,+7.3,+7.7,+8.2,+8.2
2022-10-27 15:47,0,+11.3,+22.4,+30.4,+6.3,+6.7,+7.3,+7.6,+8.2,+8.2
2022-10-27 16:47,0,+11.3,+22.4,+30.5,+6.5,+6.8,+7.3,+7.6,+8.2,+8.2
2022-10-27 17:47,0,+11.3,+22.5,+30.8,+6.6,+6.8,+7.5,+7.7,+8.2,+8.2
2022-10-27 18:47,0,+11.3,+22.5,+31.0,+6.6,+7.0,+7.5,+7.6,+8.1,+8.1
2022-10-27 19:47,0,+11.3,+22.5,+31.1,+6.6,+7.0,+7.5,+7.7,+8.1,+8.1
2022-10-27 20:47,0,+11.3,+22.6,+31.1,+6.6,+7.0,+7.5,+7.6,+8.1,+8.1
2022-10-27 21:47,0,+11.3,+22.5,+31.2,+6.7,+7.1,+7.6,+7.7,+8.2,+8.1
2022-10-27 22:47,0,+11.3,+22.5,+31.2,+6.7,+7.1,+7.6,+7.7,+8.1,+8.1
2022-10-27 23:47,0,+11.4,+22.4,+31.3,+6.7,+7.1,+7.6,+7.7,+8.1,+8.1
2022-10-28 00:47,0,+11.4,+22.4,+31.3,+6.7,+7.1,+7.6,+7.7,+8.1,+8.1
2022-10-28 01:47,0,+11.4,+22.4,+31.3,+6.7,+7.2,+7.6,+7.7,+8.1,+8.1
2022-10-28 02:47,0,+11.4,+22.3,+31.3,+6.8,+7.2,+7.6,+7.7,+8.1,+8.1
2022-10-28 03:47,0,+11.4,+22.3,+31.3,+6.7,+7.2,+7.6,+7.7,+8.1,+8.1
2022-10-28 04:47,0,+11.4,+22.2,+31.3,+6.8,+7.2,+7.6,+7.7,+8.1,+8.1
2022-10-28 05:47,0,+11.4,+22.0,+31.4,+6.7,+7.2,+7.7,+7.7,+8.1,+8.1
2022-10-28 06:47,0,+11.4,+21.5,+31.3,+6.7,+7.2,+7.7,+7.7,+8.1,+8.1
2022-10-28 07:47,0,+11.4,+21.4,+31.3,+6.6,+7.2,+7.7,+7.7,+8.1,+8.1
2022-10-28 08:47,0,+11.4,+21.3,+31.4,+6.6,+7.2,+7.7,+7.8,+8.1,+8.1
2022-10-28 09:47,0,+11.4,+21.6,+31.4,+6.6,+7.1,+7.6,+7.7,+8.1,+8.1
2022-10-28 10:47,0,+11.5,+22.5,+31.4,+6.6,+7.1,+7.6,+7.7,+8.1,+8.1
2022-10-28 11:47,0,+11.5,+22.8,+31.4,+6.7,+7.1,+7.7,+7.7,+8.1,+8.0
2022-10-28 12:47,0,+11.5,+22.9,+31.4,+6.8,+7.2,+7.6,+7.7,+8.1,+8.1
2022-10-28 13:47,0,+11.4,+23.0,+31.5,+7.1,+7.2,+7.7,+7.7,+8.1,+8.1
2022-10-28 14:47,0,+11.4,+23.0,+31.5,+7.2,+7.3,+7.7,+7.7,+8.1,+8.1
2022-10-28 15:47,0,+11.4,+23.0,+31.5,+7.5,+7.5,+7.7,+7.7,+8.1,+8.1
2022-10-28 16:47,0,+11.3,+23.0,+31.5,+7.6,+7.6,+7.7,+7.7,+8.1,+8.0
2022-10-28 17:47,0,+11.3,+22.9,+31.5,+7.7,+7.7,+7.8,+7.8,+8.1,+8.0
2022-10-28 18:47,0,+11.3,+22.0,+31.5,+7.7,+7.7,+7.8,+7.8,+8.1,+8.1
2022-10-28 19:47,0,+11.3,+21.0,+31.4,+7.6,+7.8,+8.0,+7.8,+8.1,+8.1
2022-10-28 20:47,0,+11.4,+20.2,+31.4,+7.6,+7.7,+8.0,+7.8,+8.1,+8.0
2022-10-28 21:47,0,+11.3,+19.7,+31.4,+7.6,+7.8,+8.1,+7.8,+8.2,+8.1
2022-10-28 22:47,0,+11.3,+18.5,+31.3,+7.6,+7.8,+8.0,+8.0,+8.2,+8.1
2022-10-28 23:47,0,+11.4,+18.0,+31.3,+7.5,+7.7,+8.1,+7.8,+8.1,+8.1
2022-10-29 00:47,0,+11.4,+17.6,+31.3,+7.5,+7.7,+8.1,+8.0,+8.2,+8.1
2022-10-29 01:47,0,+11.4,+17.5,+31.3,+7.5,+7.7,+8.1,+8.0,+8.2,+8.1
2022-10-29 02:47,0,+11.4,+17.3,+31.3,+7.5,+7.7,+8.1,+8.0,+8.2,+8.1
2022-10-29 03:47,0,+11.4,+17.1,+31.2,+7.5,+7.7,+8.1,+8.0,+8.2,+8.1
2022-10-29 04:47,0,+11.4,+17.0,+31.2,+7.3,+7.7,+8.1,+8.0,+8.2,+8.1
2022-10-29 05:47,0,+11.4,+16.8,+31.2,+7.3,+7.7,+8.1,+8.0,+8.2,+8.1
2022-10-29 06:47,0,+11.4,+16.6,+31.1,+7.2,+7.7,+8.1,+8.0,+8.3,+8.2
2022-10-29 07:47,0,+11.4,+16.5,+31.1,+7.2,+7.7,+8.1,+8.0,+8.2,+8.1
2022-10-29 08:47,0,+11.4,+16.4,+31.0,+7.1,+7.6,+8.1,+8.1,+8.2,+8.1
2022-10-29 09:47,0,+11.5,+16.7,+31.0,+7.1,+7.6,+8.1,+8.1,+8.2,+8.2
2022-10-29 10:47,0,+11.5,+17.3,+31.1,+7.2,+7.6,+8.0,+8.1,+8.2,+8.2
2022-10-29 11:47,0,+11.4,+18.3,+31.2,+7.2,+7.6,+8.1,+8.0,+8.2,+8.2
2022-10-29 12:47,0,+11.4,+20.1,+31.3,+7.5,+7.7,+8.0,+8.0,+8.2,+8.2
2022-10-29 13:47,0,+11.4,+21.6,+31.3,+7.7,+7.7,+8.1,+8.0,+8.3,+8.1
2022-10-29 14:47,0,+11.4,+22.9,+31.4,+7.8,+7.8,+8.1,+8.1,+8.3,+8.2
2022-10-29 15:47,0,+11.4,+22.7,+31.4,+8.1,+8.0,+8.1,+8.1,+8.3,+8.1
2022-10-29 16:47,0,+11.4,+22.9,+31.4,+8.2,+8.1,+8.1,+8.1,+8.3,+8.2
2022-10-29 17:47,0,+11.4,+21.4,+31.4,+8.2,+8.2,+8.2,+8.1,+8.3,+8.2
2022-10-29 18:47,0,+11.4,+19.0,+31.3,+8.2,+8.2,+8.3,+8.1,+8.3,+8.2
2022-10-29 19:47,0,+11.3,+17.2,+31.2,+8.2,+8.3,+8.3,+8.1,+8.2,+8.2
2022-10-29 20:47,0,+11.2,+16.5,+31.1,+8.1,+8.3,+8.3,+8.1,+8.3,+8.2
2022-10-29 21:47,0,+11.2,+16.1,+31.1,+8.0,+8.3,+8.3,+8.1,+8.3,+8.2
2022-10-29 22:47,0,+11.2,+16.0,+31.0,+8.0,+8.2,+8.3,+8.2,+8.3,+8.2
2022-10-29 23:47,0,+11.2,+16.0,+31.0,+7.8,+8.2,+8.5,+8.2,+8.3,+8.2
2022-10-30 00:47,0,+11.2,+16.0,+30.9,+7.8,+8.1,+8.5,+8.2,+8.5,+8.2
2022-10-30 01:47,0,+11.2,+15.9,+30.9,+7.8,+8.1,+8.5,+8.2,+8.3,+8.2
2022-10-30 02:47,0,+11.2,+15.9,+30.9,+7.7,+8.2,+8.3,+8.2,+8.5,+8.3
2022-10-30 03:47,0,+11.3,+15.9,+30.9,+7.7,+8.1,+8.5,+8.2,+8.5,+8.3
2022-10-30 04:47,0,+11.3,+15.9,+30.9,+7.6,+8.1,+8.3,+8.3,+8.5,+8.3
2022-10-30 05:47,0,+11.3,+15.9,+30.9,+7.5,+8.1,+8.3,+8.2,+8.3,+8.3
2022-10-30 06:47,0,+11.3,+15.9,+30.8,+7.3,+8.0,+8.3,+8.3,+8.5,+8.3
2022-10-30 07:47,0,+11.3,+15.9,+30.8,+7.2,+7.8,+8.3,+8.2,+8.5,+8.3
2022-10-30 08:47,0,+11.3,+15.9,+30.8,+7.1,+7.8,+8.3,+8.2,+8.5,+8.3
2022-10-30 09:47,0,+11.3,+15.9,+30.5,+7.0,+7.7,+8.2,+8.2,+8.5,+8.3
2022-10-30 10:47,0,+11.3,+16.4,+30.4,+7.0,+7.6,+8.2,+8.2,+8.5,+8.3
2022-10-30 11:47,0,+11.3,+16.8,+30.2,+7.1,+7.6,+8.2,+8.2,+8.5,+8.3
2022-10-30 12:47,0,+11.3,+17.1,+30.1,+7.2,+7.6,+8.1,+8.2,+8.5,+8.3
2022-10-30 13:47,0,+11.3,+17.0,+30.0,+7.5,+7.7,+8.1,+8.2,+8.5,+8.3
2022-10-30 14:47,0,+11.3,+17.3,+30.0,+7.7,+7.7,+8.2,+8.2,+8.5,+8.3
2022-10-30 15:47,0,+11.3,+17.0,+30.0,+7.8,+7.8,+8.2,+8.2,+8.5,+8.3
2022-10-30 16:47,0,+11.3,+17.5,+30.1,+8.0,+8.0,+8.2,+8.2,+8.3,+8.3
2022-10-30 17:47,0,+11.3,+16.7,+30.1,+8.0,+8.0,+8.2,+8.2,+8.3,+8.3
2022-10-30 18:47,0,+11.4,+16.4,+30.1,+7.8,+8.1,+8.3,+8.2,+8.5,+8.3
2022-10-30 19:47,0,+11.3,+16.2,+29.9,+7.7,+8.1,+8.3,+8.2,+8.5,+8.3
2022-10-30 20:47,0,+11.4,+16.0,+29.9,+7.6,+8.1,+8.3,+8.2,+8.3,+8.3
2022-10-30 21:47,0,+11.3,+15.9,+29.8,+7.5,+8.0,+8.3,+8.2,+8.5,+8.3
2022-10-30 22:47,0,+11.3,+15.8,+29.8,+7.2,+7.8,+8.3,+8.2,+8.3,+8.3
2022-10-30 23:47,0,+11.3,+15.8,+29.8,+7.1,+7.8,+8.3,+8.2,+8.5,+8.2
2022-10-31 00:47,0,+11.4,+15.8,+29.7,+6.8,+7.7,+8.2,+8.2,+8.5,+8.3
2022-10-31 01:47,0,+11.4,+15.8,+29.6,+6.7,+7.6,+8.2,+8.2,+8.5,+8.3
2022-10-31 02:47,0,+11.4,+15.8,+29.5,+6.6,+7.5,+8.2,+8.2,+8.5,+8.3
2022-10-31 03:47,0,+11.4,+15.7,+29.4,+6.5,+7.5,+8.1,+8.2,+8.5,+8.3
2022-10-31 04:47,0,+11.4,+15.7,+29.4,+6.3,+7.3,+8.1,+8.2,+8.5,+8.2
2022-10-31 05:47,0,+11.4,+15.7,+29.3,+6.2,+7.3,+8.0,+8.1,+8.3,+8.2
2022-10-31 06:47,0,+11.4,+15.7,+29.3,+6.2,+7.1,+8.0,+8.1,+8.5,+8.3
2022-10-31 07:47,0,+11.4,+15.7,+29.3,+6.1,+7.1,+7.8,+8.1,+8.3,+8.3
2022-10-31 08:47,0,+11.4,+15.7,+29.3,+6.1,+7.0,+7.8,+8.0,+8.3,+8.3
2022-10-31 09:47,0,+11.4,+15.7,+29.3,+6.1,+7.0,+7.8,+8.0,+8.3,+8.2
2022-10-31 10:47,0,+11.4,+15.7,+29.2,+6.1,+6.8,+7.7,+8.0,+8.3,+8.2
2022-10-31 11:47,0,+11.5,+15.7,+29.2,+6.3,+7.0,+7.7,+7.8,+8.3,+8.2
2022-10-31 12:47,0,+11.4,+15.7,+29.2,+6.5,+7.0,+7.7,+7.8,+8.3,+8.2
2022-10-31 13:47,0,+11.4,+15.7,+29.2,+6.7,+7.1,+7.7,+7.8,+8.3,+8.2
2022-10-31 14:47,0,+11.4,+15.7,+29.2,+7.0,+7.2,+7.7,+7.8,+8.2,+8.2
2022-10-31 15:47,0,+11.4,+15.7,+29.2,+7.2,+7.2,+7.7,+7.8,+8.2,+8.2
2022-10-31 16:47,0,+11.5,+15.7,+29.2,+7.3,+7.5,+7.7,+7.8,+8.2,+8.2
2022-10-31 17:47,0,+11.5,+15.7,+29.2,+7.5,+7.5,+7.8,+7.8,+8.2,+8.2
2022-10-31 18:47,0,+11.4,+15.7,+29.2,+7.5,+7.6,+7.8,+7.8,+8.2,+8.1
2022-10-31 19:47,0,+11.4,+15.7,+29.2,+7.5,+7.6,+8.0,+7.8,+8.2,+8.1
2022-10-31 20:47,0,+11.5,+15.7,+29.2,+7.3,+7.7,+8.0,+7.8,+8.2,+8.1
2022-10-31 21:47,0,+11.4,+15.7,+29.2,+7.3,+7.6,+8.0,+7.8,+8.2,+8.1
2022-10-31 22:47,0,+11.5,+15.7,+29.2,+7.2,+7.6,+8.0,+8.0,+8.2,+8.1
2022-10-31 23:47,0,+11.5,+15.7,+29.2,+7.1,+7.6,+8.0,+8.0,+8.2,+8.1
2022-11-01 00:47,0,+11.6,+15.7,+29.2,+7.1,+7.6,+8.0,+8.0,+8.2,+8.1
2022-11-01 01:47,0,+11.5,+15.6,+29.2,+7.0,+7.6,+8.0,+8.0,+8.2,+8.1
2022-11-01 02:47,0,+11.6,+15.6,+29.1,+6.8,+7.5,+8.0,+8.0,+8.2,+8.1
2022-11-01 03:47,0,+11.6,+15.6,+29.1,+6.7,+7.3,+8.0,+8.0,+8.2,+8.1
2022-11-01 04:47,0,+11.5,+15.6,+29.1,+6.6,+7.3,+7.8,+8.0,+8.2,+8.2
2022-11-01 05:47,0,+11.5,+15.6,+29.1,+6.5,+7.2,+7.8,+8.0,+8.2,+8.1
2022-11-01 06:47,0,+11.6,+15.6,+29.1,+6.3,+7.2,+7.8,+8.0,+8.2,+8.1
2022-11-01 07:47,0,+12.2,+15.6,+29.1,+6.2,+7.1,+7.8,+7.8,+8.2,+8.1
2022-11-01 08:47,0,+12.0,+15.6,+29.1,+6.2,+7.1,+7.7,+7.8,+8.2,+8.1
2022-11-01 09:47,0,+11.9,+15.6,+29.1,+6.1,+7.0,+7.7,+7.8,+8.2,+8.1
2022-11-01 10:47,0,+12.1,+15.6,+29.1,+6.2,+7.0,+7.7,+7.8,+8.2,+8.1
2022-11-01 11:47,0,+12.1,+15.6,+29.1,+6.3,+7.0,+7.6,+7.8,+8.2,+8.1
2022-11-01 12:47,0,+12.1,+15.6,+29.1,+6.6,+7.0,+7.6,+7.7,+8.1,+8.1
2022-11-01 13:47,0,+12.1,+15.6,+29.1,+6.8,+7.1,+7.6,+7.7,+8.2,+8.1
2022-11-01 14:47,0,+12.1,+15.6,+29.1,+7.1,+7.1,+7.6,+7.7,+8.1,+8.1
2022-11-01 15:47,0,+12.2,+15.6,+29.1,+7.3,+7.3,+7.7,+7.7,+8.1,+8.1
2022-11-01 16:47,0,+12.1,+15.7,+29.1,+7.6,+7.5,+7.7,+7.7,+8.1,+8.1
2022-11-01 17:47,0,+12.1,+15.7,+29.1,+7.6,+7.6,+7.8,+7.7,+8.1,+8.1
2022-11-01 18:47,0,+12.2,+15.7,+29.1,+7.7,+7.7,+7.8,+7.8,+8.1,+8.0
2022-11-01 19:47,0,+12.2,+15.7,+29.1,+7.6,+7.7,+7.8,+7.8,+8.1,+8.1
2022-11-01 20:47,0,+12.2,+15.7,+29.1,+7.5,+7.7,+7.8,+7.8,+8.1,+8.0
2022-11-01 21:47,0,+11.9,+15.7,+29.1,+7.5,+7.7,+8.0,+7.8,+8.1,+8.1
2022-11-01 22:47,0,+11.7,+15.7,+29.1,+7.3,+7.7,+8.0,+8.0,+8.1,+8.1
2022-11-01 23:47,0,+11.7,+15.7,+29.1,+7.3,+7.7,+8.0,+7.8,+8.2,+8.1
2022-11-02 00:47,0,+11.7,+15.7,+29.1,+7.2,+7.7,+8.0,+7.8,+8.2,+8.1
2022-11-02 01:47,0,+11.7,+15.7,+29.1,+7.2,+7.6,+8.0,+8.0,+8.1,+8.0
2022-11-02 02:47,0,+11.7,+15.7,+29.1,+7.1,+7.6,+8.0,+8.0,+8.1,+8.1
2022-11-02 03:47,0,+11.7,+15.7,+29.1,+7.1,+7.6,+8.0,+8.0,+8.2,+8.1
2022-11-02 04:47,0,+11.7,+15.7,+29.1,+7.0,+7.5,+8.0,+8.0,+8.2,+8.1
2022-11-02 05:47,0,+12.5,+15.7,+29.1,+7.0,+7.5,+8.0,+8.0,+8.2,+8.1
2022-11-02 06:47,0,+12.4,+15.7,+29.1,+6.8,+7.5,+8.0,+8.0,+8.2,+8.1
2022-11-02 07:47,0,+12.1,+15.7,+29.1,+6.8,+7.5,+8.0,+7.8,+8.2,+8.1
2022-11-02 08:47,0,+12.1,+15.7,+29.1,+6.8,+7.3,+7.8,+8.0,+8.2,+8.1
2022-11-02 09:47,0,+12.3,+15.7,+29.1,+6.8,+7.3,+7.8,+7.8,+8.2,+8.1
2022-11-02 10:47,0,+12.0,+15.7,+29.1,+7.0,+7.3,+7.8,+7.8,+8.2,+8.1
2022-11-02 11:47,0,+12.2,+15.7,+29.1,+7.2,+7.3,+7.8,+7.8,+8.2,+8.1
2022-11-02 12:47,0,+12.2,+15.7,+29.1,+7.5,+7.5,+7.8,+7.8,+8.1,+8.1
2022-11-02 13:47,0,+12.5,+15.7,+29.1,+7.8,+7.6,+7.8,+7.8,+8.2,+8.1
2022-11-02 14:47,0,+12.2,+15.7,+29.1,+8.1,+7.7,+8.0,+8.0,+8.2,+8.1
2022-11-02 15:47,0,+12.3,+15.7,+29.1,+8.3,+8.0,+8.0,+7.8,+8.2,+8.0
2022-11-02 16:47,0,+12.3,+15.7,+29.1,+8.6,+8.2,+8.1,+8.0,+8.1,+8.1
2022-11-02 17:47,0,+12.0,+15.7,+29.1,+8.7,+8.2,+8.2,+8.0,+8.2,+8.1
2022-11-02 18:47,0,+12.0,+15.8,+29.1,+8.8,+8.5,+8.3,+8.0,+8.1,+8.1
2022-11-02 19:47,0,+12.0,+15.8,+29.1,+8.8,+8.5,+8.3,+8.1,+8.2,+8.1
2022-11-02 20:47,0,+12.0,+15.8,+29.1,+8.8,+8.6,+8.5,+8.1,+8.2,+8.1
2022-11-02 21:47,0,+12.0,+15.8,+29.1,+8.8,+8.6,+8.5,+8.1,+8.2,+8.1
2022-11-02 22:47,0,+11.9,+15.8,+29.1,+8.8,+8.7,+8.6,+8.1,+8.3,+8.1
2022-11-02 23:47,0,+11.9,+15.8,+29.1,+8.8,+8.7,+8.6,+8.2,+8.3,+8.1
2022-11-03 00:47,0,+12.4,+15.8,+29.1,+8.8,+8.7,+8.6,+8.2,+8.3,+8.2
2022-11-03 01:47,0,+12.3,+15.8,+29.1,+8.8,+8.7,+8.7,+8.3,+8.3,+8.2
2022-11-03 02:47,0,+12.2,+15.8,+29.1,+8.8,+8.7,+8.7,+8.3,+8.3,+8.2
2022-11-03 03:47,0,+12.0,+15.8,+29.1,+8.7,+8.7,+8.7,+8.3,+8.5,+8.2
2022-11-03 04:47,0,+12.2,+15.8,+29.1,+8.6,+8.7,+8.7,+8.3,+8.5,+8.2
2022-11-03 05:47,0,+12.0,+15.8,+29.1,+8.6,+8.7,+8.7,+8.3,+8.5,+8.2
2022-11-03 06:47,0,+12.2,+15.8,+29.1,+8.5,+8.7,+8.7,+8.5,+8.5,+8.3
2022-11-03 07:47,0,+12.2,+15.8,+29.1,+8.3,+8.6,+8.7,+8.5,+8.5,+8.3
2022-11-03 08:47,0,+12.3,+15.8,+29.1,+8.2,+8.6,+8.8,+8.5,+8.5,+8.3
2022-11-03 09:47,0,+12.2,+15.8,+29.1,+8.2,+8.6,+8.7,+8.5,+8.5,+8.3
2022-11-03 10:47,0,+12.3,+15.8,+29.1,+8.2,+8.5,+8.8,+8.5,+8.6,+8.3
2022-11-03 11:47,0,+12.5,+15.8,+29.1,+8.3,+8.5,+8.7,+8.5,+8.6,+8.3
2022-11-03 12:47,0,+12.4,+15.8,+29.1,+8.6,+8.6,+8.7,+8.5,+8.6,+8.3
2022-11-03 13:47,0,+12.4,+15.8,+29.1,+8.7,+8.6,+8.7,+8.5,+8.6,+8.5
2022-11-03 14:47,0,+12.4,+15.8,+29.1,+9.0,+8.7,+8.7,+8.5,+8.6,+8.3
2022-11-03 15:47,0,+12.4,+15.9,+29.1,+9.1,+8.8,+8.8,+8.5,+8.6,+8.5
2022-11-03 16:47,0,+12.5,+15.9,+29.1,+9.1,+9.0,+8.8,+8.5,+8.7,+8.5
2022-11-03 17:47,0,+12.5,+15.9,+29.1,+9.0,+9.0,+8.8,+8.5,+8.6,+8.5
2022-11-03 18:47,0,+12.5,+15.9,+29.1,+8.8,+9.0,+9.0,+8.6,+8.7,+8.5
2022-11-03 19:47,0,+14.3,+16.8,+29.2,+8.7,+8.8,+9.0,+8.6,+8.7,+8.5
2022-11-03 20:47,0,+13.6,+16.5,+29.2,+8.6,+8.8,+9.0,+8.6,+8.7,+8.5
2022-11-03 21:47,0,+13.0,+16.3,+29.2,+8.3,+8.7,+9.0,+8.6,+8.7,+8.5
2022-11-03 22:47,0,+13.2,+16.2,+29.1,+8.2,+8.7,+9.0,+8.7,+8.7,+8.5
2022-11-03 23:47,0,+13.0,+16.1,+29.1,+8.1,+8.6,+9.0,+8.6,+8.7,+8.5
2022-11-04 00:47,0,+13.3,+16.1,+29.1,+8.0,+8.5,+8.8,+8.6,+8.7,+8.6
2022-11-04 01:47,0,+13.1,+16.1,+29.1,+7.8,+8.5,+8.8,+8.6,+8.7,+8.6
2022-11-04 02:47,0,+13.0,+16.1,+29.1,+7.7,+8.3,+8.7,+8.6,+8.7,+8.6
2022-11-04 03:47,0,+13.2,+16.1,+29.1,+7.6,+8.3,+8.7,+8.6,+8.7,+8.5
2022-11-04 04:47,0,+13.1,+16.1,+29.1,+7.5,+8.2,+8.6,+8.6,+8.7,+8.6
2022-11-04 05:47,0,+13.2,+16.1,+29.1,+7.5,+8.1,+8.7,+8.6,+8.7,+8.6
2022-11-04 06:47,0,+13.2,+16.1,+29.1,+7.2,+8.0,+8.6,+8.6,+8.7,+8.6
2022-11-04 07:47,0,+13.1,+16.1,+29.1,+7.1,+8.0,+8.6,+8.5,+8.7,+8.6
2022-11-04 08:47,0,+13.1,+16.1,+29.1,+7.0,+7.8,+8.5,+8.5,+8.7,+8.5
2022-11-04 09:47,0,+13.3,+16.1,+29.1,+7.0,+7.7,+8.5,+8.5,+8.7,+8.6
2022-11-04 10:47,0,+13.2,+16.1,+29.1,+6.8,+7.7,+8.3,+8.5,+8.7,+8.6
2022-11-04 11:47,0,+13.8,+16.1,+29.1,+6.8,+7.6,+8.3,+8.5,+8.7,+8.5
2022-11-04 12:47,0,+13.3,+16.2,+29.1,+6.7,+7.6,+8.2,+8.3,+8.6,+8.5
2022-11-04 13:47,0,+13.2,+16.2,+29.1,+6.8,+7.6,+8.2,+8.3,+8.6,+8.5
2022-11-04 14:47,0,+13.1,+16.2,+29.1,+6.8,+7.5,+8.2,+8.3,+8.6,+8.5
2022-11-04 15:47,0,+13.1,+16.2,+29.1,+6.7,+7.5,+8.1,+8.3,+8.6,+8.5
2022-11-04 16:47,0,+13.1,+16.2,+29.1,+6.8,+7.5,+8.1,+8.2,+8.6,+8.5
2022-11-04 17:47,0,+13.2,+16.2,+29.1,+6.7,+7.5,+8.1,+8.2,+8.5,+8.5
2022-11-04 18:47,0,+13.0,+16.2,+29.1,+6.6,+7.3,+8.1,+8.2,+8.5,+8.5
2022-11-04 19:47,0,+13.2,+16.2,+29.1,+6.5,+7.3,+8.0,+8.2,+8.5,+8.3
2022-11-04 20:47,0,+13.0,+16.2,+29.1,+6.2,+7.2,+8.0,+8.1,+8.5,+8.3
2022-11-04 21:47,0,+13.1,+16.2,+29.1,+6.1,+7.1,+8.0,+8.1,+8.5,+8.3
2022-11-04 22:47,0,+13.3,+16.2,+29.1,+6.0,+7.0,+7.8,+8.1,+8.5,+8.3
2022-11-04 23:47,0,+13.2,+16.2,+29.1,+5.7,+6.8,+7.8,+8.1,+8.5,+8.3
2022-11-05 00:47,0,+13.2,+16.1,+29.1,+5.6,+6.8,+7.7,+8.0,+8.3,+8.3
2022-11-05 01:47,0,+13.3,+16.1,+29.1,+5.5,+6.6,+7.6,+8.0,+8.5,+8.3
2022-11-05 02:47,0,+13.2,+16.1,+29.0,+5.2,+6.6,+7.6,+8.0,+8.3,+8.2
2022-11-05 03:47,0,+13.3,+16.1,+29.0,+5.1,+6.5,+7.5,+7.8,+8.3,+8.2
2022-11-05 04:47,0,+13.4,+16.1,+29.0,+5.0,+6.3,+7.3,+7.8,+8.2,+8.2
2022-11-05 05:47,0,+13.3,+16.1,+29.0,+4.8,+6.2,+7.3,+7.8,+8.3,+8.2
2022-11-05 06:47,0,+13.2,+16.1,+29.0,+4.7,+6.1,+7.2,+7.7,+8.2,+8.1
2022-11-05 07:47,0,+13.3,+16.1,+29.0,+4.6,+6.0,+7.2,+7.7,+8.1,+8.1
2022-11-05 08:47,0,+13.3,+16.1,+29.0,+4.5,+5.8,+7.1,+7.6,+8.1,+8.1
2022-11-05 09:47,0,+13.2,+16.1,+29.0,+4.5,+5.7,+7.1,+7.5,+8.1,+8.1
2022-11-05 10:47,0,+13.2,+16.1,+29.0,+4.5,+5.7,+7.0,+7.5,+8.1,+8.1
2022-11-05 11:47,0,+13.2,+16.1,+29.0,+4.6,+5.7,+6.8,+7.5,+8.0,+8.0
2022-11-05 12:47,0,+13.2,+16.1,+29.0,+4.8,+5.7,+6.8,+7.5,+8.0,+8.0
2022-11-05 13:47,0,+13.2,+16.1,+29.0,+4.8,+5.7,+6.8,+7.3,+7.8,+7.8
2022-11-05 14:47,0,+13.1,+16.1,+29.0,+5.0,+5.7,+6.8,+7.2,+8.0,+8.0
2022-11-05 15:47,0,+13.3,+16.1,+29.0,+5.0,+5.8,+6.8,+7.2,+7.8,+7.8
2022-11-05 16:47,0,+13.0,+16.1,+29.0,+5.1,+5.8,+6.7,+7.2,+7.8,+7.8
2022-11-05 17:47,0,+13.1,+16.1,+29.0,+5.1,+5.8,+6.7,+7.2,+7.7,+7.8
2022-11-05 18:47,0,+13.3,+16.1,+29.0,+5.1,+5.8,+6.7,+7.2,+7.7,+7.7
2022-11-05 19:47,0,+13.0,+16.1,+29.0,+5.2,+6.0,+6.7,+7.1,+7.7,+7.7
2022-11-05 20:47,0,+13.0,+16.1,+29.0,+5.1,+6.0,+6.7,+7.1,+7.7,+7.6
2022-11-05 21:47,0,+13.2,+16.1,+29.0,+5.0,+5.8,+6.7,+7.1,+7.7,+7.7
2022-11-05 22:47,0,+13.0,+16.1,+28.9,+4.8,+5.8,+6.7,+7.1,+7.6,+7.6
2022-11-05 23:47,0,+13.3,+16.1,+28.9,+4.8,+5.7,+6.7,+7.1,+7.6,+7.6
2022-11-06 00:47,0,+13.1,+16.1,+29.0,+4.8,+5.7,+6.7,+7.0,+7.6,+7.6
2022-11-06 01:47,0,+13.3,+16.1,+29.0,+4.8,+5.7,+6.6,+7.0,+7.6,+7.6
2022-11-06 01:47,0,+13.1,+16.1,+29.0,+4.8,+5.7,+6.6,+7.0,+7.6,+7.6
2022-11-06 02:47,0,+13.3,+16.1,+29.0,+4.8,+5.7,+6.6,+7.0,+7.6,+7.6
2022-11-06 03:47,0,+13.2,+16.1,+29.0,+4.8,+5.6,+6.6,+7.0,+7.5,+7.5
2022-11-06 04:47,0,+13.4,+16.1,+29.0,+5.0,+5.7,+6.5,+7.0,+7.5,+7.5
2022-11-06 05:47,0,+13.2,+16.2,+29.0,+5.0,+5.7,+6.6,+6.8,+7.5,+7.5
2022-11-06 06:47,0,+13.4,+16.2,+29.0,+5.0,+5.7,+6.6,+6.8,+7.5,+7.5
2022-11-06 07:47,0,+13.2,+16.2,+29.0,+5.1,+5.7,+6.5,+6.8,+7.5,+7.5
2022-11-06 08:47,0,+13.2,+16.2,+29.0,+5.0,+5.7,+6.5,+6.8,+7.5,+7.3
2022-11-06 09:47,0,+13.3,+16.2,+29.0,+5.0,+5.7,+6.5,+6.8,+7.5,+7.5
2022-11-06 10:47,0,+13.5,+16.2,+29.0,+5.1,+5.7,+6.5,+6.8,+7.3,+7.5
2022-11-06 11:47,0,+13.2,+16.2,+29.0,+5.1,+5.7,+6.5,+6.8,+7.3,+7.3
2022-11-06 12:47,0,+13.4,+16.2,+29.0,+5.1,+5.7,+6.5,+6.8,+7.3,+7.3
2022-11-06 13:47,0,+13.4,+16.2,+29.0,+5.0,+5.7,+6.5,+6.7,+7.3,+7.3
2022-11-06 14:47,0,+13.6,+16.2,+29.0,+5.0,+5.7,+6.5,+6.7,+7.3,+7.3
2022-11-06 15:47,0,+13.6,+16.2,+29.0,+4.8,+5.7,+6.5,+6.7,+7.3,+7.3
2022-11-06 16:47,0,+13.6,+16.2,+29.0,+4.8,+5.6,+6.5,+6.7,+7.3,+7.2
2022-11-06 17:47,0,+13.6,+16.2,+29.0,+4.7,+5.6,+6.5,+6.7,+7.3,+7.3
2022-11-06 18:47,0,+13.6,+16.2,+28.9,+4.6,+5.5,+6.5,+6.7,+7.2,+7.3
2022-11-06 19:47,0,+13.6,+16.2,+28.9,+4.5,+5.5,+6.5,+6.7,+7.2,+7.2
2022-11-06 20:47,0,+13.5,+16.2,+28.9,+4.3,+5.5,+6.3,+6.7,+7.2,+7.2
2022-11-06 21:47,0,+13.6,+16.1,+28.9,+4.3,+5.3,+6.3,+6.6,+7.2,+7.2
2022-11-06 22:47,0,+13.6,+16.1,+28.9,+4.2,+5.2,+6.2,+6.6,+7.2,+7.2
2022-11-06 23:47,0,+13.6,+16.1,+28.9,+4.2,+5.2,+6.1,+6.6,+7.2,+7.2
2022-11-07 00:47,0,+13.6,+16.1,+28.9,+4.2,+5.2,+6.2,+6.6,+7.2,+7.1
2022-11-07 01:47,0,+13.5,+16.1,+28.9,+4.1,+5.2,+6.2,+6.6,+7.1,+7.2
2022-11-07 02:47,0,+13.6,+16.1,+28.9,+4.1,+5.1,+6.1,+6.6,+7.1,+7.1
2022-11-07 03:47,0,+13.6,+16.1,+28.9,+4.0,+5.1,+6.1,+6.5,+7.1,+7.1
2022-11-07 04:47,0,+13.5,+16.1,+28.9,+4.0,+5.1,+6.1,+6.5,+7.1,+7.1
2022-11-07 05:47,0,+13.6,+16.1,+28.9,+4.0,+5.0,+6.0,+6.5,+7.1,+7.1
2022-11-07 06:47,0,+13.6,+16.1,+28.8,+4.0,+5.0,+6.0,+6.5,+7.1,+7.0
2022-11-07 07:47,0,+13.6,+16.1,+28.8,+4.0,+5.0,+6.0,+6.5,+7.0,+7.1
2022-11-07 08:47,0,+13.6,+16.1,+28.8,+4.0,+5.0,+5.8,+6.3,+7.0,+7.0
2022-11-07 09:47,0,+13.7,+16.1,+28.8,+4.1,+4.8,+5.8,+6.3,+7.0,+7.0
2022-11-07 10:47,0,+13.6,+16.1,+28.9,+4.1,+4.8,+5.8,+6.3,+7.0,+7.0
2022-11-07 11:47,0,+13.5,+16.1,+28.9,+4.1,+4.8,+5.8,+6.3,+6.8,+7.0
2022-11-07 12:47,0,+13.5,+16.1,+28.9,+4.2,+5.0,+5.8,+6.3,+7.0,+7.0
2022-11-07 13:47,0,+13.6,+16.1,+28.9,+4.3,+5.0,+5.8,+6.2,+6.8,+7.0
2022-11-07 14:47,0,+13.5,+16.2,+28.9,+4.5,+5.1,+5.8,+6.2,+6.8,+6.8
2022-11-07 15:47,0,+13.5,+16.2,+28.9,+4.5,+5.1,+5.8,+6.2,+6.8,+6.8
2022-11-07 16:47,0,+13.5,+16.2,+28.9,+4.5,+5.1,+5.8,+6.2,+6.8,+6.8
2022-11-07 17:47,0,+13.4,+16.2,+28.9,+4.6,+5.1,+5.8,+6.2,+6.7,+6.8
2022-11-07 18:47,0,+13.8,+16.2,+28.9,+4.5,+5.2,+5.8,+6.2,+6.8,+6.8
2022-11-07 19:47,0,+13.7,+16.2,+28.9,+4.3,+5.1,+5.8,+6.2,+6.8,+6.7
2022-11-07 20:47,0,+13.7,+16.2,+28.9,+4.3,+5.1,+6.0,+6.2,+6.7,+6.8
2022-11-07 21:47,0,+13.7,+16.2,+28.9,+4.3,+5.1,+5.8,+6.2,+6.7,+6.7
2022-11-07 22:47,0,+13.9,+16.2,+28.9,+4.3,+5.0,+5.8,+6.2,+6.7,+6.7
2022-11-07 23:47,0,+13.7,+16.2,+28.9,+4.3,+5.1,+5.8,+6.2,+6.7,+6.7
2022-11-08 00:47,0,+13.5,+16.2,+28.9,+4.3,+5.0,+5.8,+6.2,+6.7,+6.7
2022-11-08 01:47,0,+13.4,+16.2,+28.9,+4.3,+5.1,+5.8,+6.2,+6.7,+6.7
2022-11-08 02:47,0,+13.4,+16.2,+28.9,+4.3,+5.1,+5.8,+6.2,+6.7,+6.7
2022-11-08 03:47,0,+13.5,+16.2,+28.9,+4.3,+5.0,+5.8,+6.2,+6.7,+6.7
2022-11-08 04:47,0,+13.4,+16.2,+28.9,+4.3,+5.0,+5.8,+6.1,+6.7,+6.7
2022-11-08 05:47,0,+13.3,+16.2,+28.9,+4.3,+5.1,+5.8,+6.1,+6.7,+6.7
2022-11-08 06:47,0,+13.4,+16.2,+28.9,+4.3,+5.1,+5.8,+6.1,+6.6,+6.7
2022-11-08 07:47,0,+13.5,+16.2,+28.9,+4.3,+5.1,+5.7,+6.1,+6.6,+6.7
2022-11-08 08:47,0,+13.3,+16.2,+28.9,+4.3,+5.0,+5.8,+6.1,+6.7,+6.7
2022-11-08 09:47,0,+13.4,+16.2,+28.9,+4.3,+5.1,+5.7,+6.1,+6.6,+6.7
2022-11-08 10:47,0,+13.4,+16.2,+28.9,+4.5,+5.1,+5.7,+6.1,+6.6,+6.7
2022-11-08 11:47,0,+13.4,+16.2,+28.9,+4.5,+5.1,+5.7,+6.1,+6.6,+6.6
2022-11-08 12:47,0,+13.4,+16.2,+29.0,+4.6,+5.1,+5.7,+6.1,+6.6,+6.6
2022-11-08 13:47,0,+13.3,+16.2,+29.0,+4.7,+5.1,+5.8,+6.1,+6.6,+6.6
2022-11-08 14:47,0,+13.4,+16.2,+29.0,+4.7,+5.1,+5.8,+6.1,+6.6,+6.6
2022-11-08 15:47,0,+15.7,+26.3,+30.7,+4.7,+5.2,+5.8,+6.1,+6.6,+6.6
2022-11-08 16:47,0,+16.1,+28.0,+32.7,+4.8,+5.2,+5.8,+6.1,+6.6,+6.6
2022-11-08 17:47,0,+15.4,+22.9,+32.5,+4.8,+5.3,+5.8,+6.1,+6.6,+6.6
2022-11-08 18:47,0,+14.3,+20.4,+32.5,+4.8,+5.3,+6.0,+6.1,+6.6,+6.6
2022-11-08 19:47,0,+14.0,+19.2,+32.4,+4.8,+5.3,+5.8,+6.1,+6.6,+6.6
2022-11-08 20:47,0,+13.8,+18.0,+32.4,+4.8,+5.3,+5.8,+6.1,+6.6,+6.6
2022-11-08 21:47,0,+13.6,+17.4,+32.3,+5.0,+5.3,+6.0,+6.1,+6.6,+6.6
2022-11-08 22:47,0,+13.7,+17.1,+32.2,+5.0,+5.3,+6.0,+6.1,+6.6,+6.6
2022-11-08 23:47,0,+13.7,+16.9,+32.1,+5.0,+5.5,+6.0,+6.1,+6.6,+6.6
2022-11-09 00:47,0,+13.7,+16.8,+31.9,+5.0,+5.3,+6.0,+6.1,+6.6,+6.6
2022-11-09 01:47,0,+13.7,+16.7,+31.8,+5.1,+5.5,+6.0,+6.1,+6.6,+6.6
2022-11-09 02:47,0,+13.8,+16.6,+31.7,+5.1,+5.5,+6.0,+6.1,+6.6,+6.6
2022-11-09 03:47,0,+13.7,+16.6,+31.7,+5.1,+5.5,+6.0,+6.1,+6.6,+6.6
2022-11-09 04:47,0,+13.9,+16.6,+31.5,+5.2,+5.6,+6.1,+6.2,+6.6,+6.6
2022-11-09 05:47,0,+14.0,+16.6,+31.4,+5.2,+5.6,+6.1,+6.2,+6.6,+6.6
2022-11-09 06:47,0,+14.0,+16.6,+31.3,+5.3,+5.6,+6.1,+6.2,+6.6,+6.6
2022-11-09 07:47,0,+13.9,+16.6,+31.2,+5.3,+5.6,+6.1,+6.1,+6.6,+6.6
2022-11-09 08:47,0,+13.9,+16.6,+31.2,+5.3,+5.7,+6.1,+6.2,+6.6,+6.6
2022-11-09 09:47,0,+13.9,+16.6,+31.1,+5.5,+5.6,+6.1,+6.2,+6.6,+6.6
2022-11-09 10:47,0,+13.9,+16.6,+31.1,+5.5,+5.7,+6.2,+6.2,+6.6,+6.6
2022-11-09 11:47,0,+15.4,+16.7,+31.1,+5.6,+5.8,+6.1,+6.2,+6.6,+6.6
2022-11-09 12:47,0,+21.4,+32.9,+32.1,+5.6,+5.8,+6.2,+6.2,+6.6,+6.6
2022-11-09 13:47,0,+18.6,+26.4,+31.9,+5.6,+5.8,+6.2,+6.2,+6.6,+6.6
2022-11-09 14:47,0,+16.6,+25.6,+31.7,+5.7,+5.8,+6.2,+6.2,+6.6,+6.6
2022-11-09 15:47,0,+15.8,+24.7,+31.7,+5.7,+6.0,+6.2,+6.2,+6.6,+6.6
2022-11-09 16:47,0,+15.3,+23.9,+31.7,+5.7,+6.0,+6.3,+6.3,+6.6,+6.6
2022-11-09 17:47,0,+15.0,+23.6,+31.8,+5.7,+6.0,+6.2,+6.2,+6.6,+6.6
2022-11-09 18:47,0,+14.9,+23.3,+31.8,+5.7,+6.0,+6.3,+6.3,+6.7,+6.6
2022-11-09 19:47,0,+14.8,+23.0,+31.8,+5.7,+6.0,+6.3,+6.3,+6.6,+6.6
2022-11-09 20:47,0,+14.8,+22.6,+31.8,+5.6,+6.0,+6.3,+6.3,+6.7,+6.6
2022-11-09 21:47,0,+14.7,+22.1,+31.8,+5.6,+6.0,+6.3,+6.3,+6.7,+6.6
2022-11-09 22:47,0,+14.6,+21.7,+31.8,+5.6,+6.0,+6.3,+6.3,+6.7,+6.6
2022-11-09 23:47,0,+14.5,+21.5,+31.8,+5.5,+6.0,+6.3,+6.3,+6.7,+6.6
2022-11-10 00:47,0,+14.4,+21.3,+31.7,+5.5,+6.0,+6.3,+6.5,+6.7,+6.7
2022-11-10 01:47,0,+14.5,+21.1,+31.7,+5.5,+5.8,+6.3,+6.3,+6.7,+6.6
2022-11-10 02:47,0,+17.9,+25.6,+31.9,+5.3,+5.8,+6.3,+6.3,+6.7,+6.7
2022-11-10 03:47,0,+16.6,+25.0,+31.8,+5.2,+5.8,+6.3,+6.3,+6.7,+6.7
2022-11-10 04:47,0,+15.5,+24.8,+31.7,+5.2,+5.8,+6.3,+6.3,+6.7,+6.7
2022-11-10 05:47,0,+21.4,+26.8,+31.7,+5.1,+5.7,+6.3,+6.5,+6.7,+6.6
2022-11-10 06:47,0,+22.0,+34.3,+31.9,+5.0,+5.7,+6.2,+6.3,+6.7,+6.7
2022-11-10 07:47,0,+18.5,+30.3,+31.7,+5.0,+5.6,+6.2,+6.3,+6.7,+6.6
2022-11-10 08:47,0,+20.8,+30.9,+31.8,+4.8,+5.6,+6.2,+6.3,+6.7,+6.6
2022-11-10 09:47,0,+21.0,+32.8,+31.7,+4.7,+5.5,+6.1,+6.2,+6.7,+6.6
2022-11-10 10:47,0,+19.4,+32.8,+31.6,+4.7,+5.3,+6.1,+6.2,+6.6,+6.6
2022-11-10 11:47,0,+17.5,+30.8,+31.5,+4.7,+5.3,+6.1,+6.2,+6.7,+6.6
2022-11-10 12:47,0,+16.9,+29.1,+31.4,+4.7,+5.3,+6.1,+6.2,+6.6,+6.6
2022-11-10 13:47,0,+16.4,+27.9,+31.3,+4.7,+5.3,+6.0,+6.2,+6.6,+6.6
2022-11-10 14:47,0,+16.3,+26.5,+31.2,+4.7,+5.3,+6.0,+6.1,+6.6,+6.6
2022-11-10 15:47,0,+16.5,+26.4,+31.2,+4.6,+5.2,+6.0,+6.1,+6.6,+6.5
2022-11-10 16:47,0,+16.7,+27.2,+31.2,+4.6,+5.3,+6.0,+6.1,+6.6,+6.5
2022-11-10 17:47,0,+16.6,+27.7,+31.2,+4.6,+5.2,+5.8,+6.1,+6.5,+6.5
2022-11-10 18:47,0,+16.4,+27.5,+31.1,+4.5,+5.2,+5.8,+6.0,+6.5,+6.5
2022-11-10 19:47,0,+16.7,+28.1,+31.1,+4.3,+5.1,+5.7,+6.0,+6.5,+6.5
2022-11-10 20:47,0,+16.6,+28.5,+31.1,+4.3,+5.1,+5.7,+6.0,+6.3,+6.3
2022-11-10 21:47,0,+16.4,+28.0,+31.0,+4.2,+5.0,+5.7,+6.0,+6.5,+6.3
2022-11-10 22:47,0,+16.1,+26.7,+30.9,+4.2,+5.0,+5.7,+5.8,+6.3,+6.5
2022-11-10 23:47,0,+16.0,+25.8,+30.9,+4.2,+4.8,+5.7,+5.8,+6.3,+6.3
2022-11-11 00:47,0,+15.7,+25.1,+30.8,+4.1,+4.8,+5.6,+5.8,+6.3,+6.3
2022-11-11 01:47,0,+15.4,+24.7,+30.7,+4.2,+4.8,+5.6,+5.8,+6.3,+6.3
2022-11-11 02:47,0,+15.8,+24.0,+30.7,+4.1,+4.8,+5.6,+5.8,+6.3,+6.3
2022-11-11 03:47,0,+15.4,+23.5,+30.6,+4.1,+4.8,+5.6,+5.8,+6.3,+6.2
2022-11-11 04:47,0,+15.1,+22.9,+30.6,+4.1,+4.7,+5.6,+5.7,+6.3,+6.3
2022-11-11 05:47,0,+15.0,+22.5,+30.5,+4.0,+4.7,+5.5,+5.8,+6.3,+6.2
2022-11-11 06:47,0,+14.9,+22.1,+30.5,+3.8,+4.7,+5.5,+5.8,+6.2,+6.2
2022-11-11 07:47,0,+14.8,+21.8,+30.4,+4.0,+4.7,+5.5,+5.7,+6.3,+6.2
2022-11-11 08:47,0,+14.8,+21.3,+30.4,+3.8,+4.6,+5.5,+5.7,+6.2,+6.2
2022-11-11 09:47,0,+14.8,+21.0,+30.4,+3.8,+4.6,+5.5,+5.7,+6.2,+6.2
2022-11-11 10:47,0,+14.7,+20.8,+30.4,+3.8,+4.6,+5.5,+5.7,+6.2,+6.2
2022-11-11 11:47,0,+14.7,+20.6,+30.4,+3.8,+4.6,+5.3,+5.7,+6.2,+6.2
2022-11-11 12:47,0,+14.7,+20.3,+30.4,+3.8,+4.6,+5.3,+5.7,+6.2,+6.2
2022-11-11 13:47,0,+14.6,+20.1,+30.4,+3.8,+4.6,+5.3,+5.6,+6.2,+6.2
2022-11-11 14:47,0,+14.6,+19.8,+30.4,+3.8,+4.6,+5.3,+5.7,+6.2,+6.2
2022-11-11 15:47,0,+14.7,+19.6,+30.4,+3.7,+4.6,+5.3,+5.7,+6.2,+6.1
2022-11-11 16:47,0,+14.6,+19.4,+30.4,+3.7,+4.6,+5.3,+5.6,+6.1,+6.1
2022-11-11 17:47,0,+14.5,+19.2,+30.4,+3.7,+4.6,+5.3,+5.6,+6.1,+6.1
2022-11-11 18:47,0,+14.6,+19.1,+30.4,+3.7,+4.5,+5.3,+5.6,+6.1,+6.1
2022-11-11 19:47,0,+14.6,+18.9,+30.4,+3.7,+4.5,+5.3,+5.6,+6.1,+6.1
2022-11-11 20:47,0,+14.6,+18.8,+30.4,+3.6,+4.5,+5.2,+5.6,+6.1,+6.1
2022-11-11 21:47,0,+14.6,+18.7,+30.3,+3.6,+4.5,+5.2,+5.5,+6.1,+6.1
2022-11-11 22:47,0,+14.6,+18.6,+30.3,+3.6,+4.3,+5.2,+5.6,+6.1,+6.1
2022-11-11 23:47,0,+14.5,+18.5,+30.3,+3.6,+4.3,+5.2,+5.5,+6.1,+6.1
2022-11-12 00:47,0,+14.5,+18.5,+30.3,+3.6,+4.3,+5.2,+5.5,+6.1,+6.1
2022-11-12 01:47,0,+14.5,+18.4,+30.3,+3.6,+4.3,+5.2,+5.5,+6.0,+6.1
2022-11-12 02:47,0,+14.5,+18.3,+30.3,+3.5,+4.3,+5.2,+5.5,+6.0,+6.0
2022-11-12 03:47,0,+14.6,+18.2,+30.3,+3.5,+4.2,+5.1,+5.5,+6.0,+6.0
2022-11-12 04:47,0,+14.5,+18.1,+30.3,+3.5,+4.3,+5.1,+5.5,+6.0,+6.0
2022-11-12 05:47,0,+14.5,+18.0,+30.3,+3.5,+4.2,+5.1,+5.5,+6.0,+6.0
2022-11-12 06:47,0,+14.6,+17.9,+30.3,+3.3,+4.2,+5.1,+5.5,+6.0,+6.0
2022-11-12 07:47,0,+14.6,+17.9,+30.3,+3.3,+4.2,+5.0,+5.3,+6.0,+6.0
2022-11-12 08:47,0,+14.6,+17.8,+30.2,+3.3,+4.1,+5.1,+5.3,+6.0,+6.0
2022-11-12 09:47,0,+14.5,+17.8,+30.2,+3.3,+4.1,+5.0,+5.3,+6.0,+6.0
2022-11-12 10:47,0,+14.5,+17.7,+30.2,+3.3,+4.1,+5.0,+5.3,+6.0,+5.8
2022-11-12 11:47,0,+14.5,+17.7,+30.2,+3.2,+4.1,+5.0,+5.3,+5.8,+5.8
2022-11-12 12:47,0,+14.5,+17.7,+30.2,+3.2,+4.1,+5.0,+5.3,+5.8,+6.0
2022-11-12 13:47,0,+14.5,+17.6,+30.2,+3.2,+4.1,+5.0,+5.2,+5.8,+6.0
2022-11-12 14:47,0,+14.5,+17.6,+30.2,+3.2,+4.0,+4.8,+5.3,+5.8,+5.8
2022-11-12 15:47,0,+14.5,+17.6,+30.2,+3.2,+4.0,+4.8,+5.2,+5.8,+5.8
2022-11-12 16:47,0,+14.5,+17.6,+30.2,+3.2,+4.1,+4.8,+5.2,+5.8,+5.8
2022-11-12 17:47,0,+14.5,+17.6,+30.2,+3.2,+4.0,+5.0,+5.2,+5.8,+5.8
2022-11-12 18:47,0,+14.4,+17.5,+30.2,+3.2,+4.0,+4.8,+5.2,+5.8,+5.8
2022-11-12 19:47,0,+14.4,+17.5,+30.2,+3.1,+4.0,+4.8,+5.2,+5.7,+5.8
2022-11-12 20:47,0,+14.5,+17.5,+30.2,+3.1,+4.0,+4.8,+5.1,+5.7,+5.8
2022-11-12 21:47,0,+14.5,+17.5,+30.1,+3.1,+4.0,+4.8,+5.2,+5.7,+5.7
2022-11-12 22:47,0,+14.5,+17.5,+30.1,+3.0,+3.8,+4.7,+5.2,+5.7,+5.7
2022-11-12 23:47,0,+14.5,+17.5,+30.1,+3.0,+4.0,+4.7,+5.1,+5.7,+5.7
2022-11-13 00:47,0,+14.5,+17.5,+30.1,+3.0,+3.8,+4.7,+5.1,+5.7,+5.7
2022-11-13 01:47,0,+14.5,+17.4,+30.1,+2.8,+3.7,+4.7,+5.1,+5.7,+5.6
2022-11-13 02:47,0,+14.5,+17.4,+30.1,+2.8,+3.7,+4.7,+5.1,+5.7,+5.7
2022-11-13 03:47,0,+14.3,+17.4,+30.1,+2.8,+3.7,+4.6,+5.1,+5.6,+5.7
2022-11-13 04:47,0,+14.3,+17.4,+30.1,+2.8,+3.7,+4.6,+5.1,+5.7,+5.6
2022-11-13 05:47,0,+14.3,+17.4,+30.1,+2.7,+3.7,+4.6,+5.1,+5.7,+5.6
2022-11-13 06:47,0,+14.4,+17.4,+30.1,+2.7,+3.6,+4.6,+5.0,+5.6,+5.7
2022-11-13 07:47,0,+14.4,+17.4,+30.1,+2.7,+3.6,+4.6,+5.0,+5.6,+5.6
2022-11-13 08:47,0,+14.4,+17.4,+30.1,+2.6,+3.6,+4.5,+5.0,+5.6,+5.6
2022-11-13 09:47,0,+14.4,+17.4,+30.1,+2.7,+3.6,+4.5,+5.0,+5.6,+5.6
2022-11-13 10:47,0,+14.4,+17.3,+30.1,+2.7,+3.6,+4.6,+5.0,+5.6,+5.6
2022-11-13 11:47,0,+14.4,+17.3,+30.1,+2.7,+3.6,+4.5,+4.8,+5.6,+5.6
2022-11-13 12:47,0,+14.3,+17.3,+30.1,+2.7,+3.6,+4.5,+4.8,+5.6,+5.6
2022-11-13 13:47,0,+14.3,+17.3,+30.1,+2.7,+3.6,+4.5,+4.8,+5.6,+5.6
2022-11-13 14:47,0,+14.3,+17.3,+30.1,+2.7,+3.6,+4.5,+4.8,+5.5,+5.5
2022-11-13 15:47,0,+14.3,+17.3,+30.1,+2.8,+3.6,+4.5,+4.8,+5.5,+5.5
2022-11-13 16:47,0,+14.3,+17.3,+30.1,+2.7,+3.6,+4.5,+4.8,+5.5,+5.5
2022-11-13 17:47,0,+14.4,+17.3,+30.1,+2.7,+3.5,+4.5,+4.8,+5.5,+5.5
2022-11-13 18:47,0,+14.4,+17.3,+30.1,+2.7,+3.6,+4.3,+4.8,+5.5,+5.5
2022-11-13 19:47,0,+14.3,+17.3,+30.1,+2.7,+3.6,+4.3,+4.8,+5.5,+5.3
2022-11-13 20:47,0,+14.3,+17.3,+30.1,+2.7,+3.5,+4.3,+4.8,+5.3,+5.5
2022-11-13 21:47,0,+14.3,+17.3,+30.0,+2.7,+3.5,+4.3,+4.8,+5.3,+5.5
2022-11-13 22:47,0,+14.3,+17.3,+30.0,+2.7,+3.5,+4.3,+4.7,+5.3,+5.5
2022-11-13 23:47,0,+14.3,+17.3,+30.0,+2.6,+3.5,+4.3,+4.7,+5.3,+5.3
2022-11-14 00:47,0,+14.3,+17.3,+30.0,+2.6,+3.3,+4.3,+4.7,+5.3,+5.3
2022-11-14 01:47,0,+14.3,+17.3,+30.0,+2.6,+3.5,+4.3,+4.7,+5.3,+5.3
2022-11-14 02:47,0,+14.3,+17.3,+30.0,+2.6,+3.5,+4.3,+4.7,+5.3,+5.3
2022-11-14 03:47,0,+14.3,+17.2,+30.0,+2.6,+3.5,+4.2,+4.7,+5.3,+5.3
2022-11-14 04:47,0,+14.3,+17.2,+30.0,+2.6,+3.3,+4.2,+4.7,+5.3,+5.3
2022-11-14 05:47,0,+14.3,+17.2,+30.0,+2.6,+3.3,+4.2,+4.7,+5.3,+5.3
2022-11-14 06:47,0,+14.3,+17.2,+30.0,+2.6,+3.3,+4.2,+4.6,+5.2,+5.3
2022-11-14 07:47,0,+14.3,+17.2,+30.0,+2.6,+3.3,+4.2,+4.6,+5.2,+5.3
2022-11-14 08:47,0,+14.4,+17.2,+30.0,+2.6,+3.3,+4.2,+4.6,+5.2,+5.3
2022-11-14 09:47,0,+14.4,+17.2,+30.0,+2.6,+3.3,+4.2,+4.7,+5.2,+5.3
2022-11-14 10:47,0,+14.4,+17.2,+30.0,+2.6,+3.3,+4.2,+4.6,+5.2,+5.2
2022-11-14 11:47,0,+14.4,+17.2,+30.0,+2.6,+3.3,+4.2,+4.6,+5.2,+5.2
2022-11-14 12:47,0,+14.4,+17.2,+30.1,+2.6,+3.3,+4.2,+4.6,+5.2,+5.2
2022-11-14 13:47,0,+14.4,+17.2,+30.1,+2.7,+3.3,+4.2,+4.6,+5.2,+5.2
2022-11-14 14:47,0,+14.4,+17.2,+30.1,+2.7,+3.3,+4.2,+4.6,+5.1,+5.2
2022-11-14 15:47,0,+14.4,+17.2,+30.1,+2.7,+3.5,+4.2,+4.6,+5.1,+5.2
2022-11-14 16:47,0,+14.4,+17.2,+30.1,+2.7,+3.5,+4.2,+4.6,+5.1,+5.2
2022-11-14 17:47,0,+14.4,+17.2,+30.1,+2.7,+3.5,+4.2,+4.5,+5.1,+5.1
2022-11-14 18:47,0,+14.4,+17.2,+30.1,+2.8,+3.5,+4.2,+4.6,+5.1,+5.2
2022-11-14 19:47,0,+14.4,+17.2,+30.0,+2.8,+3.5,+4.2,+4.5,+5.1,+5.2
2022-11-14 20:47,0,+14.4,+17.2,+30.0,+2.8,+3.5,+4.2,+4.6,+5.1,+5.2
2022-11-14 21:47,0,+14.4,+17.2,+29.9,+2.8,+3.5,+4.2,+4.6,+5.1,+5.1
2022-11-14 22:47,0,+14.6,+17.2,+29.9,+2.8,+3.5,+4.2,+4.6,+5.1,+5.1
2022-11-14 23:47,0,+14.5,+17.2,+29.9,+2.8,+3.5,+4.2,+4.6,+5.1,+5.1
2022-11-15 00:47,0,+14.5,+17.2,+29.9,+2.8,+3.5,+4.2,+4.6,+5.1,+5.1
2022-11-15 01:47,0,+14.5,+17.2,+29.9,+2.8,+3.6,+4.2,+4.5,+5.1,+5.1
2022-11-15 02:47,0,+14.7,+17.2,+29.9,+2.8,+3.5,+4.2,+4.5,+5.1,+5.1
2022-11-15 03:47,0,+15.2,+17.2,+29.9,+2.8,+3.6,+4.2,+4.5,+5.1,+5.1
2022-11-15 04:47,0,+14.4,+17.2,+29.9,+2.8,+3.6,+4.2,+4.5,+5.1,+5.1
2022-11-15 05:47,0,+14.4,+17.2,+29.9,+3.0,+3.5,+4.2,+4.5,+5.1,+5.1
2022-11-15 06:47,0,+14.4,+17.2,+29.9,+3.0,+3.6,+4.2,+4.5,+5.1,+5.1
2022-11-15 07:47,0,+14.4,+17.2,+29.9,+3.0,+3.5,+4.2,+4.5,+5.1,+5.1
2022-11-15 08:47,0,+14.4,+17.2,+29.9,+3.0,+3.6,+4.2,+4.5,+5.1,+5.1
2022-11-15 09:47,0,+14.5,+17.2,+29.9,+3.0,+3.6,+4.2,+4.5,+5.1,+5.1
2022-11-15 10:47,0,+14.5,+17.2,+29.9,+3.0,+3.5,+4.2,+4.5,+5.1,+5.1
2022-11-15 11:47,0,+14.5,+17.2,+29.9,+3.0,+3.6,+4.2,+4.5,+5.0,+5.1
2022-11-15 12:47,0,+14.6,+17.2,+29.9,+3.0,+3.6,+4.2,+4.5,+5.1,+5.1
2022-11-15 13:47,0,+14.5,+17.2,+29.9,+3.0,+3.6,+4.2,+4.5,+5.1,+5.1
2022-11-15 14:47,0,+14.5,+17.2,+29.9,+3.0,+3.6,+4.2,+4.5,+5.0,+5.1
2022-11-15 15:47,0,+14.4,+17.2,+29.9,+3.0,+3.6,+4.2,+4.5,+5.1,+5.1
2022-11-15 16:47,0,+14.5,+17.2,+29.9,+3.0,+3.6,+4.2,+4.6,+5.0,+5.1
2022-11-15 17:47,0,+14.7,+17.2,+29.9,+3.0,+3.6,+4.2,+4.6,+5.1,+5.1
2022-11-15 18:47,0,+14.5,+17.2,+29.9,+3.0,+3.6,+4.2,+4.5,+5.1,+5.1
2022-11-15 19:47,0,+14.8,+17.2,+29.9,+3.0,+3.6,+4.2,+4.5,+5.1,+5.0
2022-11-15 20:47,0,+14.6,+17.2,+29.9,+3.0,+3.6,+4.2,+4.5,+5.0,+5.1
2022-11-15 21:47,0,+14.7,+17.2,+29.9,+3.0,+3.6,+4.2,+4.5,+5.0,+5.1
2022-11-15 22:47,0,+14.7,+17.2,+29.9,+3.0,+3.6,+4.2,+4.5,+5.0,+5.1
2022-11-15 23:47,0,+14.6,+17.2,+29.9,+3.0,+3.6,+4.2,+4.5,+5.1,+5.0
2022-11-16 00:47,0,+14.7,+17.2,+29.9,+3.0,+3.6,+4.2,+4.5,+5.0,+5.0
2022-11-16 01:47,0,+14.7,+17.2,+29.9,+3.0,+3.6,+4.2,+4.5,+5.0,+5.0
2022-11-16 02:47,0,+14.7,+17.2,+29.9,+3.0,+3.6,+4.2,+4.5,+5.0,+5.1
2022-11-16 03:47,0,+14.7,+17.2,+29.9,+3.0,+3.6,+4.2,+4.5,+5.1,+5.0
2022-11-16 04:47,0,+14.7,+17.2,+29.9,+3.0,+3.6,+4.2,+4.5,+5.0,+5.0
2022-11-16 05:47,0,+14.8,+17.2,+29.9,+3.0,+3.6,+4.3,+4.5,+5.0,+5.0
2022-11-16 06:47,0,+14.6,+17.2,+29.9,+3.0,+3.6,+4.2,+4.5,+5.0,+5.0
2022-11-16 07:47,0,+14.6,+17.3,+29.9,+3.0,+3.6,+4.2,+4.5,+5.0,+5.0
2022-11-16 08:47,0,+14.7,+17.3,+29.9,+3.0,+3.6,+4.2,+4.5,+5.0,+5.0
2022-11-16 09:47,0,+14.8,+17.3,+29.9,+3.0,+3.6,+4.2,+4.5,+5.0,+5.0
2022-11-16 10:47,0,+14.6,+17.3,+29.9,+3.0,+3.6,+4.2,+4.5,+5.0,+5.0
2022-11-16 11:47,0,+14.7,+17.3,+29.9,+3.0,+3.6,+4.2,+4.5,+5.0,+5.0
2022-11-16 12:47,0,+14.7,+17.3,+29.9,+3.0,+3.6,+4.2,+4.5,+5.0,+5.0
2022-11-16 13:47,0,+14.7,+17.3,+30.0,+3.0,+3.6,+4.2,+4.5,+5.0,+5.0
2022-11-16 14:47,0,+14.7,+17.3,+30.0,+3.0,+3.6,+4.2,+4.5,+5.0,+5.0
2022-11-16 15:47,0,+14.7,+17.3,+30.0,+3.0,+3.6,+4.2,+4.5,+5.0,+5.0
2022-11-16 16:47,0,+14.7,+17.3,+30.0,+3.0,+3.6,+4.2,+4.5,+5.0,+5.0
2022-11-16 17:47,0,+14.6,+17.3,+30.0,+3.0,+3.6,+4.2,+4.5,+5.0,+5.0
2022-11-16 18:47,0,+14.7,+17.3,+30.0,+3.1,+3.6,+4.2,+4.5,+5.0,+5.0
2022-11-16 19:47,0,+14.7,+17.3,+30.0,+3.0,+3.5,+4.2,+4.5,+5.0,+4.8
2022-11-16 20:47,0,+14.7,+17.3,+30.0,+3.0,+3.6,+4.2,+4.5,+5.0,+5.0
2022-11-16 21:47,0,+14.8,+17.3,+30.0,+3.0,+3.6,+4.2,+4.5,+5.0,+5.0
2022-11-16 22:47,0,+14.7,+17.3,+30.0,+3.0,+3.6,+4.2,+4.5,+5.0,+5.0
2022-11-16 23:47,0,+14.6,+17.4,+30.0,+3.0,+3.6,+4.2,+4.5,+5.0,+5.0
2022-11-17 00:47,0,+14.6,+17.3,+30.0,+3.0,+3.6,+4.2,+4.5,+5.0,+5.0
2022-11-17 01:47,0,+14.7,+17.3,+30.0,+3.0,+3.6,+4.2,+4.5,+5.0,+5.0
2022-11-17 02:47,0,+14.6,+17.4,+30.0,+3.0,+3.6,+4.2,+4.5,+5.0,+4.8
2022-11-17 03:47,0,+17.3,+18.3,+30.1,+3.0,+3.6,+4.2,+4.5,+5.0,+4.8
2022-11-17 04:47,0,+14.9,+17.4,+30.1,+3.0,+3.6,+4.2,+4.5,+5.0,+5.0
2022-11-17 05:47,0,+14.9,+17.3,+30.1,+3.0,+3.5,+4.2,+4.5,+5.0,+5.0
2022-11-17 06:47,0,+14.8,+17.3,+30.1,+3.0,+3.6,+4.2,+4.5,+5.0,+5.0
2022-11-17 07:47,0,+14.7,+17.3,+30.1,+3.0,+3.6,+4.2,+4.5,+5.0,+5.0
2022-11-17 08:47,0,+14.8,+17.3,+30.1,+3.0,+3.5,+4.2,+4.5,+5.0,+4.8
2022-11-17 09:47,0,+14.8,+17.3,+30.1,+3.0,+3.6,+4.2,+4.5,+4.8,+4.8
2022-11-17 10:47,0,+14.7,+17.3,+30.1,+3.0,+3.6,+4.2,+4.5,+5.0,+5.0
2022-11-17 11:47,0,+14.7,+17.3,+30.1,+3.0,+3.5,+4.2,+4.5,+5.0,+5.0
2022-11-17 12:47,0,+14.9,+17.3,+30.1,+3.0,+3.6,+4.2,+4.3,+4.8,+5.0
2022-11-17 13:47,0,+14.8,+17.3,+30.1,+3.0,+3.6,+4.2,+4.3,+4.8,+4.8
2022-11-17 14:47,0,+14.9,+17.3,+30.1,+3.0,+3.6,+4.2,+4.3,+4.8,+4.8
2022-11-17 15:47,0,+14.8,+17.3,+30.1,+3.0,+3.5,+4.2,+4.3,+5.0,+4.8
2022-11-17 16:47,0,+14.9,+17.3,+30.1,+3.0,+3.6,+4.2,+4.5,+4.8,+4.8
2022-11-17 17:47,0,+14.8,+17.3,+30.1,+3.0,+3.5,+4.2,+4.5,+4.8,+4.8
2022-11-17 18:47,0,+15.0,+17.3,+30.1,+3.0,+3.5,+4.2,+4.3,+4.8,+4.8
2022-11-17 19:47,0,+15.0,+17.3,+30.1,+3.0,+3.6,+4.2,+4.3,+4.8,+4.8
2022-11-17 20:47,0,+14.9,+17.3,+30.1,+3.0,+3.6,+4.2,+4.5,+4.8,+4.8
2022-11-17 21:47,0,+16.1,+17.3,+30.1,+3.0,+3.6,+4.2,+4.3,+4.8,+4.8
2022-11-17 22:47,0,+15.0,+17.3,+30.1,+3.0,+3.6,+4.2,+4.3,+4.8,+4.8
2022-11-17 23:47,0,+14.9,+17.3,+30.1,+3.0,+3.5,+4.2,+4.5,+4.8,+4.8
2022-11-18 00:47,0,+15.1,+17.3,+30.1,+3.0,+3.6,+4.2,+4.3,+4.8,+4.8
2022-11-18 01:47,0,+15.0,+17.3,+30.1,+3.0,+3.6,+4.2,+4.3,+4.8,+4.8
2022-11-18 02:47,0,+14.7,+17.3,+30.1,+3.0,+3.5,+4.2,+4.3,+4.8,+4.8
2022-11-18 03:47,0,+14.8,+17.3,+30.1,+3.0,+3.5,+4.2,+4.3,+4.8,+4.8
2022-11-18 04:47,0,+14.9,+17.3,+30.1,+2.8,+3.5,+4.2,+4.3,+4.8,+4.8
2022-11-18 05:47,0,+14.8,+17.3,+30.1,+3.0,+3.5,+4.2,+4.3,+4.8,+4.8
2022-11-18 06:47,0,+14.8,+17.3,+30.1,+2.8,+3.5,+4.2,+4.3,+4.8,+4.8
2022-11-18 07:47,0,+14.8,+17.3,+30.1,+3.0,+3.5,+4.2,+4.3,+4.8,+4.8
2022-11-18 08:47,0,+14.7,+17.3,+30.2,+3.0,+3.5,+4.1,+4.3,+4.8,+4.8
2022-11-18 09:47,0,+14.8,+17.3,+30.2,+3.0,+3.5,+4.2,+4.3,+4.8,+4.8
2022-11-18 10:47,0,+14.8,+17.3,+30.2,+2.8,+3.5,+4.2,+4.3,+4.8,+4.8
2022-11-18 11:47,0,+14.7,+17.3,+30.2,+3.0,+3.5,+4.1,+4.3,+4.8,+4.8
2022-11-18 12:47,0,+14.9,+17.3,+30.2,+2.8,+3.5,+4.2,+4.3,+4.8,+4.8
2022-11-18 13:47,0,+14.7,+17.3,+30.2,+3.0,+3.5,+4.1,+4.3,+4.8,+4.8
2022-11-18 14:47,0,+14.8,+17.4,+30.2,+3.0,+3.5,+4.1,+4.3,+4.8,+4.8
2022-11-18 15:47,0,+14.8,+17.4,+30.2,+2.8,+3.5,+4.2,+4.3,+4.8,+4.7
2022-11-18 16:47,0,+15.0,+17.4,+30.2,+2.8,+3.5,+4.1,+4.3,+4.8,+4.8
2022-11-18 17:47,0,+14.9,+17.4,+30.2,+2.8,+3.5,+4.1,+4.3,+4.7,+4.8
2022-11-18 18:47,0,+14.8,+17.4,+30.2,+3.0,+3.5,+4.1,+4.3,+4.8,+4.7
2022-11-18 19:47,0,+14.7,+17.4,+30.2,+3.0,+3.5,+4.1,+4.3,+4.8,+4.8
2022-11-18 20:47,0,+14.7,+17.3,+30.2,+2.8,+3.5,+4.1,+4.3,+4.8,+4.8
2022-11-18 21:47,0,+14.7,+17.3,+30.2,+2.8,+3.5,+4.1,+4.3,+4.7,+4.7
2022-11-18 22:47,0,+14.9,+17.3,+30.2,+2.8,+3.5,+4.1,+4.3,+4.7,+4.7
2022-11-18 23:47,0,+14.8,+17.4,+30.2,+2.8,+3.5,+4.1,+4.2,+4.7,+4.7
2022-11-19 00:47,0,+14.8,+17.3,+30.2,+2.8,+3.5,+4.1,+4.3,+4.8,+4.7
2022-11-19 01:47,0,+14.8,+17.3,+30.2,+2.8,+3.5,+4.1,+4.3,+4.7,+4.8
2022-11-19 02:47,0,+14.8,+17.3,+30.2,+2.8,+3.5,+4.1,+4.2,+4.7,+4.7
2022-11-19 03:47,0,+14.7,+17.3,+30.2,+2.8,+3.5,+4.1,+4.3,+4.7,+4.7
2022-11-19 04:47,0,+14.8,+17.3,+30.2,+2.8,+3.5,+4.1,+4.2,+4.7,+4.7
2022-11-19 05:47,0,+14.9,+17.3,+30.2,+2.8,+3.5,+4.1,+4.2,+4.7,+4.7
2022-11-19 06:47,0,+14.9,+17.3,+30.2,+2.8,+3.5,+4.1,+4.3,+4.7,+4.8
2022-11-19 07:47,0,+14.8,+17.3,+30.2,+2.8,+3.5,+4.1,+4.2,+4.7,+4.7
2022-11-19 08:47,0,+14.7,+17.3,+30.1,+2.8,+3.5,+4.1,+4.2,+4.7,+4.7
2022-11-19 09:47,0,+14.8,+17.3,+30.1,+2.8,+3.5,+4.1,+4.2,+4.7,+4.7
2022-11-19 10:47,0,+14.8,+17.3,+30.1,+2.8,+3.3,+4.1,+4.2,+4.7,+4.7
2022-11-19 11:47,0,+14.7,+17.3,+30.1,+2.8,+3.5,+4.0,+4.2,+4.7,+4.7
2022-11-19 12:47,0,+14.6,+17.3,+30.1,+2.8,+3.3,+4.1,+4.2,+4.7,+4.7
2022-11-19 13:47,0,+14.7,+17.3,+30.1,+2.7,+3.5,+4.1,+4.2,+4.7,+4.7
2022-11-19 14:47,0,+14.8,+17.3,+30.1,+2.7,+3.3,+4.1,+4.2,+4.7,+4.7
2022-11-19 15:47,0,+14.6,+17.3,+30.1,+2.8,+3.3,+4.1,+4.2,+4.7,+4.7
2022-11-19 16:47,0,+14.8,+17.3,+30.1,+2.8,+3.3,+4.0,+4.2,+4.7,+4.7
2022-11-19 17:47,0,+14.9,+17.3,+30.1,+2.8,+3.3,+4.0,+4.2,+4.7,+4.7
2022-11-19 18:47,0,+14.7,+17.3,+30.1,+2.7,+3.3,+4.1,+4.2,+4.7,+4.7
2022-11-19 19:47,0,+14.7,+17.3,+30.1,+2.8,+3.3,+4.1,+4.2,+4.7,+4.7
2022-11-19 20:47,0,+14.8,+17.3,+30.1,+2.8,+3.3,+4.0,+4.2,+4.6,+4.7
2022-11-19 21:47,0,+14.9,+17.3,+30.1,+2.8,+3.3,+4.0,+4.2,+4.7,+4.6
2022-11-19 22:47,0,+15.0,+17.3,+30.1,+2.7,+3.3,+4.0,+4.2,+4.7,+4.6
2022-11-19 23:47,0,+15.0,+17.3,+30.1,+2.7,+3.3,+4.0,+4.2,+4.7,+4.7
2022-11-20 00:47,0,+14.9,+17.3,+30.1,+2.7,+3.3,+4.0,+4.2,+4.7,+4.7
2022-11-20 01:47,0,+14.8,+17.3,+30.1,+2.7,+3.3,+4.0,+4.2,+4.7,+4.7
2022-11-20 02:47,0,+14.8,+17.3,+30.2,+2.7,+3.3,+4.0,+4.2,+4.7,+4.6
2022-11-20 03:47,0,+14.8,+17.3,+30.2,+2.7,+3.3,+4.0,+4.2,+4.6,+4.7
2022-11-20 04:47,0,+15.1,+17.3,+30.1,+2.7,+3.3,+4.0,+4.2,+4.7,+4.6
2022-11-20 05:47,0,+15.4,+17.3,+30.1,+2.7,+3.3,+4.0,+4.1,+4.6,+4.6
2022-11-20 06:47,0,+15.2,+17.3,+30.1,+2.7,+3.3,+4.0,+4.1,+4.6,+4.7
2022-11-20 07:47,0,+14.8,+17.3,+30.1,+2.7,+3.3,+4.0,+4.2,+4.7,+4.6
2022-11-20 08:47,0,+14.8,+17.3,+30.1,+2.7,+3.3,+4.0,+4.2,+4.6,+4.6
2022-11-20 09:47,0,+15.3,+17.2,+30.1,+2.7,+3.3,+4.0,+4.2,+4.7,+4.6
2022-11-20 10:47,0,+14.9,+17.2,+30.2,+2.7,+3.3,+4.0,+4.2,+4.6,+4.6
2022-11-20 11:47,0,+14.8,+17.2,+30.2,+2.7,+3.3,+4.0,+4.2,+4.6,+4.6
2022-11-20 12:47,0,+14.8,+17.2,+30.2,+2.7,+3.2,+4.0,+4.1,+4.6,+4.6
2022-11-20 13:47,0,+15.3,+17.2,+30.2,+2.7,+3.2,+3.8,+4.2,+4.6,+4.6
2022-11-20 14:47,0,+15.2,+17.2,+30.2,+2.7,+3.2,+4.0,+4.1,+4.7,+4.6
2022-11-20 15:47,0,+14.6,+17.2,+30.2,+2.7,+3.2,+3.8,+4.1,+4.6,+4.6
2022-11-20 16:47,0,+14.6,+17.2,+30.2,+2.7,+3.2,+3.8,+4.1,+4.6,+4.6
2022-11-20 17:47,0,+14.6,+17.2,+30.2,+2.7,+3.2,+4.0,+4.1,+4.6,+4.6
2022-11-20 18:47,0,+14.7,+17.2,+30.2,+2.7,+3.2,+3.8,+4.1,+4.6,+4.6
2022-11-20 19:47,0,+14.7,+17.2,+30.2,+2.7,+3.2,+3.8,+4.1,+4.6,+4.6
2022-11-20 20:47,0,+14.6,+17.2,+30.2,+2.7,+3.2,+3.8,+4.1,+4.6,+4.6
2022-11-20 21:47,0,+14.7,+17.2,+30.2,+2.7,+3.2,+3.8,+4.1,+4.6,+4.6
2022-11-20 22:47,0,+14.7,+17.1,+30.2,+2.7,+3.2,+3.8,+4.1,+4.6,+4.5
2022-11-20 23:47,0,+14.7,+17.2,+30.2,+2.7,+3.2,+3.8,+4.1,+4.6,+4.6
2022-11-21 00:47,0,+14.7,+17.1,+30.2,+2.6,+3.3,+4.0,+4.1,+4.6,+4.5
2022-11-21 01:47,0,+14.6,+17.1,+30.2,+2.7,+3.2,+3.8,+4.1,+4.6,+4.6
2022-11-21 02:47,0,+14.6,+17.1,+30.2,+2.7,+3.2,+4.0,+4.1,+4.5,+4.6
2022-11-21 03:47,0,+14.6,+17.1,+30.2,+2.7,+3.2,+4.0,+4.1,+4.5,+4.5
2022-11-21 04:47,0,+14.6,+17.1,+30.2,+2.6,+3.2,+3.8,+4.1,+4.6,+4.5
2022-11-21 05:47,0,+14.5,+17.1,+30.1,+2.7,+3.2,+3.8,+4.1,+4.5,+4.5
2022-11-21 06:47,0,+14.4,+17.1,+30.1,+2.6,+3.2,+3.8,+4.0,+4.6,+4.5
2022-11-21 07:47,0,+14.4,+17.1,+30.1,+2.6,+3.2,+3.8,+4.1,+4.6,+4.6
2022-11-21 08:47,0,+14.6,+17.1,+30.1,+2.6,+3.2,+3.8,+4.1,+4.5,+4.5
2022-11-21 09:47,0,+14.6,+17.1,+30.1,+2.6,+3.2,+3.8,+4.1,+4.6,+4.5
2022-11-21 10:47,0,+14.5,+17.1,+30.1,+2.6,+3.2,+3.8,+4.1,+4.6,+4.6
2022-11-21 11:47,0,+14.5,+17.1,+30.1,+2.6,+3.2,+3.8,+4.1,+4.5,+4.5
2022-11-21 12:47,0,+14.4,+17.1,+30.1,+2.6,+3.2,+3.8,+4.1,+4.5,+4.5
2022-11-21 13:47,0,+14.6,+17.1,+30.1,+2.6,+3.2,+3.8,+4.0,+4.5,+4.6
2022-11-21 14:47,0,+14.5,+17.1,+30.1,+2.6,+3.2,+3.8,+4.0,+4.5,+4.5
2022-11-21 15:47,0,+14.6,+17.1,+30.1,+2.6,+3.2,+3.8,+4.1,+4.5,+4.5
2022-11-21 16:47,0,+14.4,+17.1,+30.1,+2.6,+3.2,+3.7,+4.0,+4.5,+4.5
2022-11-21 17:47,0,+14.5,+17.1,+30.1,+2.6,+3.1,+3.8,+4.1,+4.5,+4.5
2022-11-21 18:47,0,+14.4,+17.1,+30.1,+2.6,+3.2,+3.7,+4.1,+4.5,+4.5
2022-11-21 19:47,0,+14.5,+17.1,+30.1,+2.6,+3.2,+3.8,+4.0,+4.5,+4.5
2022-11-21 20:47,0,+14.6,+17.1,+30.1,+2.6,+3.2,+3.8,+4.0,+4.5,+4.5
2022-11-21 21:47,0,+14.4,+17.1,+30.1,+2.6,+3.2,+3.8,+4.0,+4.5,+4.5
2022-11-21 22:47,0,+14.4,+17.1,+30.1,+2.6,+3.2,+3.8,+4.0,+4.5,+4.5
2022-11-21 23:47,0,+14.4,+17.1,+30.1,+2.6,+3.2,+3.8,+4.0,+4.5,+4.5
2022-11-22 00:47,0,+14.5,+17.1,+30.1,+2.6,+3.2,+3.7,+4.0,+4.5,+4.5
2022-11-22 01:47,0,+14.4,+17.1,+30.1,+2.6,+3.2,+3.8,+4.0,+4.5,+4.5
2022-11-22 02:47,0,+14.5,+17.1,+30.1,+2.6,+3.1,+3.8,+4.0,+4.5,+4.5
2022-11-22 03:47,0,+14.6,+17.1,+30.1,+2.6,+3.2,+3.8,+4.0,+4.5,+4.5
2022-11-22 04:47,0,+14.7,+17.1,+30.1,+2.6,+3.2,+3.8,+4.0,+4.5,+4.3
2022-11-22 05:47,0,+14.6,+17.1,+30.1,+2.6,+3.2,+3.7,+4.0,+4.5,+4.5
2022-11-22 06:47,0,+14.6,+17.1,+30.1,+2.6,+3.1,+3.7,+4.0,+4.5,+4.5
2022-11-22 07:47,0,+14.6,+17.1,+30.1,+2.6,+3.1,+3.7,+4.0,+4.5,+4.5
2022-11-22 08:47,0,+14.6,+17.1,+30.1,+2.6,+3.1,+3.8,+4.0,+4.5,+4.5
2022-11-22 09:47,0,+14.5,+17.1,+30.1,+2.6,+3.2,+3.7,+4.0,+4.5,+4.5
2022-11-22 10:47,0,+14.5,+17.1,+30.1,+2.6,+3.1,+3.7,+4.0,+4.5,+4.5
2022-11-22 11:47,0,+14.5,+17.1,+30.1,+2.6,+3.1,+3.8,+4.0,+4.3,+4.3
2022-11-22 12:47,0,+14.6,+17.1,+30.1,+2.6,+3.1,+3.7,+4.0,+4.3,+4.5
2022-11-22 13:47,0,+14.5,+17.1,+30.1,+2.6,+3.1,+3.7,+4.0,+4.5,+4.5
2022-11-22 14:47,0,+14.5,+17.1,+30.1,+2.6,+3.1,+3.7,+4.0,+4.3,+4.3
2022-11-22 15:47,0,+15.2,+17.1,+30.1,+2.6,+3.1,+3.7,+4.0,+4.5,+4.3
2022-11-22 16:47,0,+15.0,+17.1,+30.2,+2.6,+3.1,+3.7,+4.0,+4.3,+4.3
2022-11-22 17:47,0,+15.1,+17.1,+30.2,+2.6,+3.1,+3.7,+4.0,+4.5,+4.3
2022-11-22 18:47,0,+14.9,+17.1,+30.1,+2.6,+3.1,+3.7,+4.0,+4.3,+4.3
2022-11-22 19:47,0,+14.8,+17.1,+30.1,+2.6,+3.1,+3.7,+4.0,+4.3,+4.3
2022-11-22 20:47,0,+15.3,+17.1,+30.1,+2.6,+3.1,+3.8,+4.0,+4.5,+4.5
2022-11-22 21:47,0,+14.9,+17.1,+30.1,+2.6,+3.1,+3.7,+4.0,+4.3,+4.3
2022-11-22 22:47,0,+14.8,+17.1,+30.1,+2.6,+3.1,+3.7,+4.0,+4.3,+4.3
2022-11-22 23:47,0,+14.8,+17.1,+30.2,+2.6,+3.1,+3.7,+4.0,+4.5,+4.3
2022-11-23 00:47,0,+14.8,+17.1,+30.2,+2.6,+3.1,+3.7,+3.8,+4.3,+4.3
2022-11-23 01:47,0,+14.6,+17.1,+30.2,+2.6,+3.1,+3.7,+4.0,+4.3,+4.3
2022-11-23 02:47,0,+14.6,+17.1,+30.2,+2.6,+3.1,+3.7,+4.0,+4.3,+4.3
2022-11-23 03:47,0,+14.8,+17.1,+30.2,+2.5,+3.1,+3.7,+4.0,+4.3,+4.3
2022-11-23 04:47,0,+14.8,+17.1,+30.2,+2.5,+3.1,+3.7,+4.0,+4.3,+4.3
2022-11-23 05:47,0,+14.8,+17.1,+30.2,+2.6,+3.1,+3.7,+4.0,+4.3,+4.3
2022-11-23 06:47,0,+14.8,+17.1,+30.2,+2.6,+3.1,+3.7,+4.0,+4.3,+4.3
2022-11-23 07:47,0,+14.8,+17.1,+30.2,+2.5,+3.1,+3.7,+4.0,+4.3,+4.3
2022-11-23 08:47,0,+14.9,+17.1,+30.2,+2.5,+3.1,+3.7,+3.8,+4.3,+4.3
2022-11-23 09:47,0,+14.9,+17.1,+30.2,+2.5,+3.1,+3.7,+4.0,+4.3,+4.3
2022-11-23 10:47,0,+14.9,+17.1,+30.2,+2.6,+3.1,+3.7,+3.8,+4.3,+4.3
2022-11-23 11:47,0,+14.8,+17.1,+30.2,+2.5,+3.1,+3.7,+3.8,+4.3,+4.3
2022-11-23 12:47,0,+14.8,+17.1,+30.2,+2.5,+3.1,+3.7,+4.0,+4.3,+4.3
2022-11-23 13:47,0,+14.9,+17.1,+30.2,+2.5,+3.1,+3.7,+4.0,+4.3,+4.3
2022-11-23 14:47,0,+15.0,+17.1,+30.2,+2.5,+3.1,+3.7,+3.8,+4.3,+4.3
2022-11-23 15:47,0,+14.7,+17.1,+30.2,+2.5,+3.1,+3.7,+3.8,+4.3,+4.3
2022-11-23 16:47,0,+14.7,+17.1,+30.2,+2.6,+3.1,+3.7,+3.8,+4.3,+4.3
2022-11-23 17:47,0,+14.8,+17.1,+30.2,+2.5,+3.1,+3.7,+3.8,+4.3,+4.3
2022-11-23 18:47,0,+14.8,+17.1,+30.2,+2.5,+3.1,+3.7,+3.8,+4.3,+4.3
2022-11-23 19:47,0,+14.7,+17.1,+30.2,+2.6,+3.1,+3.7,+3.8,+4.3,+4.3
2022-11-23 20:47,0,+14.6,+17.1,+30.2,+2.5,+3.1,+3.7,+3.8,+4.3,+4.3
2022-11-23 21:47,0,+14.7,+17.1,+30.2,+2.5,+3.1,+3.7,+3.8,+4.3,+4.3
2022-11-23 22:47,0,+14.8,+17.1,+30.2,+2.5,+3.1,+3.7,+3.8,+4.2,+4.3
2022-11-23 23:47,0,+14.9,+17.1,+30.2,+2.5,+3.1,+3.7,+3.8,+4.3,+4.2
2022-11-24 00:47,0,+14.6,+17.1,+30.2,+2.5,+3.0,+3.7,+3.8,+4.2,+4.3
2022-11-24 01:47,0,+15.0,+17.1,+30.2,+2.5,+3.1,+3.6,+3.8,+4.2,+4.2
2022-11-24 02:47,0,+14.9,+17.1,+30.2,+2.5,+3.1,+3.6,+3.8,+4.2,+4.2
2022-11-24 03:47,0,+14.6,+17.1,+30.2,+2.5,+3.1,+3.7,+3.8,+4.2,+4.2
2022-11-24 04:47,0,+14.9,+17.1,+30.2,+2.5,+3.0,+3.7,+3.8,+4.3,+4.2
2022-11-24 05:47,0,+15.0,+17.1,+30.2,+2.5,+3.0,+3.7,+3.8,+4.3,+4.3
2022-11-24 06:47,0,+14.6,+17.1,+30.2,+2.5,+3.1,+3.7,+3.8,+4.3,+4.2
2022-11-24 07:47,0,+14.6,+17.1,+30.2,+2.5,+3.0,+3.6,+3.7,+4.2,+4.2
2022-11-24 08:47,0,+15.0,+17.1,+30.2,+2.5,+3.1,+3.7,+3.7,+4.2,+4.2
2022-11-24 09:47,0,+15.1,+17.1,+30.2,+2.5,+3.0,+3.6,+3.8,+4.2,+4.2
2022-11-24 10:47,0,+14.9,+17.1,+30.2,+2.5,+3.0,+3.7,+3.8,+4.3,+4.2
2022-11-24 11:47,0,+14.9,+17.1,+30.2,+2.5,+3.1,+3.6,+3.7,+4.2,+4.2
2022-11-24 12:47,0,+15.0,+17.1,+30.2,+2.5,+3.0,+3.6,+3.8,+4.3,+4.2
2022-11-24 13:47,0,+14.9,+17.1,+30.2,+2.5,+3.0,+3.6,+3.7,+4.2,+4.2
2022-11-24 14:47,0,+14.8,+17.1,+30.2,+2.5,+3.0,+3.6,+3.7,+4.2,+4.2
2022-11-24 15:47,0,+14.9,+17.1,+30.2,+2.5,+3.0,+3.6,+3.8,+4.2,+4.2
2022-11-24 16:47,0,+14.7,+17.1,+30.2,+2.5,+3.0,+3.6,+3.8,+4.2,+4.2
2022-11-24 17:47,0,+14.9,+17.1,+30.2,+2.5,+3.0,+3.6,+3.7,+4.2,+4.2
2022-11-24 18:47,0,+14.8,+17.1,+30.2,+2.5,+3.1,+3.6,+3.8,+4.2,+4.2
2022-11-24 19:47,0,+15.2,+17.1,+30.2,+2.5,+3.0,+3.6,+3.8,+4.2,+4.2
2022-11-24 20:47,0,+15.3,+17.1,+30.2,+2.5,+3.0,+3.6,+3.7,+4.2,+4.2
2022-11-24 21:47,0,+15.2,+17.1,+30.2,+2.5,+3.0,+3.6,+3.8,+4.2,+4.2
2022-11-24 22:47,0,+15.1,+17.1,+30.2,+2.5,+3.0,+3.6,+3.7,+4.2,+4.2
2022-11-24 23:47,0,+15.1,+17.1,+30.2,+2.5,+3.0,+3.6,+3.7,+4.2,+4.2
2022-11-25 00:47,0,+15.1,+17.1,+30.2,+2.5,+3.0,+3.6,+3.8,+4.2,+4.2
2022-11-25 01:47,0,+15.0,+17.1,+30.2,+2.5,+3.0,+3.6,+3.8,+4.2,+4.2
2022-11-25 02:47,0,+15.1,+17.1,+30.2,+2.5,+3.0,+3.6,+3.7,+4.2,+4.2
2022-11-25 03:47,0,+15.0,+17.1,+30.2,+2.5,+3.0,+3.6,+3.7,+4.2,+4.2
2022-11-25 04:47,0,+15.0,+17.1,+30.2,+2.3,+3.0,+3.6,+3.8,+4.2,+4.2
2022-11-25 05:47,0,+15.0,+17.1,+30.2,+2.3,+3.0,+3.6,+3.8,+4.2,+4.2
2022-11-25 06:47,0,+14.9,+17.1,+30.2,+2.3,+3.0,+3.6,+3.7,+4.2,+4.2
2022-11-25 07:47,0,+15.0,+17.1,+30.2,+2.3,+3.0,+3.6,+3.8,+4.2,+4.2
2022-11-25 08:47,0,+15.0,+17.1,+30.2,+2.3,+3.0,+3.6,+3.7,+4.2,+4.2
2022-11-25 09:47,0,+14.9,+17.1,+30.2,+2.3,+3.0,+3.6,+3.7,+4.2,+4.2
2022-11-25 10:47,0,+14.8,+17.1,+30.2,+2.3,+3.0,+3.6,+3.7,+4.2,+4.2
2022-11-25 11:47,0,+14.8,+17.1,+30.2,+2.3,+3.0,+3.6,+3.7,+4.2,+4.2
2022-11-25 12:47,0,+14.9,+17.1,+30.2,+2.3,+3.0,+3.6,+3.7,+4.2,+4.1
2022-11-25 13:47,0,+15.0,+17.1,+30.2,+2.3,+2.8,+3.5,+3.7,+4.1,+4.2
2022-11-25 14:47,0,+15.0,+17.1,+30.2,+2.3,+2.8,+3.6,+3.7,+4.1,+4.2
2022-11-25 15:47,0,+14.9,+17.1,+30.2,+2.3,+3.0,+3.6,+3.7,+4.2,+4.2
2022-11-25 16:47,0,+14.8,+17.1,+30.2,+2.3,+2.8,+3.5,+3.7,+4.2,+4.1
2022-11-25 17:47,0,+15.0,+17.1,+30.2,+2.3,+2.8,+3.5,+3.7,+4.2,+4.2
2022-11-25 18:47,0,+14.9,+17.1,+30.2,+2.3,+3.0,+3.5,+3.7,+4.1,+4.1
2022-11-25 19:47,0,+14.7,+17.1,+30.2,+2.3,+2.8,+3.6,+3.7,+4.1,+4.2
2022-11-25 20:47,0,+14.8,+17.1,+30.2,+2.3,+3.0,+3.5,+3.7,+4.1,+4.1
2022-11-25 21:47,0,+15.0,+17.1,+30.2,+2.3,+2.8,+3.6,+3.7,+4.2,+4.1
2022-11-25 22:47,0,+14.8,+17.1,+30.3,+2.3,+2.8,+3.6,+3.7,+4.2,+4.1
2022-11-25 23:47,0,+14.9,+17.1,+30.3,+2.3,+3.0,+3.5,+3.7,+4.1,+4.1
2022-11-26 00:47,0,+15.4,+17.1,+30.3,+2.3,+2.8,+3.5,+3.7,+4.2,+4.1
2022-11-26 01:47,0,+15.5,+17.1,+30.3,+2.3,+3.0,+3.5,+3.7,+4.1,+4.1
2022-11-26 02:47,0,+16.1,+17.1,+30.3,+2.3,+2.8,+3.6,+3.7,+4.1,+4.1
2022-11-26 03:47,0,+15.7,+17.2,+30.3,+2.3,+2.8,+3.5,+3.7,+4.1,+4.1
2022-11-26 04:47,0,+15.8,+17.2,+30.3,+2.3,+2.8,+3.5,+3.7,+4.1,+4.1
2022-11-26 05:47,0,+16.2,+17.2,+30.3,+2.3,+2.8,+3.5,+3.7,+4.1,+4.1
2022-11-26 06:47,0,+15.6,+17.2,+30.3,+2.3,+2.8,+3.5,+3.7,+4.1,+4.1
2022-11-26 07:47,0,+16.1,+17.2,+30.3,+2.3,+2.8,+3.5,+3.7,+4.1,+4.1
2022-11-26 08:47,0,+15.7,+17.2,+30.3,+2.3,+2.8,+3.5,+3.7,+4.1,+4.1
2022-11-26 09:47,0,+16.0,+17.2,+30.3,+2.3,+2.8,+3.5,+3.7,+4.1,+4.1
2022-11-26 10:47,0,+16.1,+17.2,+30.3,+2.3,+2.8,+3.5,+3.7,+4.1,+4.1
2022-11-26 11:47,0,+16.5,+17.2,+30.3,+2.3,+3.0,+3.5,+3.7,+4.1,+4.1
2022-11-26 12:47,0,+16.1,+17.2,+30.3,+2.3,+2.8,+3.5,+3.6,+4.1,+4.1
2022-11-26 13:47,0,+17.3,+19.5,+30.4,+2.3,+2.8,+3.5,+3.6,+4.1,+4.1
2022-11-26 14:47,0,+20.8,+19.7,+30.5,+2.3,+2.8,+3.5,+3.7,+4.1,+4.1
2022-11-26 15:47,0,+20.8,+21.7,+30.8,+2.2,+2.8,+3.5,+3.7,+4.1,+4.1
2022-11-26 16:47,0,+19.5,+21.8,+30.9,+2.3,+2.8,+3.5,+3.7,+4.1,+4.1
2022-11-26 17:47,0,+20.1,+21.8,+31.1,+2.2,+2.8,+3.5,+3.7,+4.1,+4.1
2022-11-26 18:47,0,+19.7,+21.7,+31.2,+2.2,+2.7,+3.5,+3.6,+4.1,+4.1
2022-11-26 19:47,0,+18.5,+21.4,+31.2,+2.2,+2.7,+3.5,+3.6,+4.1,+4.1
2022-11-26 20:47,0,+17.3,+21.2,+31.2,+2.2,+2.7,+3.5,+3.6,+4.1,+4.1
2022-11-26 21:47,0,+17.0,+21.0,+31.3,+2.2,+2.7,+3.5,+3.6,+4.1,+4.1
2022-11-26 22:47,0,+16.6,+20.9,+31.3,+2.2,+2.8,+3.3,+3.7,+4.1,+4.0
2022-11-26 23:47,0,+16.3,+20.8,+31.3,+2.2,+2.8,+3.5,+3.6,+4.1,+4.1
2022-11-27 00:47,0,+16.2,+20.6,+31.3,+2.2,+2.8,+3.5,+3.7,+4.1,+4.0
2022-11-27 01:47,0,+16.1,+20.5,+31.4,+2.2,+2.7,+3.3,+3.6,+4.1,+4.1
2022-11-27 02:47,0,+16.1,+20.3,+31.4,+2.2,+2.8,+3.5,+3.6,+4.0,+4.0
2022-11-27 03:47,0,+15.9,+20.3,+31.4,+2.2,+2.8,+3.3,+3.6,+4.1,+4.1
2022-11-27 04:47,0,+15.9,+20.2,+31.4,+2.2,+2.8,+3.5,+3.6,+4.0,+4.0
2022-11-27 05:47,0,+15.8,+20.1,+31.4,+2.2,+2.8,+3.3,+3.6,+4.1,+4.0
2022-11-27 06:47,0,+15.7,+20.0,+31.4,+2.1,+2.7,+3.3,+3.6,+4.0,+4.0
2022-11-27 07:47,0,+15.8,+19.8,+31.5,+2.1,+2.7,+3.3,+3.6,+4.0,+4.0
2022-11-27 08:47,0,+15.8,+19.7,+31.5,+2.1,+2.7,+3.3,+3.6,+4.0,+4.0
2022-11-27 09:47,0,+15.6,+19.5,+31.5,+2.1,+2.7,+3.3,+3.6,+4.0,+4.0
2022-11-27 10:47,0,+15.7,+19.5,+31.5,+2.0,+2.7,+3.3,+3.6,+4.0,+4.0
2022-11-27 11:47,0,+15.6,+19.4,+31.5,+2.0,+2.7,+3.3,+3.6,+4.0,+4.0
2022-11-27 12:47,0,+15.6,+19.3,+31.6,+2.0,+2.6,+3.3,+3.6,+4.0,+4.1
2022-11-27 13:47,0,+15.6,+19.2,+31.6,+2.1,+2.6,+3.3,+3.5,+4.0,+4.0
2022-11-27 14:47,0,+15.5,+19.1,+31.6,+2.1,+2.6,+3.3,+3.5,+4.0,+4.0
2022-11-27 15:47,0,+15.7,+19.0,+31.6,+2.1,+2.7,+3.3,+3.5,+4.0,+4.0
2022-11-27 16:47,0,+15.7,+18.9,+31.7,+2.1,+2.6,+3.3,+3.5,+4.0,+4.0
2022-11-27 17:47,0,+15.6,+18.8,+31.7,+2.0,+2.6,+3.2,+3.5,+4.0,+4.0
2022-11-27 18:47,0,+15.2,+18.7,+31.7,+2.0,+2.6,+3.2,+3.5,+4.0,+4.0
2022-11-27 19:47,0,+15.1,+18.6,+31.7,+2.0,+2.6,+3.3,+3.5,+4.0,+4.0
2022-11-27 20:47,0,+15.1,+18.5,+31.7,+2.0,+2.6,+3.2,+3.5,+3.8,+4.0
2022-11-27 21:47,0,+15.3,+18.5,+31.7,+2.0,+2.6,+3.2,+3.5,+4.0,+4.0
2022-11-27 22:47,0,+15.3,+18.4,+31.7,+2.0,+2.6,+3.2,+3.5,+4.0,+4.0
2022-11-27 23:47,0,+15.3,+18.3,+31.7,+1.8,+2.6,+3.2,+3.5,+4.0,+3.8
2022-11-28 00:47,0,+15.1,+18.3,+31.7,+1.8,+2.6,+3.2,+3.5,+3.8,+3.8
2022-11-28 01:47,0,+15.1,+18.3,+31.7,+1.7,+2.5,+3.2,+3.5,+3.8,+3.8
2022-11-28 02:47,0,+15.1,+18.3,+31.7,+1.7,+2.5,+3.2,+3.3,+4.0,+4.0
2022-11-28 03:47,0,+15.2,+18.2,+31.7,+1.7,+2.5,+3.1,+3.3,+3.8,+3.8
2022-11-28 04:47,0,+15.1,+18.2,+31.6,+1.6,+2.3,+3.1,+3.3,+3.8,+3.8
2022-11-28 05:47,0,+15.2,+18.2,+31.5,+1.6,+2.3,+3.1,+3.3,+3.8,+3.8
2022-11-28 06:47,0,+15.2,+18.2,+31.5,+1.6,+2.3,+3.1,+3.3,+3.8,+3.8
2022-11-28 07:47,0,+15.2,+18.1,+31.4,+1.6,+2.2,+3.1,+3.3,+3.8,+3.8
2022-11-28 08:47,0,+15.2,+18.1,+31.4,+1.6,+2.2,+3.1,+3.3,+3.8,+3.8
2022-11-28 09:47,0,+15.2,+18.1,+31.4,+1.5,+2.2,+3.0,+3.3,+3.8,+3.8
2022-11-28 10:47,0,+15.2,+18.1,+31.4,+1.5,+2.2,+3.0,+3.3,+3.8,+3.8
2022-11-28 11:47,0,+15.3,+18.0,+31.4,+1.5,+2.2,+3.0,+3.3,+3.7,+3.8
2022-11-28 12:47,0,+15.2,+18.0,+31.4,+1.5,+2.2,+3.0,+3.3,+3.7,+3.8
2022-11-28 13:47,0,+15.2,+18.0,+31.4,+1.5,+2.2,+3.0,+3.2,+3.8,+3.7
2022-11-28 14:47,0,+15.1,+18.0,+31.4,+1.5,+2.2,+3.0,+3.2,+3.7,+3.8
2022-11-28 15:47,0,+15.2,+18.0,+31.3,+1.6,+2.2,+3.0,+3.2,+3.7,+3.7
2022-11-28 16:47,0,+15.1,+17.9,+31.3,+1.5,+2.2,+3.0,+3.2,+3.7,+3.7
2022-11-28 17:47,0,+15.1,+17.9,+31.3,+1.6,+2.2,+3.0,+3.2,+3.7,+3.7
2022-11-28 18:47,0,+15.1,+17.9,+31.2,+1.6,+2.2,+2.8,+3.2,+3.7,+3.7
2022-11-28 19:47,0,+15.1,+17.9,+31.2,+1.6,+2.2,+3.0,+3.2,+3.7,+3.7
2022-11-28 20:47,0,+15.1,+17.9,+31.2,+1.6,+2.2,+2.8,+3.1,+3.7,+3.7
2022-11-28 21:47,0,+15.1,+17.9,+31.1,+1.6,+2.2,+2.8,+3.2,+3.7,+3.7
2022-11-28 22:47,0,+15.0,+17.9,+31.1,+1.6,+2.2,+2.8,+3.2,+3.7,+3.7
2022-11-28 23:47,0,+15.1,+17.9,+31.1,+1.6,+2.2,+3.0,+3.1,+3.7,+3.7
2022-11-29 00:47,0,+15.1,+17.9,+31.0,+1.6,+2.2,+2.8,+3.2,+3.7,+3.7
2022-11-29 01:47,0,+15.1,+17.8,+31.0,+1.6,+2.2,+2.8,+3.2,+3.7,+3.7
2022-11-29 02:47,0,+15.1,+17.8,+31.0,+1.6,+2.2,+3.0,+3.1,+3.7,+3.6
2022-11-29 03:47,0,+15.2,+17.8,+31.0,+1.6,+2.2,+2.8,+3.1,+3.7,+3.7
2022-11-29 04:47,0,+15.1,+17.7,+31.0,+1.6,+2.2,+2.8,+3.1,+3.6,+3.6
2022-11-29 05:47,0,+15.1,+17.7,+31.0,+1.6,+2.2,+2.8,+3.1,+3.6,+3.6
2022-11-29 06:47,0,+15.2,+17.7,+31.0,+1.6,+2.2,+2.8,+3.1,+3.7,+3.6
2022-11-29 07:47,0,+15.2,+17.7,+31.0,+1.6,+2.2,+2.8,+3.1,+3.6,+3.7
2022-11-29 08:47,0,+15.6,+17.7,+31.0,+1.6,+2.2,+2.8,+3.1,+3.6,+3.7
2022-11-29 09:47,0,+15.6,+17.6,+30.9,+1.5,+2.1,+2.8,+3.1,+3.6,+3.6
2022-11-29 10:47,0,+15.5,+17.6,+30.9,+1.5,+2.2,+2.8,+3.1,+3.6,+3.6
2022-11-29 11:47,0,+15.6,+17.6,+31.0,+1.5,+2.1,+2.8,+3.1,+3.6,+3.6
2022-11-29 12:47,0,+14.9,+17.6,+30.9,+1.5,+2.1,+2.8,+3.1,+3.6,+3.6
2022-11-29 13:47,0,+14.9,+17.6,+30.9,+1.5,+2.1,+2.8,+3.1,+3.6,+3.6
2022-11-29 14:47,0,+14.9,+17.6,+30.9,+1.5,+2.1,+2.8,+3.1,+3.6,+3.6
2022-11-29 15:47,0,+14.9,+17.6,+30.9,+1.5,+2.1,+2.8,+3.1,+3.6,+3.6
2022-11-29 16:47,0,+14.8,+17.6,+30.9,+1.5,+2.1,+2.8,+3.1,+3.6,+3.6
2022-11-29 17:47,0,+14.8,+17.6,+30.9,+1.5,+2.1,+2.8,+3.1,+3.6,+3.6
2022-11-29 18:47,0,+15.0,+17.6,+30.8,+1.5,+2.1,+2.8,+3.1,+3.6,+3.6
2022-11-29 19:47,0,+14.9,+17.6,+30.8,+1.3,+2.1,+2.8,+3.1,+3.6,+3.5
2022-11-29 20:47,0,+14.9,+17.6,+30.8,+1.3,+2.1,+2.8,+3.1,+3.6,+3.6
2022-11-29 21:47,0,+14.8,+17.5,+30.8,+1.3,+2.1,+2.8,+3.1,+3.6,+3.6
2022-11-29 22:47,0,+14.8,+17.5,+30.8,+1.3,+2.1,+2.7,+3.0,+3.5,+3.6
2022-11-29 23:47,0,+14.9,+17.5,+30.8,+1.3,+2.0,+2.7,+3.0,+3.6,+3.5
2022-11-30 00:47,0,+14.9,+17.4,+30.8,+1.3,+2.0,+2.7,+3.0,+3.6,+3.5
2022-11-30 01:47,0,+14.8,+17.4,+30.8,+1.2,+2.0,+2.7,+3.0,+3.6,+3.5
2022-11-30 02:47,0,+14.8,+17.4,+30.7,+1.2,+2.0,+2.7,+3.0,+3.5,+3.5
2022-11-30 03:47,0,+14.8,+17.4,+30.7,+1.2,+2.0,+2.7,+3.0,+3.5,+3.6
2022-11-30 04:47,0,+14.8,+17.4,+30.7,+1.2,+2.0,+2.7,+3.0,+3.5,+3.5
2022-11-30 05:47,0,+14.9,+17.4,+30.7,+1.2,+2.0,+2.7,+3.0,+3.5,+3.5
2022-11-30 06:47,0,+15.1,+17.4,+30.7,+1.2,+2.0,+2.7,+3.0,+3.5,+3.5
2022-11-30 07:47,0,+15.0,+17.4,+30.6,+1.1,+2.0,+2.7,+3.0,+3.5,+3.5
2022-11-30 08:47,0,+14.9,+17.3,+30.6,+1.1,+1.8,+2.6,+3.0,+3.5,+3.5
2022-11-30 09:47,0,+15.0,+17.3,+30.6,+1.1,+1.8,+2.6,+3.0,+3.5,+3.5
2022-11-30 10:47,0,+15.1,+17.3,+30.6,+1.1,+1.8,+2.6,+3.0,+3.5,+3.5
2022-11-30 11:47,0,+14.9,+17.3,+30.6,+1.0,+1.8,+2.6,+2.8,+3.5,+3.3
2022-11-30 12:47,0,+14.9,+17.3,+30.5,+1.0,+1.8,+2.6,+2.8,+3.3,+3.5
2022-11-30 13:47,0,+14.9,+17.3,+30.5,+1.0,+1.7,+2.6,+2.8,+3.3,+3.5
2022-11-30 14:47,0,+14.8,+17.3,+30.5,+1.0,+1.7,+2.6,+2.8,+3.3,+3.5
2022-11-30 15:47,0,+14.9,+17.3,+30.5,+1.0,+1.7,+2.6,+2.8,+3.3,+3.5
2022-11-30 16:47,0,+15.0,+17.3,+30.5,+1.0,+1.7,+2.5,+2.8,+3.3,+3.3
2022-11-30 17:47,0,+15.8,+17.3,+30.5,+1.0,+1.7,+2.5,+2.8,+3.3,+3.3
2022-11-30 18:47,0,+16.0,+17.3,+30.5,+1.0,+1.7,+2.5,+2.8,+3.3,+3.3
2022-11-30 19:47,0,+16.0,+17.3,+30.5,+0.8,+1.7,+2.5,+2.8,+3.3,+3.3
2022-11-30 20:47,0,+16.3,+17.2,+30.4,+0.8,+1.6,+2.5,+2.7,+3.3,+3.3
2022-11-30 21:47,0,+15.8,+17.2,+30.4,+0.7,+1.6,+2.5,+2.7,+3.3,+3.3
2022-11-30 22:47,0,+16.0,+17.2,+30.4,+0.8,+1.6,+2.5,+2.7,+3.3,+3.3
2022-11-30 23:47,0,+16.0,+17.2,+30.3,+0.8,+1.6,+2.5,+2.7,+3.3,+3.3
2022-12-01 00:47,0,+15.7,+17.2,+30.3,+0.7,+1.6,+2.5,+2.7,+3.3,+3.3
2022-12-01 01:47,0,+15.7,+17.2,+30.3,+0.7,+1.6,+2.3,+2.7,+3.2,+3.3
2022-12-01 02:47,0,+15.6,+17.2,+30.3,+0.7,+1.5,+2.3,+2.7,+3.2,+3.3
2022-12-01 03:47,0,+16.3,+17.2,+30.3,+0.7,+1.5,+2.3,+2.7,+3.2,+3.2
2022-12-01 04:47,0,+16.1,+17.2,+30.3,+0.6,+1.5,+2.3,+2.7,+3.2,+3.3
2022-12-01 05:47,0,+15.7,+17.2,+30.3,+0.7,+1.5,+2.3,+2.7,+3.2,+3.2
2022-12-01 06:47,0,+15.8,+17.2,+30.3,+0.7,+1.5,+2.3,+2.6,+3.2,+3.2
2022-12-01 07:47,0,+15.8,+17.2,+30.3,+0.7,+1.5,+2.3,+2.7,+3.2,+3.3
2022-12-01 08:47,0,+15.8,+17.2,+30.3,+0.6,+1.5,+2.2,+2.6,+3.2,+3.2
2022-12-01 09:47,0,+16.0,+17.2,+30.3,+0.6,+1.5,+2.2,+2.6,+3.2,+3.2
2022-12-01 10:47,0,+15.9,+17.2,+30.3,+0.6,+1.3,+2.2,+2.6,+3.2,+3.2
2022-12-01 11:47,0,+15.7,+17.1,+30.3,+0.6,+1.3,+2.2,+2.6,+3.2,+3.2
2022-12-01 12:47,0,+15.5,+17.1,+30.3,+0.6,+1.3,+2.2,+2.6,+3.1,+3.2
2022-12-01 13:47,0,+15.7,+17.1,+30.3,+0.6,+1.3,+2.2,+2.6,+3.1,+3.2
2022-12-01 14:47,0,+15.8,+17.1,+30.3,+0.6,+1.3,+2.2,+2.6,+3.1,+3.2
2022-12-01 15:47,0,+15.9,+17.1,+30.3,+0.7,+1.3,+2.2,+2.6,+3.1,+3.2
2022-12-01 16:47,0,+15.7,+17.1,+30.3,+0.6,+1.3,+2.1,+2.5,+3.1,+3.1
2022-12-01 17:47,0,+15.7,+17.1,+30.3,+0.6,+1.3,+2.1,+2.5,+3.1,+3.1
2022-12-01 18:47,0,+15.9,+17.1,+30.3,+0.6,+1.3,+2.2,+2.5,+3.1,+3.1
2022-12-01 19:47,0,+15.6,+17.1,+30.3,+0.6,+1.3,+2.1,+2.5,+3.1,+3.1
2022-12-01 20:47,0,+15.4,+17.1,+30.3,+0.6,+1.3,+2.1,+2.5,+3.1,+3.1
2022-12-01 21:47,0,+15.5,+17.1,+30.3,+0.6,+1.3,+2.2,+2.5,+3.1,+3.1
2022-12-01 22:47,0,+16.0,+17.1,+30.3,+0.6,+1.3,+2.1,+2.5,+3.1,+3.1
2022-12-01 23:47,0,+16.1,+17.1,+30.3,+0.6,+1.3,+2.1,+2.5,+3.1,+3.1
2022-12-02 00:47,0,+16.2,+17.1,+30.3,+0.6,+1.3,+2.1,+2.5,+3.1,+3.1
2022-12-02 01:47,0,+16.1,+17.1,+30.3,+0.5,+1.3,+2.2,+2.5,+3.1,+3.1
2022-12-02 02:47,0,+16.1,+17.1,+30.3,+0.6,+1.3,+2.1,+2.5,+3.0,+3.1
2022-12-02 03:47,0,+16.1,+17.1,+30.3,+0.6,+1.2,+2.1,+2.5,+3.0,+3.1
2022-12-02 04:47,0,+15.4,+17.0,+30.3,+0.6,+1.3,+2.1,+2.5,+3.0,+3.0
2022-12-02 05:47,0,+15.4,+17.0,+30.3,+0.6,+1.2,+2.1,+2.5,+3.0,+3.1
2022-12-02 06:47,0,+15.4,+17.0,+30.3,+0.6,+1.2,+2.1,+2.5,+3.0,+3.1
2022-12-02 07:47,0,+15.1,+17.0,+30.3,+0.6,+1.3,+2.1,+2.5,+3.0,+3.0
2022-12-02 08:47,0,+15.0,+17.0,+30.3,+0.6,+1.2,+2.1,+2.3,+3.0,+3.0
2022-12-02 09:47,0,+14.9,+17.0,+30.3,+0.6,+1.2,+2.1,+2.3,+3.0,+3.0
2022-12-02 10:47,0,+15.1,+17.0,+30.3,+0.6,+1.2,+2.1,+2.3,+3.0,+3.0
2022-12-02 11:47,0,+15.2,+17.0,+30.2,+0.6,+1.2,+2.0,+2.5,+3.0,+3.0
2022-12-02 12:47,0,+15.0,+17.0,+30.3,+0.6,+1.2,+2.1,+2.3,+3.0,+3.0
2022-12-02 13:47,0,+15.4,+17.0,+30.2,+0.6,+1.3,+2.1,+2.3,+3.0,+3.0
2022-12-02 14:47,0,+15.2,+17.0,+30.2,+0.6,+1.2,+2.1,+2.5,+3.0,+3.0