
2024-06-19 08:59,1,+13.1,+17.6,+21.8,+14.1,+14.6,+14.6,+14.3,+14.0,+13.8
2024-06-19 09:59,1,+12.8,+17.2,+21.2,+14.8,+14.9,+14.5,+14.1,+13.6,+13.4
2024-06-19 10:59,1,+12.8,+17.2,+21.2,+14.9,+14.9,+14.4,+14.1,+13.6,+13.4
2024-06-19 11:59,1,+12.7,+17.2,+21.2,+15.0,+14.9,+14.4,+14.0,+13.6,+13.3
2024-06-19 12:59,1,+12.6,+17.1,+21.2,+15.0,+14.9,+14.4,+14.0,+13.6,+13.4
2024-06-19 13:59,1,+12.6,+17.1,+21.2,+15.1,+14.9,+14.4,+14.0,+13.5,+13.3
2024-06-19 14:59,1,+12.6,+17.1,+21.1,+15.1,+14.9,+14.4,+14.0,+13.6,+13.3
2024-06-19 15:59,1,+12.9,+17.1,+21.1,+15.4,+14.9,+14.4,+14.0,+13.5,+13.3
2024-06-19 16:59,1,+13.3,+17.0,+21.1,+15.4,+15.0,+14.4,+13.9,+13.5,+13.3
2024-06-19 17:59,1,+13.7,+17.0,+21.1,+15.5,+15.0,+14.4,+13.9,+13.5,+13.3
2024-06-19 18:59,1,+13.0,+17.0,+21.0,+15.5,+15.1,+14.4,+13.9,+13.5,+13.3
2024-06-19 19:59,1,+13.1,+17.0,+21.0,+15.5,+15.1,+14.4,+13.9,+13.5,+13.3
2024-06-19 20:59,1,+12.6,+17.0,+21.0,+15.4,+15.1,+14.4,+13.9,+13.5,+13.1
2024-06-19 21:59,1,+13.4,+17.0,+21.0,+15.3,+15.1,+14.5,+13.9,+13.5,+13.3
2024-06-19 22:59,1,+14.0,+17.0,+21.0,+15.0,+15.0,+14.4,+13.9,+13.5,+13.3
2024-06-19 23:59,1,+13.9,+17.0,+20.9,+14.8,+14.9,+14.4,+14.0,+13.4,+13.3
2024-06-20 00:59,1,+13.9,+16.9,+20.9,+14.6,+14.8,+14.4,+13.9,+13.5,+13.3
2024-06-20 01:59,1,+13.7,+16.9,+20.9,+14.4,+14.8,+14.4,+13.9,+13.5,+13.3
2024-06-20 02:59,1,+14.0,+16.9,+20.9,+14.3,+14.6,+14.3,+13.9,+13.5,+13.3
2024-06-20 03:59,1,+14.0,+16.9,+20.9,+14.1,+14.5,+14.1,+13.9,+13.5,+13.3
2024-06-20 04:59,1,+13.6,+16.8,+20.9,+13.9,+14.4,+14.1,+13.9,+13.4,+13.3
2024-06-20 05:59,1,+13.5,+16.8,+20.8,+13.9,+14.3,+14.0,+13.8,+13.5,+13.3
2024-06-20 06:59,1,+13.3,+16.8,+20.8,+13.8,+14.1,+14.0,+13.8,+13.4,+13.3
2024-06-20 07:59,1,+13.5,+16.8,+20.8,+13.8,+14.1,+14.0,+13.8,+13.4,+13.1
2024-06-20 08:59,1,+14.0,+16.8,+20.8,+13.9,+14.0,+13.9,+13.8,+13.4,+13.1
2024-06-20 09:59,1,+13.9,+16.8,+20.8,+13.9,+14.0,+13.8,+13.6,+13.4,+13.1
2024-06-20 10:59,1,+13.6,+16.8,+20.8,+14.1,+14.0,+13.8,+13.6,+13.4,+13.1
2024-06-20 11:59,1,+13.9,+16.7,+20.8,+14.3,+14.0,+13.8,+13.5,+13.4,+13.1
2024-06-20 12:59,1,+13.6,+16.7,+20.8,+14.4,+14.1,+13.8,+13.5,+13.3,+13.0
2024-06-20 13:59,1,+13.7,+16.7,+20.7,+14.6,+14.3,+13.8,+13.5,+13.3,+13.0
2024-06-20 14:59,1,+14.0,+16.6,+20.7,+14.8,+14.3,+13.8,+13.5,+13.3,+13.0
2024-06-20 15:59,1,+13.6,+16.5,+20.7,+14.8,+14.4,+13.9,+13.5,+13.3,+13.0
2024-06-20 16:59,1,+13.8,+16.5,+20.7,+15.0,+14.4,+13.9,+13.5,+13.1,+13.0
2024-06-20 17:59,1,+13.6,+16.4,+20.7,+15.0,+14.5,+13.9,+13.5,+13.1,+13.0
2024-06-20 18:59,1,+13.4,+16.4,+20.7,+15.0,+14.6,+13.9,+13.5,+13.3,+13.0
2024-06-20 19:59,1,+12.9,+16.4,+20.7,+15.0,+14.6,+14.0,+13.5,+13.1,+13.0
2024-06-20 20:59,1,+13.1,+16.4,+20.7,+15.0,+14.6,+13.9,+13.5,+13.1,+13.0
2024-06-20 21:59,1,+13.3,+16.4,+20.6,+14.9,+14.6,+13.9,+13.5,+13.1,+13.0
2024-06-20 22:59,1,+13.5,+16.4,+20.6,+14.6,+14.6,+14.0,+13.6,+13.1,+13.0
2024-06-20 23:59,1,+13.7,+16.4,+20.6,+14.5,+14.6,+14.0,+13.5,+13.3,+13.0
2024-06-21 00:59,1,+13.6,+16.4,+20.6,+14.4,+14.5,+14.0,+13.5,+13.3,+13.0
2024-06-21 01:59,1,+12.3,+16.4,+20.6,+14.3,+14.4,+13.9,+13.6,+13.3,+13.0
2024-06-21 02:59,1,+12.3,+16.3,+20.6,+14.1,+14.4,+13.9,+13.6,+13.1,+13.0
2024-06-21 03:59,1,+12.3,+16.3,+20.6,+14.0,+14.3,+13.9,+13.5,+13.1,+13.0
2024-06-21 04:59,1,+13.3,+16.3,+20.6,+13.9,+14.1,+13.9,+13.5,+13.1,+13.0
2024-06-21 05:59,1,+12.8,+16.3,+20.5,+13.8,+14.0,+13.8,+13.5,+13.1,+13.0
2024-06-21 06:59,1,+13.3,+16.3,+20.5,+13.6,+14.0,+13.8,+13.5,+13.1,+12.9
2024-06-21 07:59,1,+13.6,+16.3,+20.5,+13.6,+13.9,+13.6,+13.5,+13.1,+13.0
2024-06-21 08:59,1,+13.2,+16.3,+20.5,+13.6,+13.9,+13.6,+13.4,+13.1,+13.0
2024-06-21 09:59,1,+13.0,+16.3,+20.5,+13.8,+13.8,+13.5,+13.4,+13.0,+12.9
2024-06-21 10:59,1,+13.0,+16.3,+20.5,+14.0,+13.9,+13.5,+13.4,+13.1,+12.9
2024-06-21 11:59,1,+13.4,+16.3,+20.5,+14.3,+13.9,+13.5,+13.3,+13.0,+12.9
2024-06-21 12:59,1,+13.3,+16.2,+20.4,+14.5,+14.0,+13.5,+13.3,+13.1,+12.9
2024-06-21 13:59,1,+12.8,+16.2,+20.4,+14.8,+14.1,+13.6,+13.3,+13.0,+12.9
2024-06-21 14:59,1,+13.4,+16.2,+20.4,+15.1,+14.3,+13.6,+13.3,+13.0,+12.9
2024-06-21 15:59,1,+13.1,+16.2,+20.4,+15.3,+14.5,+13.6,+13.3,+13.0,+12.9
2024-06-21 16:59,1,+13.0,+16.2,+20.3,+15.4,+14.6,+13.8,+13.3,+13.0,+12.9
2024-06-21 17:59,1,+13.2,+16.1,+20.3,+15.5,+14.6,+13.8,+13.4,+13.0,+12.8
2024-06-21 18:59,1,+13.5,+16.1,+20.3,+15.6,+14.8,+13.9,+13.4,+13.0,+12.9
2024-06-21 19:59,1,+13.6,+16.1,+20.3,+15.6,+14.9,+14.0,+13.4,+13.0,+12.8
2024-06-21 20:59,1,+13.3,+16.1,+20.3,+15.6,+14.9,+14.0,+13.4,+13.1,+12.8
2024-06-21 21:59,1,+13.2,+16.1,+20.3,+15.5,+15.0,+14.1,+13.4,+13.0,+12.9
2024-06-21 22:59,1,+12.7,+16.1,+20.3,+15.4,+14.9,+14.1,+13.5,+13.0,+12.9
2024-06-21 23:59,1,+13.5,+16.1,+20.3,+15.3,+14.9,+14.1,+13.5,+13.0,+12.9
2024-06-22 00:59,1,+13.6,+16.1,+20.3,+15.1,+14.9,+14.1,+13.5,+13.1,+12.9
2024-06-22 01:59,1,+13.6,+16.1,+20.3,+15.0,+14.9,+14.1,+13.5,+13.1,+12.9
2024-06-22 02:59,1,+13.3,+16.1,+20.3,+14.9,+14.8,+14.1,+13.5,+13.1,+12.9
2024-06-22 03:59,1,+13.2,+16.1,+20.3,+14.9,+14.8,+14.1,+13.6,+13.1,+12.9
2024-06-22 04:59,1,+13.6,+16.1,+20.3,+14.9,+14.6,+14.1,+13.6,+13.1,+12.9
2024-06-22 05:59,1,+13.7,+16.1,+20.3,+14.8,+14.6,+14.1,+13.6,+13.1,+13.0
2024-06-22 06:59,1,+13.5,+16.1,+20.2,+14.6,+14.6,+14.0,+13.6,+13.1,+12.9
2024-06-22 07:59,1,+13.6,+16.1,+20.2,+14.6,+14.5,+14.0,+13.6,+13.3,+13.0
2024-06-22 08:59,1,+13.7,+16.1,+20.2,+14.8,+14.5,+14.1,+13.5,+13.1,+13.0
2024-06-22 09:59,1,+13.6,+16.1,+20.2,+14.8,+14.6,+14.0,+13.5,+13.1,+12.9
2024-06-22 10:59,1,+13.7,+16.1,+20.2,+14.9,+14.5,+14.0,+13.5,+13.1,+12.9
2024-06-22 11:59,1,+13.4,+16.1,+20.2,+15.1,+14.6,+14.0,+13.6,+13.1,+12.9
2024-06-22 12:59,1,+13.2,+16.1,+20.2,+15.3,+14.6,+14.0,+13.5,+13.1,+12.9
2024-06-22 13:59,1,+13.4,+16.1,+20.2,+15.3,+14.8,+14.0,+13.5,+13.1,+12.9
2024-06-22 14:59,1,+12.8,+16.1,+20.2,+15.3,+14.8,+14.0,+13.5,+13.1,+13.0
2024-06-22 15:59,1,+12.9,+16.1,+20.2,+15.3,+14.8,+14.0,+13.5,+13.1,+13.0
2024-06-22 16:59,1,+13.4,+16.1,+20.2,+15.4,+14.9,+14.1,+13.5,+13.1,+12.9
2024-06-22 17:59,1,+14.7,+16.1,+20.2,+15.3,+14.9,+14.1,+13.6,+13.1,+13.0
2024-06-22 18:59,1,+14.7,+16.1,+20.2,+15.3,+14.9,+14.1,+13.5,+13.3,+13.0
2024-06-22 19:59,1,+14.8,+16.1,+20.2,+15.3,+14.9,+14.1,+13.6,+13.1,+12.9
2024-06-22 20:59,1,+14.9,+16.2,+20.2,+15.1,+14.9,+14.1,+13.6,+13.3,+13.0
2024-06-22 21:59,1,+14.8,+16.2,+20.2,+15.1,+14.9,+14.3,+13.6,+13.3,+13.0
2024-06-22 22:59,1,+15.5,+16.2,+20.1,+15.0,+14.8,+14.1,+13.6,+13.3,+13.0
2024-06-22 23:59,1,+15.4,+16.2,+20.2,+14.9,+14.8,+14.1,+13.6,+13.3,+13.0
2024-06-23 00:59,1,+15.9,+16.2,+20.2,+14.8,+14.8,+14.1,+13.6,+13.3,+12.9
2024-06-23 01:59,1,+15.7,+16.2,+20.2,+14.6,+14.6,+14.1,+13.6,+13.3,+13.0
2024-06-23 02:59,1,+15.5,+16.2,+20.2,+14.5,+14.6,+14.1,+13.6,+13.3,+13.0
2024-06-23 03:59,1,+17.8,+16.3,+20.2,+14.3,+14.5,+14.1,+13.6,+13.3,+13.0
2024-06-23 04:59,1,+18.5,+16.3,+20.2,+14.1,+14.4,+14.0,+13.6,+13.3,+13.0
2024-06-23 05:59,1,+18.0,+16.4,+20.2,+14.0,+14.3,+13.9,+13.6,+13.3,+13.0
2024-06-23 06:59,1,+17.5,+16.4,+20.2,+13.9,+14.3,+13.9,+13.6,+13.3,+13.0
2024-06-23 07:59,1,+17.4,+16.5,+20.2,+13.9,+14.1,+13.9,+13.6,+13.1,+13.0
2024-06-23 08:59,1,+17.4,+16.5,+20.2,+14.0,+14.1,+13.8,+13.5,+13.3,+13.0
2024-06-23 09:59,1,+17.2,+16.5,+20.3,+14.1,+14.0,+13.8,+13.5,+13.1,+12.9
2024-06-23 10:59,1,+16.9,+16.6,+20.3,+14.5,+14.1,+13.8,+13.5,+13.1,+12.9
2024-06-23 11:59,1,+17.1,+16.6,+20.3,+14.8,+14.3,+13.8,+13.5,+13.1,+13.0
2024-06-23 12:59,1,+17.0,+16.6,+20.3,+15.1,+14.4,+13.8,+13.4,+13.1,+13.0
2024-06-23 13:59,1,+16.5,+16.6,+20.3,+15.3,+14.5,+13.8,+13.4,+13.1,+13.0
2024-06-23 14:59,1,+16.7,+16.6,+20.3,+15.5,+14.6,+13.9,+13.5,+13.1,+12.9
2024-06-23 15:59,1,+16.7,+16.6,+20.3,+15.8,+14.8,+14.0,+13.5,+13.1,+12.9
2024-06-23 16:59,1,+16.4,+16.7,+20.3,+15.9,+15.0,+14.0,+13.5,+13.1,+12.9
2024-06-23 17:59,1,+16.9,+16.7,+20.4,+16.0,+15.1,+14.1,+13.5,+13.1,+12.9
2024-06-23 18:59,1,+16.6,+16.7,+20.4,+16.1,+15.1,+14.1,+13.5,+13.1,+12.9
2024-06-23 19:59,1,+16.5,+16.7,+20.4,+16.1,+15.3,+14.3,+13.6,+13.1,+13.0
2024-06-23 20:59,1,+16.2,+16.8,+20.4,+16.0,+15.4,+14.3,+13.6,+13.1,+13.0
2024-06-23 21:59,1,+17.2,+16.8,+20.4,+15.9,+15.4,+14.4,+13.6,+13.3,+13.0
2024-06-23 22:59,1,+17.6,+16.8,+20.4,+15.8,+15.3,+14.5,+13.6,+13.3,+13.0
2024-06-23 23:59,1,+16.3,+16.9,+20.5,+15.5,+15.3,+14.4,+13.8,+13.3,+13.0
2024-06-24 00:59,1,+17.4,+16.8,+20.5,+15.3,+15.3,+14.4,+13.8,+13.3,+13.0
2024-06-24 01:59,1,+17.0,+16.8,+20.5,+15.1,+15.1,+14.4,+13.8,+13.3,+13.0
2024-06-24 02:59,1,+17.2,+16.8,+20.5,+14.9,+15.0,+14.4,+13.8,+13.3,+13.0
2024-06-24 03:59,1,+17.5,+16.8,+20.5,+14.9,+14.9,+14.4,+13.8,+13.3,+13.0
2024-06-24 04:59,1,+15.3,+16.9,+20.5,+14.8,+14.8,+14.4,+13.8,+13.4,+13.1
2024-06-24 05:59,1,+14.6,+16.8,+20.5,+14.6,+14.8,+14.3,+13.8,+13.4,+13.1
2024-06-24 06:59,1,+14.7,+16.8,+20.5,+14.5,+14.6,+14.3,+13.8,+13.4,+13.1
2024-06-24 07:59,1,+16.1,+16.8,+20.5,+14.4,+14.6,+14.1,+13.8,+13.4,+13.0
2024-06-24 08:59,1,+17.2,+16.9,+20.5,+14.5,+14.5,+14.1,+13.8,+13.4,+13.0
2024-06-24 09:59,1,+16.5,+16.8,+20.5,+14.8,+14.5,+14.1,+13.8,+13.4,+13.1
2024-06-24 10:59,1,+16.2,+16.9,+20.5,+15.0,+14.6,+14.1,+13.8,+13.3,+13.1
2024-06-24 11:59,1,+16.6,+16.9,+20.5,+15.1,+14.6,+14.1,+13.6,+13.3,+13.1
2024-06-24 12:59,1,+16.8,+16.9,+20.5,+15.3,+14.8,+14.0,+13.8,+13.4,+13.1
2024-06-24 13:59,1,+16.6,+16.9,+20.5,+15.4,+14.8,+14.1,+13.6,+13.4,+13.0
2024-06-24 14:59,1,+16.7,+16.9,+20.5,+15.6,+14.9,+14.1,+13.6,+13.4,+13.0
2024-06-24 15:59,1,+17.1,+16.9,+20.5,+15.9,+15.0,+14.3,+13.6,+13.3,+13.0
2024-06-24 16:59,1,+17.9,+16.8,+20.5,+16.3,+15.1,+14.3,+13.6,+13.3,+13.1
2024-06-24 17:59,1,+17.8,+16.8,+20.5,+16.5,+15.4,+14.4,+13.8,+13.3,+13.1
2024-06-24 18:59,1,+17.6,+16.8,+20.5,+16.6,+15.5,+14.4,+13.8,+13.3,+13.1
2024-06-24 19:59,1,+17.7,+16.8,+20.5,+16.6,+15.6,+14.5,+13.8,+13.4,+13.1
2024-06-24 20:59,1,+17.0,+16.8,+20.5,+16.6,+15.6,+14.6,+13.9,+13.4,+13.1
2024-06-24 21:59,1,+17.5,+17.1,+20.5,+16.6,+15.8,+14.6,+13.9,+13.4,+13.1
2024-06-24 22:59,1,+18.0,+17.2,+20.5,+16.5,+15.8,+14.6,+13.9,+13.4,+13.1
2024-06-24 23:59,1,+17.8,+16.7,+20.5,+16.4,+15.8,+14.8,+14.0,+13.4,+13.1
2024-06-25 00:59,1,+17.8,+16.8,+20.5,+16.3,+15.8,+14.8,+14.0,+13.5,+13.1
2024-06-25 01:59,1,+17.7,+16.8,+20.5,+16.1,+15.8,+14.8,+14.0,+13.5,+13.3
2024-06-25 02:59,1,+17.7,+16.9,+20.5,+16.0,+15.6,+14.8,+14.0,+13.5,+13.1
2024-06-25 03:59,1,+17.6,+16.9,+20.5,+15.9,+15.6,+14.9,+14.1,+13.5,+13.3
2024-06-25 04:59,1,+17.7,+16.9,+20.6,+15.8,+15.5,+14.8,+14.1,+13.5,+13.3
2024-06-25 05:59,1,+17.7,+16.9,+20.6,+15.6,+15.5,+14.6,+14.1,+13.5,+13.3
2024-06-25 06:59,1,+17.6,+16.9,+20.6,+15.5,+15.4,+14.8,+14.1,+13.6,+13.3
2024-06-25 07:59,1,+17.8,+16.9,+20.6,+15.4,+15.4,+14.6,+14.1,+13.6,+13.3
2024-06-25 08:59,1,+18.1,+16.9,+20.6,+15.5,+15.3,+14.6,+14.1,+13.6,+13.4
2024-06-25 09:59,1,+18.2,+16.9,+20.6,+15.6,+15.3,+14.6,+14.1,+13.6,+13.3
2024-06-25 10:59,1,+18.0,+17.2,+20.5,+16.0,+15.3,+14.6,+14.1,+13.6,+13.3
2024-06-25 11:59,1,+18.3,+17.1,+20.6,+16.3,+15.4,+14.6,+14.0,+13.6,+13.3
2024-06-25 12:59,1,+18.5,+17.4,+20.5,+16.4,+15.5,+14.6,+14.1,+13.6,+13.4
2024-06-25 13:59,1,+18.5,+17.6,+20.5,+16.5,+15.8,+14.8,+14.1,+13.6,+13.4
2024-06-25 14:59,1,+18.8,+17.6,+20.5,+16.8,+15.8,+14.8,+14.1,+13.6,+13.4
2024-06-25 15:59,1,+18.7,+17.6,+20.5,+17.0,+15.9,+14.9,+14.1,+13.6,+13.4
2024-06-25 16:59,1,+19.2,+17.6,+20.5,+17.1,+16.0,+15.0,+14.1,+13.6,+13.4
2024-06-25 17:59,1,+19.7,+17.5,+20.5,+17.1,+16.1,+15.0,+14.3,+13.6,+13.4
2024-06-25 18:59,1,+19.7,+17.5,+20.5,+17.1,+16.1,+15.0,+14.1,+13.6,+13.4
2024-06-25 19:59,1,+19.7,+17.5,+20.5,+17.0,+16.3,+15.1,+14.3,+13.6,+13.4
2024-06-25 20:59,1,+18.6,+17.6,+20.5,+16.9,+16.3,+15.1,+14.3,+13.8,+13.4
2024-06-25 21:59,1,+18.6,+17.7,+20.5,+16.8,+16.1,+15.1,+14.4,+13.8,+13.5
2024-06-25 22:59,1,+18.9,+17.5,+20.5,+16.6,+16.1,+15.1,+14.4,+13.8,+13.4
2024-06-25 23:59,1,+18.8,+17.5,+20.5,+16.4,+16.1,+15.1,+14.4,+13.8,+13.5
2024-06-26 00:59,1,+18.5,+17.5,+20.5,+16.3,+16.0,+15.1,+14.4,+13.9,+13.5
2024-06-26 01:59,1,+18.3,+17.7,+20.5,+16.1,+16.0,+15.1,+14.5,+13.8,+13.5
2024-06-26 02:59,1,+18.5,+17.8,+20.5,+16.0,+15.9,+15.1,+14.4,+13.9,+13.6
2024-06-26 03:59,1,+18.6,+17.3,+20.5,+15.9,+15.8,+15.1,+14.5,+13.9,+13.5
2024-06-26 04:59,1,+19.1,+17.3,+20.5,+15.8,+15.8,+15.0,+14.5,+13.9,+13.6
2024-06-26 05:59,1,+18.7,+17.3,+20.4,+15.6,+15.6,+15.0,+14.4,+13.9,+13.5
2024-06-26 06:59,1,+18.9,+17.3,+20.4,+15.5,+15.5,+15.0,+14.4,+13.9,+13.6
2024-06-26 07:59,1,+19.0,+17.3,+20.4,+15.5,+15.5,+15.0,+14.4,+13.9,+13.5
2024-06-26 08:59,1,+19.2,+17.3,+20.4,+15.4,+15.4,+14.9,+14.4,+13.9,+13.6
2024-06-26 09:59,1,+18.9,+17.3,+20.4,+15.4,+15.4,+14.9,+14.4,+13.9,+13.6
2024-06-26 10:59,1,+18.8,+17.6,+20.4,+15.4,+15.3,+14.9,+14.3,+13.9,+13.6
2024-06-26 11:59,1,+18.8,+17.7,+20.3,+15.4,+15.3,+14.8,+14.3,+13.9,+13.6
2024-06-26 12:59,1,+19.7,+17.6,+20.3,+15.5,+15.3,+14.8,+14.3,+13.9,+13.6
2024-06-26 13:59,1,+19.5,+17.7,+20.3,+15.5,+15.3,+14.8,+14.3,+13.9,+13.5
2024-06-26 14:59,1,+19.7,+17.7,+20.3,+15.5,+15.3,+14.8,+14.3,+13.9,+13.6
2024-06-26 15:59,1,+19.3,+17.7,+20.3,+15.5,+15.3,+14.6,+14.3,+13.9,+13.6
2024-06-26 16:59,1,+19.7,+17.6,+20.3,+15.5,+15.3,+14.8,+14.3,+13.8,+13.5
2024-06-26 17:59,1,+19.7,+17.6,+20.3,+15.5,+15.3,+14.6,+14.3,+13.9,+13.5
2024-06-26 18:59,1,+20.0,+17.6,+20.2,+15.6,+15.3,+14.6,+14.3,+13.8,+13.5
2024-06-26 19:59,1,+19.5,+17.6,+20.2,+15.5,+15.3,+14.6,+14.3,+13.8,+13.5
2024-06-26 20:59,1,+19.7,+17.6,+20.2,+15.4,+15.3,+14.6,+14.3,+13.8,+13.5
2024-06-26 21:59,1,+19.5,+17.6,+20.2,+15.1,+15.1,+14.6,+14.1,+13.9,+13.5
2024-06-26 22:59,1,+19.6,+17.5,+20.2,+15.0,+15.1,+14.6,+14.1,+13.8,+13.5
2024-06-26 23:59,1,+19.6,+17.5,+20.2,+14.8,+15.0,+14.6,+14.3,+13.8,+13.5
2024-06-27 00:59,1,+19.6,+17.5,+20.1,+14.5,+14.9,+14.5,+14.1,+13.8,+13.5
2024-06-27 01:59,1,+19.6,+17.5,+20.1,+14.3,+14.8,+14.5,+14.1,+13.8,+13.5
2024-06-27 02:59,1,+19.7,+17.5,+20.1,+14.0,+14.6,+14.4,+14.1,+13.8,+13.5
2024-06-27 03:59,1,+19.8,+17.5,+20.1,+13.9,+14.5,+14.3,+14.0,+13.8,+13.5
2024-06-27 04:59,1,+19.7,+17.5,+20.1,+13.6,+14.4,+14.3,+14.0,+13.8,+13.5
2024-06-27 05:59,1,+20.0,+17.4,+20.1,+13.5,+14.1,+14.1,+14.0,+13.8,+13.5
2024-06-27 06:59,1,+20.2,+17.4,+20.1,+13.4,+14.0,+14.1,+14.0,+13.6,+13.5
2024-06-27 07:59,1,+19.4,+17.4,+20.0,+13.3,+14.0,+14.0,+13.9,+13.6,+13.5
2024-06-27 08:59,1,+19.5,+17.4,+20.0,+13.4,+13.9,+13.9,+13.9,+13.6,+13.4
2024-06-27 09:59,1,+19.5,+17.4,+20.0,+13.5,+13.8,+13.9,+13.8,+13.5,+13.4
2024-06-27 10:59,1,+19.2,+17.3,+20.0,+13.8,+13.9,+13.8,+13.8,+13.5,+13.4
2024-06-27 11:59,1,+19.0,+17.3,+19.9,+14.1,+13.9,+13.8,+13.6,+13.5,+13.3
2024-06-27 12:59,1,+18.4,+17.3,+19.9,+14.4,+14.0,+13.8,+13.6,+13.5,+13.3
2024-06-27 13:59,1,+18.3,+17.2,+19.9,+14.5,+14.1,+13.8,+13.6,+13.4,+13.3
2024-06-27 14:59,1,+18.2,+17.2,+19.9,+14.8,+14.3,+13.9,+13.6,+13.4,+13.3
2024-06-27 15:59,1,+18.5,+17.1,+19.8,+14.9,+14.4,+13.9,+13.6,+13.5,+13.3
2024-06-27 16:59,1,+18.5,+17.1,+19.8,+15.0,+14.5,+13.9,+13.6,+13.4,+13.3
2024-06-27 17:59,1,+19.5,+17.1,+19.8,+15.1,+14.5,+13.9,+13.6,+13.4,+13.1
2024-06-27 18:59,1,+19.6,+17.0,+19.8,+15.1,+14.6,+14.0,+13.6,+13.4,+13.1
2024-06-27 19:59,1,+19.4,+17.0,+19.8,+15.1,+14.6,+14.1,+13.6,+13.4,+13.1
2024-06-27 20:59,1,+19.4,+17.0,+19.7,+15.1,+14.8,+14.0,+13.6,+13.4,+13.1
2024-06-27 21:59,1,+19.7,+17.0,+19.7,+15.0,+14.8,+14.1,+13.6,+13.4,+13.1
2024-06-27 22:59,1,+19.5,+17.0,+19.7,+15.0,+14.8,+14.1,+13.8,+13.4,+13.1
2024-06-27 23:59,1,+19.4,+17.0,+19.7,+14.9,+14.8,+14.1,+13.8,+13.4,+13.3
2024-06-28 00:59,1,+19.5,+17.0,+19.7,+14.9,+14.8,+14.1,+13.8,+13.4,+13.1
2024-06-28 01:59,1,+19.6,+17.0,+19.7,+14.8,+14.8,+14.1,+13.8,+13.4,+13.1
2024-06-28 02:59,1,+19.3,+16.9,+19.7,+14.6,+14.6,+14.1,+13.8,+13.4,+13.1
2024-06-28 03:59,1,+19.5,+17.0,+19.7,+14.6,+14.6,+14.1,+13.8,+13.4,+13.1
2024-06-28 04:59,1,+19.8,+17.0,+19.7,+14.6,+14.5,+14.1,+13.8,+13.5,+13.1
2024-06-28 05:59,1,+22.5,+17.0,+19.7,+14.6,+14.5,+14.1,+13.8,+13.4,+13.1
2024-06-28 06:59,1,+22.9,+17.0,+19.7,+14.6,+14.5,+14.0,+13.8,+13.4,+13.1
2024-06-28 07:59,1,+22.5,+17.0,+19.7,+14.8,+14.5,+14.1,+13.8,+13.4,+13.3
2024-06-28 08:59,1,+25.5,+17.9,+20.9,+14.9,+14.6,+14.1,+13.8,+13.4,+13.1
2024-06-28 09:59,1,+23.4,+18.0,+20.8,+14.9,+14.6,+14.1,+13.6,+13.4,+13.3
2024-06-28 10:59,1,+22.4,+18.2,+20.9,+15.0,+14.6,+14.1,+13.8,+13.4,+13.1
2024-06-28 11:59,1,+22.0,+18.3,+20.9,+15.0,+14.8,+14.1,+13.8,+13.4,+13.1
2024-06-28 12:59,1,+22.1,+18.3,+21.1,+15.1,+14.8,+14.1,+13.8,+13.4,+13.1
2024-06-28 13:59,1,+21.9,+18.3,+21.2,+15.3,+14.8,+14.1,+13.8,+13.4,+13.1
2024-06-28 14:59,1,+22.4,+18.3,+21.3,+15.4,+14.9,+14.1,+13.8,+13.4,+13.3
2024-06-28 15:59,1,+22.3,+18.3,+21.4,+15.6,+15.0,+14.3,+13.8,+13.4,+13.3
2024-06-28 16:59,1,+22.2,+18.3,+21.5,+15.9,+15.0,+14.3,+13.8,+13.5,+13.3
2024-06-28 17:59,1,+22.2,+18.3,+21.6,+16.1,+15.1,+14.4,+13.9,+13.5,+13.3
2024-06-28 18:59,1,+22.1,+18.3,+21.7,+16.3,+15.3,+14.4,+13.9,+13.5,+13.1
2024-06-28 19:59,1,+22.7,+18.3,+21.7,+16.3,+15.4,+14.5,+13.9,+13.5,+13.3
2024-06-28 20:59,1,+22.2,+18.3,+21.8,+16.3,+15.5,+14.5,+13.9,+13.5,+13.3
2024-06-28 21:59,1,+22.0,+18.4,+21.8,+16.1,+15.5,+14.5,+13.9,+13.5,+13.3
2024-06-28 22:59,1,+21.8,+18.4,+21.8,+16.0,+15.5,+14.6,+14.0,+13.5,+13.3
2024-06-28 23:59,1,+21.7,+18.4,+21.9,+15.9,+15.5,+14.6,+14.0,+13.5,+13.4
2024-06-29 00:59,1,+21.9,+18.3,+21.9,+15.8,+15.4,+14.6,+14.0,+13.6,+13.3
2024-06-29 01:59,1,+23.3,+18.5,+22.0,+15.8,+15.4,+14.8,+14.1,+13.5,+13.3
2024-06-29 02:59,1,+22.9,+18.6,+22.1,+15.6,+15.4,+14.6,+14.1,+13.6,+13.4
2024-06-29 03:59,1,+22.5,+18.7,+22.2,+15.5,+15.4,+14.6,+14.1,+13.6,+13.4
2024-06-29 04:59,1,+22.3,+18.7,+22.2,+15.3,+15.3,+14.6,+14.1,+13.6,+13.4
2024-06-29 05:59,1,+22.3,+18.7,+22.3,+15.1,+15.1,+14.6,+14.1,+13.6,+13.4
2024-06-29 06:59,1,+22.2,+18.6,+22.3,+15.1,+15.1,+14.6,+14.1,+13.6,+13.4
2024-06-29 07:59,1,+22.2,+18.6,+22.3,+15.0,+15.0,+14.6,+14.1,+13.8,+13.4
2024-06-29 08:59,1,+22.2,+18.6,+22.3,+14.9,+15.0,+14.5,+14.1,+13.6,+13.4
2024-06-29 09:59,1,+22.1,+18.6,+22.4,+14.8,+14.9,+14.5,+14.0,+13.6,+13.4
2024-06-29 10:59,1,+22.1,+18.6,+22.4,+14.6,+14.9,+14.4,+14.1,+13.6,+13.5
2024-06-29 11:59,1,+22.0,+18.6,+22.4,+14.6,+14.8,+14.4,+14.0,+13.8,+13.4
2024-06-29 12:59,1,+22.1,+18.6,+22.4,+14.6,+14.8,+14.4,+14.0,+13.6,+13.4
2024-06-29 13:59,1,+22.0,+18.6,+22.4,+14.6,+14.8,+14.4,+14.0,+13.6,+13.4
2024-06-29 14:59,1,+22.0,+18.6,+22.3,+14.8,+14.8,+14.3,+14.0,+13.6,+13.4
2024-06-29 15:59,1,+22.0,+18.6,+22.3,+14.8,+14.8,+14.3,+14.0,+13.6,+13.4
2024-06-29 16:59,1,+21.9,+18.6,+22.3,+14.9,+14.8,+14.3,+14.0,+13.6,+13.4
2024-06-29 17:59,1,+21.9,+18.6,+22.3,+14.9,+14.8,+14.3,+13.9,+13.6,+13.4
2024-06-29 18:59,1,+21.9,+18.6,+22.3,+15.0,+14.8,+14.3,+14.0,+13.6,+13.4
2024-06-29 19:59,1,+22.2,+18.6,+22.3,+14.9,+14.8,+14.3,+13.9,+13.6,+13.4
2024-06-29 20:59,1,+22.1,+18.6,+22.3,+14.8,+14.8,+14.3,+13.9,+13.6,+13.4
2024-06-29 21:59,1,+22.3,+18.6,+22.3,+14.6,+14.6,+14.3,+13.9,+13.6,+13.4
2024-06-29 22:59,1,+22.4,+18.5,+22.2,+14.5,+14.6,+14.3,+13.9,+13.6,+13.4
2024-06-29 23:59,1,+22.3,+18.5,+22.2,+14.1,+14.5,+14.1,+13.9,+13.6,+13.4
2024-06-30 00:59,1,+22.3,+18.5,+22.2,+13.9,+14.4,+14.3,+13.9,+13.6,+13.4
2024-06-30 01:59,1,+22.3,+18.5,+22.2,+13.6,+14.3,+14.1,+13.9,+13.6,+13.4
2024-06-30 02:59,1,+22.4,+18.5,+22.2,+13.4,+14.1,+14.0,+13.8,+13.6,+13.4
2024-06-30 03:59,1,+22.4,+18.4,+22.2,+13.3,+13.9,+14.0,+13.9,+13.5,+13.4
2024-06-30 04:59,1,+22.5,+18.4,+22.2,+13.0,+13.9,+13.9,+13.8,+13.5,+13.4
2024-06-30 05:59,1,+23.4,+18.4,+22.2,+12.9,+13.6,+13.8,+13.8,+13.5,+13.4
2024-06-30 06:59,1,+23.7,+18.4,+22.2,+12.9,+13.5,+13.6,+13.6,+13.5,+13.3
2024-06-30 07:59,1,+23.8,+18.3,+22.2,+12.8,+13.5,+13.6,+13.6,+13.4,+13.3
2024-06-30 08:59,1,+23.8,+18.3,+22.1,+12.9,+13.4,+13.5,+13.5,+13.4,+13.3
2024-06-30 09:59,1,+23.8,+18.3,+22.1,+13.0,+13.4,+13.4,+13.5,+13.4,+13.3
2024-06-30 10:59,1,+23.8,+18.3,+22.1,+13.4,+13.4,+13.4,+13.5,+13.4,+13.1
2024-06-30 11:59,1,+23.8,+18.3,+22.1,+13.8,+13.5,+13.4,+13.5,+13.4,+13.1
2024-06-30 12:59,1,+23.8,+18.2,+22.0,+14.0,+13.6,+13.4,+13.4,+13.3,+13.1
2024-06-30 13:59,1,+23.7,+18.2,+22.0,+14.1,+13.8,+13.4,+13.4,+13.3,+13.1
2024-06-30 14:59,1,+23.9,+18.2,+22.0,+14.4,+13.9,+13.4,+13.4,+13.3,+13.1
2024-06-30 15:59,1,+23.8,+18.2,+22.0,+14.6,+14.0,+13.6,+13.4,+13.3,+13.1
2024-06-30 16:59,1,+24.0,+18.2,+22.0,+14.8,+14.1,+13.6,+13.4,+13.3,+13.1
2024-06-30 17:59,1,+24.1,+18.2,+22.0,+14.9,+14.3,+13.6,+13.4,+13.3,+13.1
2024-06-30 18:59,1,+24.3,+18.2,+22.0,+15.1,+14.4,+13.8,+13.4,+13.1,+13.0
2024-06-30 19:59,1,+24.4,+18.2,+22.0,+15.0,+14.5,+13.8,+13.4,+13.3,+13.1
2024-06-30 20:59,1,+24.4,+18.1,+21.9,+15.0,+14.6,+13.8,+13.5,+13.1,+13.0
2024-06-30 21:59,1,+24.4,+18.2,+21.9,+14.8,+14.6,+13.9,+13.5,+13.3,+13.0
2024-06-30 22:59,1,+24.4,+18.1,+21.9,+14.6,+14.5,+13.9,+13.5,+13.3,+13.0
2024-06-30 23:59,1,+24.4,+18.2,+21.9,+14.4,+14.5,+13.9,+13.5,+13.3,+13.0
2024-07-01 00:59,1,+24.4,+18.1,+21.9,+14.3,+14.4,+13.9,+13.5,+13.3,+13.0
2024-07-01 01:59,1,+24.4,+18.1,+21.9,+14.0,+14.3,+13.9,+13.5,+13.3,+13.1
2024-07-01 02:59,1,+24.4,+18.1,+21.9,+13.9,+14.1,+13.9,+13.6,+13.3,+13.1
2024-07-01 03:59,1,+24.4,+18.1,+21.9,+13.8,+14.1,+13.9,+13.5,+13.3,+13.1
2024-07-01 04:59,1,+24.4,+18.1,+21.8,+13.6,+14.0,+13.8,+13.6,+13.3,+13.0
2024-07-01 05:59,1,+24.4,+18.1,+21.8,+13.5,+13.9,+13.6,+13.5,+13.3,+13.0
2024-07-01 06:59,1,+24.4,+18.1,+21.8,+13.4,+13.8,+13.6,+13.5,+13.3,+13.0
2024-07-01 07:59,1,+24.4,+18.1,+21.8,+13.4,+13.8,+13.6,+13.4,+13.3,+13.1
2024-07-01 08:59,1,+24.3,+18.1,+21.8,+13.5,+13.8,+13.5,+13.4,+13.3,+13.0
2024-07-01 09:59,1,+24.3,+18.0,+21.8,+13.6,+13.8,+13.6,+13.4,+13.1,+13.1
2024-07-01 10:59,1,+24.2,+18.0,+21.8,+13.9,+13.8,+13.5,+13.4,+13.3,+13.1
2024-07-01 11:59,1,+24.2,+18.0,+21.8,+14.1,+13.9,+13.5,+13.4,+13.1,+13.0
2024-07-01 12:59,1,+24.2,+18.0,+21.7,+14.4,+14.0,+13.5,+13.4,+13.1,+13.0
2024-07-01 13:59,1,+24.2,+18.0,+21.7,+14.8,+14.1,+13.6,+13.4,+13.1,+13.0
2024-07-01 14:59,1,+24.1,+18.0,+21.7,+15.0,+14.3,+13.6,+13.4,+13.1,+13.0
2024-07-01 15:59,1,+24.1,+17.9,+21.7,+15.0,+14.4,+13.6,+13.4,+13.1,+13.0
2024-07-01 16:59,1,+24.1,+17.9,+21.7,+15.1,+14.5,+13.8,+13.4,+13.1,+13.0
2024-07-01 17:59,1,+24.1,+17.9,+21.7,+15.1,+14.5,+13.8,+13.4,+13.1,+13.0
2024-07-01 18:59,1,+24.1,+18.0,+21.7,+15.0,+14.5,+13.9,+13.5,+13.1,+13.0
2024-07-01 19:59,1,+24.1,+18.0,+21.6,+14.9,+14.6,+13.9,+13.4,+13.1,+13.0
2024-07-01 20:59,1,+24.2,+18.0,+21.6,+14.8,+14.6,+13.9,+13.5,+13.1,+13.0
2024-07-01 21:59,1,+24.2,+18.0,+21.6,+14.8,+14.5,+13.9,+13.5,+13.1,+13.0
2024-07-01 22:59,1,+24.2,+18.0,+21.6,+14.6,+14.5,+14.0,+13.5,+13.3,+13.0
2024-07-01 23:59,1,+24.2,+18.0,+21.6,+14.5,+14.5,+14.0,+13.5,+13.3,+13.0
2024-07-02 00:59,1,+24.1,+18.0,+21.6,+14.6,+14.5,+13.9,+13.6,+13.1,+13.0
2024-07-02 01:59,1,+24.2,+18.0,+21.6,+14.5,+14.4,+13.9,+13.5,+13.3,+13.0
2024-07-02 02:59,1,+25.0,+18.0,+21.6,+14.4,+14.4,+13.9,+13.5,+13.1,+13.0
2024-07-02 03:59,1,+25.1,+18.0,+21.6,+14.3,+14.4,+13.9,+13.6,+13.3,+13.0
2024-07-02 04:59,1,+25.0,+18.0,+21.6,+14.1,+14.3,+13.9,+13.5,+13.3,+13.0
2024-07-02 05:59,1,+25.0,+18.0,+21.6,+14.1,+14.3,+13.9,+13.6,+13.3,+13.0
2024-07-02 06:59,1,+24.9,+18.0,+21.6,+14.0,+14.3,+13.9,+13.5,+13.3,+13.0
2024-07-02 07:59,1,+24.8,+18.0,+21.6,+14.0,+14.1,+13.8,+13.5,+13.3,+13.0
2024-07-02 08:59,1,+24.8,+18.0,+21.6,+14.0,+14.0,+13.8,+13.5,+13.3,+13.0
2024-07-02 09:59,1,+24.8,+18.0,+21.6,+14.0,+14.0,+13.8,+13.5,+13.3,+13.0
2024-07-02 10:59,1,+24.8,+18.0,+21.6,+14.1,+14.0,+13.6,+13.5,+13.3,+13.0
2024-07-02 11:59,1,+24.8,+18.0,+21.6,+14.3,+14.0,+13.6,+13.5,+13.3,+13.0
2024-07-02 12:59,1,+24.8,+18.0,+21.6,+14.4,+14.1,+13.8,+13.4,+13.3,+13.0
2024-07-02 13:59,1,+24.8,+18.0,+21.6,+14.6,+14.3,+13.8,+13.5,+13.1,+13.0
2024-07-02 14:59,1,+24.7,+18.0,+21.6,+15.0,+14.4,+13.8,+13.4,+13.3,+13.0
2024-07-02 15:59,1,+24.7,+18.0,+21.6,+15.3,+14.5,+13.8,+13.5,+13.3,+13.0
2024-07-02 16:59,1,+24.8,+18.0,+21.6,+15.5,+14.6,+13.9,+13.4,+13.3,+13.0
2024-07-02 17:59,1,+24.8,+18.1,+21.6,+15.6,+14.8,+13.9,+13.5,+13.1,+13.0
2024-07-02 18:59,1,+24.8,+18.1,+21.6,+15.9,+14.9,+14.0,+13.5,+13.1,+13.0
2024-07-02 19:59,1,+24.8,+18.1,+21.6,+15.9,+15.0,+14.1,+13.5,+13.3,+13.0
2024-07-02 20:59,1,+24.8,+18.1,+21.6,+15.9,+15.1,+14.3,+13.6,+13.3,+13.0
2024-07-02 21:59,1,+24.8,+18.1,+21.6,+15.9,+15.1,+14.3,+13.6,+13.3,+13.0
2024-07-02 22:59,1,+24.8,+18.1,+21.6,+15.8,+15.1,+14.3,+13.8,+13.3,+13.1
2024-07-02 23:59,1,+24.8,+18.1,+21.6,+15.6,+15.3,+14.4,+13.8,+13.3,+13.1
2024-07-03 00:59,1,+24.8,+18.1,+21.6,+15.5,+15.3,+14.4,+13.8,+13.4,+13.1
2024-07-03 01:59,1,+24.7,+18.1,+21.6,+15.4,+15.1,+14.5,+13.8,+13.3,+13.1
2024-07-03 02:59,1,+24.7,+18.1,+21.6,+15.4,+15.1,+14.4,+13.9,+13.4,+13.1
2024-07-03 03:59,1,+24.7,+18.1,+21.6,+15.3,+15.1,+14.4,+13.9,+13.4,+13.1
2024-07-03 04:59,1,+24.7,+18.1,+21.7,+15.1,+15.0,+14.4,+13.9,+13.4,+13.3
2024-07-03 05:59,1,+24.7,+18.1,+21.6,+15.1,+15.0,+14.4,+13.9,+13.4,+13.3
2024-07-03 06:59,1,+24.7,+18.1,+21.6,+15.0,+14.9,+14.4,+13.9,+13.5,+13.3
2024-07-03 07:59,1,+24.7,+18.1,+21.6,+15.0,+14.9,+14.4,+13.9,+13.4,+13.3
2024-07-03 08:59,1,+24.7,+18.1,+21.6,+15.1,+14.9,+14.3,+13.9,+13.5,+13.3
2024-07-03 09:59,1,+24.7,+18.0,+21.6,+15.3,+14.9,+14.3,+13.9,+13.5,+13.3
2024-07-03 10:59,1,+24.7,+18.0,+21.6,+15.6,+14.9,+14.4,+13.9,+13.5,+13.3
2024-07-03 11:59,1,+24.6,+18.0,+21.6,+15.8,+15.0,+14.3,+13.9,+13.5,+13.3
2024-07-03 12:59,1,+24.6,+18.0,+21.6,+16.0,+15.3,+14.4,+13.9,+13.5,+13.3
2024-07-03 13:59,1,+24.6,+18.0,+21.6,+16.3,+15.3,+14.5,+13.9,+13.5,+13.3
2024-07-03 14:59,1,+24.6,+18.0,+21.6,+16.4,+15.5,+14.5,+13.9,+13.5,+13.3
2024-07-03 15:59,1,+24.6,+18.0,+21.6,+16.5,+15.6,+14.5,+13.9,+13.5,+13.3
2024-07-03 16:59,1,+24.6,+18.0,+21.6,+16.6,+15.6,+14.6,+14.0,+13.5,+13.3
2024-07-03 17:59,1,+24.6,+18.0,+21.6,+16.8,+15.8,+14.6,+14.0,+13.6,+13.4
2024-07-03 18:59,1,+24.6,+18.0,+21.6,+16.8,+15.9,+14.8,+14.0,+13.6,+13.4
2024-07-03 19:59,1,+24.6,+18.0,+21.6,+16.6,+15.9,+14.9,+14.1,+13.6,+13.4
2024-07-03 20:59,1,+24.6,+18.0,+21.6,+16.5,+16.0,+14.9,+14.1,+13.6,+13.4
2024-07-03 21:59,1,+24.6,+18.0,+21.6,+16.3,+15.9,+15.0,+14.1,+13.6,+13.4
2024-07-03 22:59,1,+24.6,+18.0,+21.6,+16.1,+15.8,+14.9,+14.3,+13.6,+13.4
2024-07-03 23:59,1,+24.6,+18.0,+21.6,+15.9,+15.8,+14.9,+14.3,+13.8,+13.4
2024-07-04 00:59,1,+24.9,+18.0,+21.6,+15.6,+15.6,+15.0,+14.3,+13.8,+13.4
2024-07-04 01:59,1,+25.3,+18.0,+21.6,+15.5,+15.5,+14.9,+14.3,+13.8,+13.5
2024-07-04 02:59,1,+25.3,+18.0,+21.6,+15.3,+15.4,+14.9,+14.3,+13.8,+13.5
2024-07-04 03:59,1,+25.3,+18.0,+21.6,+15.0,+15.3,+14.8,+14.3,+13.8,+13.5
2024-07-04 04:59,1,+25.5,+18.0,+21.6,+14.9,+15.1,+14.8,+14.3,+13.8,+13.5
2024-07-04 05:59,1,+25.5,+17.9,+21.5,+14.8,+15.0,+14.6,+14.3,+13.8,+13.5
2024-07-04 06:59,1,+25.5,+17.9,+21.5,+14.6,+14.9,+14.6,+14.3,+13.8,+13.5
2024-07-04 07:59,1,+25.5,+17.9,+21.5,+14.5,+14.9,+14.5,+14.3,+13.8,+13.5
2024-07-04 08:59,1,+25.5,+17.9,+21.5,+14.6,+14.8,+14.5,+14.1,+13.8,+13.5
2024-07-04 09:59,1,+25.5,+17.8,+21.5,+14.8,+14.8,+14.4,+14.1,+13.8,+13.5
2024-07-04 10:59,1,+25.4,+17.8,+21.5,+15.1,+14.8,+14.4,+14.1,+13.8,+13.5
2024-07-04 11:59,1,+25.4,+17.8,+21.5,+15.4,+14.9,+14.4,+14.1,+13.8,+13.5
2024-07-04 12:59,1,+25.4,+17.8,+21.4,+15.8,+15.0,+14.4,+14.0,+13.8,+13.5
2024-07-04 13:59,1,+25.4,+17.8,+21.4,+16.0,+15.1,+14.5,+14.0,+13.6,+13.5
2024-07-04 14:59,1,+25.4,+17.8,+21.4,+16.1,+15.3,+14.5,+14.1,+13.6,+13.5
2024-07-04 15:59,1,+25.3,+17.8,+21.4,+16.3,+15.4,+14.6,+14.0,+13.8,+13.5
2024-07-04 16:59,1,+25.3,+17.7,+21.4,+16.4,+15.5,+14.6,+14.0,+13.8,+13.5
2024-07-04 17:59,1,+25.3,+17.7,+21.4,+16.6,+15.6,+14.8,+14.1,+13.8,+13.5
2024-07-04 18:59,1,+25.3,+17.7,+21.4,+16.6,+15.8,+14.8,+14.1,+13.8,+13.5
2024-07-04 19:59,1,+25.3,+17.7,+21.4,+16.6,+15.9,+14.9,+14.1,+13.8,+13.5
2024-07-04 20:59,1,+25.3,+17.7,+21.4,+16.5,+15.9,+14.9,+14.3,+13.8,+13.5
2024-07-04 21:59,1,+25.3,+17.8,+21.4,+16.5,+15.9,+15.0,+14.3,+13.8,+13.5
2024-07-04 22:59,1,+25.3,+17.7,+21.3,+16.3,+15.9,+15.0,+14.3,+13.8,+13.5
2024-07-04 23:59,1,+25.3,+17.8,+21.3,+16.1,+15.9,+15.0,+14.3,+13.9,+13.5
2024-07-05 00:59,1,+25.3,+17.8,+21.3,+15.9,+15.8,+15.0,+14.3,+13.9,+13.5
2024-07-05 01:59,1,+25.3,+17.8,+21.3,+15.8,+15.8,+15.0,+14.4,+13.9,+13.6
2024-07-05 02:59,1,+25.3,+17.7,+21.3,+15.6,+15.6,+15.0,+14.4,+13.9,+13.6
2024-07-05 03:59,1,+25.3,+17.7,+21.3,+15.5,+15.5,+14.9,+14.4,+13.9,+13.6
2024-07-05 04:59,1,+25.3,+17.7,+21.3,+15.4,+15.4,+14.9,+14.4,+13.9,+13.6
2024-07-05 05:59,1,+25.3,+17.7,+21.3,+15.1,+15.3,+14.9,+14.4,+13.9,+13.6
2024-07-05 06:59,1,+25.3,+17.7,+21.2,+15.0,+15.3,+14.8,+14.4,+13.9,+13.6
2024-07-05 07:59,1,+25.2,+17.7,+21.2,+15.0,+15.1,+14.8,+14.4,+13.9,+13.6
2024-07-05 08:59,1,+25.2,+17.7,+21.2,+15.0,+15.1,+14.6,+14.3,+13.9,+13.6
2024-07-05 09:59,1,+25.2,+17.7,+21.2,+15.1,+15.1,+14.6,+14.3,+13.9,+13.8
2024-07-05 10:59,1,+25.2,+17.7,+21.2,+15.4,+15.1,+14.6,+14.3,+14.0,+13.6
2024-07-05 11:59,1,+25.2,+17.6,+21.2,+15.8,+15.1,+14.6,+14.3,+13.9,+13.6
2024-07-05 12:59,1,+25.2,+17.6,+21.2,+16.1,+15.4,+14.6,+14.3,+13.9,+13.6
2024-07-05 13:59,1,+25.1,+17.6,+21.2,+16.3,+15.5,+14.6,+14.3,+13.9,+13.6
2024-07-05 14:59,1,+25.1,+17.6,+21.1,+16.5,+15.6,+14.8,+14.3,+13.8,+13.6
2024-07-05 15:59,1,+25.1,+17.6,+21.1,+16.8,+15.8,+14.8,+14.3,+13.9,+13.6
2024-07-05 16:59,1,+25.0,+17.6,+21.1,+16.9,+15.9,+14.9,+14.3,+13.9,+13.6
2024-07-05 17:59,1,+25.1,+17.6,+21.1,+16.6,+16.0,+15.0,+14.3,+13.9,+13.6
2024-07-05 18:59,1,+25.2,+17.6,+21.1,+16.6,+16.0,+15.0,+14.4,+13.9,+13.6
2024-07-05 19:59,1,+25.2,+17.6,+21.1,+16.6,+16.0,+15.1,+14.4,+13.9,+13.6
2024-07-05 20:59,1,+25.1,+17.6,+21.1,+16.5,+16.0,+15.0,+14.4,+13.9,+13.6
2024-07-05 21:59,1,+25.1,+17.6,+21.1,+16.4,+16.0,+15.1,+14.5,+14.0,+13.6
2024-07-05 22:59,1,+25.1,+17.6,+21.1,+16.3,+16.0,+15.1,+14.5,+14.0,+13.8
2024-07-05 23:59,1,+25.1,+17.6,+21.0,+16.0,+15.9,+15.1,+14.5,+14.0,+13.8
2024-07-06 00:59,1,+25.0,+17.6,+21.0,+15.9,+15.9,+15.1,+14.5,+14.0,+13.8
2024-07-06 01:59,1,+25.0,+17.6,+21.0,+15.8,+15.8,+15.1,+14.5,+14.0,+13.8
2024-07-06 02:59,1,+25.0,+17.5,+21.0,+15.5,+15.6,+15.0,+14.5,+14.0,+13.8
2024-07-06 03:59,1,+25.0,+17.5,+21.0,+15.4,+15.5,+15.0,+14.5,+14.0,+13.8
2024-07-06 04:59,1,+25.0,+17.5,+21.0,+15.3,+15.4,+15.0,+14.5,+14.0,+13.8
2024-07-06 05:59,1,+25.0,+17.5,+21.0,+15.1,+15.3,+14.9,+14.5,+14.0,+13.8
2024-07-06 06:59,1,+25.0,+17.5,+20.9,+15.0,+15.3,+14.9,+14.5,+14.0,+13.8
2024-07-06 07:59,1,+25.0,+17.4,+20.9,+15.0,+15.1,+14.9,+14.4,+14.0,+13.8
2024-07-06 08:59,1,+24.9,+17.4,+20.9,+15.1,+15.1,+14.8,+14.4,+14.0,+13.8
2024-07-06 09:59,1,+24.9,+17.4,+20.9,+15.3,+15.1,+14.8,+14.4,+14.0,+13.8
2024-07-06 10:59,1,+24.9,+17.4,+20.9,+15.6,+15.1,+14.6,+14.4,+14.0,+13.8
2024-07-06 11:59,1,+24.9,+17.4,+20.9,+15.9,+15.3,+14.8,+14.4,+14.0,+13.8
2024-07-06 12:59,1,+24.9,+17.4,+20.9,+16.0,+15.4,+14.8,+14.4,+14.0,+13.8
2024-07-06 13:59,1,+24.9,+17.4,+20.9,+16.0,+15.5,+14.8,+14.3,+13.9,+13.8
2024-07-06 14:59,1,+25.0,+17.4,+20.9,+16.0,+15.6,+14.9,+14.4,+14.0,+13.8
2024-07-06 15:59,1,+24.9,+17.3,+20.9,+16.3,+15.5,+14.9,+14.4,+14.0,+13.6
2024-07-06 16:59,1,+24.9,+17.3,+20.8,+16.4,+15.8,+14.9,+14.4,+14.0,+13.8
2024-07-06 17:59,1,+24.9,+17.3,+20.8,+16.4,+15.8,+14.9,+14.4,+14.0,+13.8
2024-07-06 18:59,1,+24.9,+17.3,+20.8,+16.4,+15.9,+15.0,+14.4,+14.0,+13.8
2024-07-06 19:59,1,+24.9,+17.3,+20.8,+16.5,+15.9,+15.0,+14.4,+14.0,+13.8
2024-07-06 20:59,1,+24.9,+17.3,+20.8,+16.4,+15.9,+15.0,+14.4,+14.0,+13.8
2024-07-06 21:59,1,+24.9,+17.3,+20.8,+16.3,+15.9,+15.1,+14.4,+14.0,+13.8
2024-07-06 22:59,1,+24.8,+17.3,+20.8,+16.1,+15.9,+15.1,+14.5,+14.1,+13.8
2024-07-06 23:59,1,+24.8,+17.3,+20.8,+16.0,+15.9,+15.1,+14.5,+14.0,+13.8
2024-07-07 00:59,1,+24.8,+17.3,+20.7,+16.0,+15.8,+15.1,+14.5,+14.0,+13.8
2024-07-07 01:59,1,+24.8,+17.2,+20.7,+15.9,+15.8,+15.1,+14.5,+14.1,+13.9
2024-07-07 02:59,1,+24.7,+17.2,+20.7,+15.8,+15.6,+15.1,+14.5,+14.1,+13.8
2024-07-07 03:59,1,+24.9,+17.2,+20.7,+15.8,+15.6,+15.0,+14.5,+14.1,+13.9
2024-07-07 04:59,1,+24.9,+17.2,+20.7,+15.6,+15.5,+15.0,+14.5,+14.1,+13.9
2024-07-07 05:59,1,+24.9,+17.2,+20.7,+15.6,+15.5,+15.0,+14.5,+14.1,+13.9
2024-07-07 06:59,1,+24.9,+17.2,+20.7,+15.5,+15.5,+15.0,+14.5,+14.1,+13.9
2024-07-07 07:59,1,+25.1,+17.2,+20.7,+15.5,+15.4,+15.0,+14.5,+14.1,+13.9
2024-07-07 08:59,1,+25.3,+17.2,+20.7,+15.5,+15.4,+15.0,+14.5,+14.1,+13.9
2024-07-07 09:59,1,+25.3,+17.2,+20.7,+15.5,+15.4,+14.9,+14.4,+14.1,+13.9
2024-07-07 10:59,1,+25.3,+17.3,+20.7,+15.6,+15.4,+14.9,+14.5,+14.0,+13.9
2024-07-07 11:59,1,+25.3,+17.3,+20.7,+15.9,+15.5,+14.9,+14.5,+14.1,+13.9
2024-07-07 12:59,1,+25.6,+17.3,+20.7,+16.0,+15.5,+14.9,+14.5,+14.1,+13.9
2024-07-07 13:59,1,+25.5,+17.3,+20.7,+16.3,+15.6,+14.9,+14.5,+14.0,+13.9
2024-07-07 14:59,1,+25.5,+17.3,+20.7,+16.5,+15.8,+15.0,+14.4,+14.1,+13.9
2024-07-07 15:59,1,+25.5,+17.3,+20.7,+16.6,+15.9,+15.0,+14.5,+14.0,+13.9
2024-07-07 16:59,1,+25.5,+17.3,+20.7,+16.8,+15.9,+15.0,+14.5,+14.1,+13.9
2024-07-07 17:59,1,+25.5,+17.3,+20.7,+16.6,+16.0,+15.1,+14.5,+14.1,+13.9
2024-07-07 18:59,1,+25.5,+17.3,+20.7,+16.5,+16.0,+15.1,+14.6,+14.1,+13.9
2024-07-07 19:59,1,+25.5,+17.3,+20.7,+16.5,+16.0,+15.3,+14.6,+14.1,+13.9
2024-07-07 20:59,1,+25.5,+17.3,+20.7,+16.4,+16.0,+15.3,+14.6,+14.1,+13.9
2024-07-07 21:59,1,+25.5,+17.3,+20.6,+16.4,+16.0,+15.3,+14.6,+14.1,+13.9
2024-07-07 22:59,1,+25.4,+17.3,+20.6,+16.1,+16.0,+15.3,+14.6,+14.1,+13.9
2024-07-07 23:59,1,+25.4,+17.4,+20.7,+16.0,+15.9,+15.3,+14.6,+14.1,+13.9
2024-07-08 00:59,1,+25.4,+17.4,+20.6,+15.9,+15.9,+15.3,+14.6,+14.3,+13.9
2024-07-08 01:59,1,+25.5,+17.4,+20.6,+15.8,+15.8,+15.3,+14.6,+14.3,+14.0
2024-07-08 02:59,1,+25.4,+17.4,+20.6,+15.6,+15.8,+15.1,+14.6,+14.3,+13.9
2024-07-08 03:59,1,+25.4,+17.4,+20.6,+15.4,+15.6,+15.1,+14.6,+14.3,+14.0
2024-07-08 04:59,1,+25.4,+17.3,+20.6,+15.4,+15.5,+15.1,+14.6,+14.3,+14.0
2024-07-08 05:59,1,+25.4,+17.4,+20.6,+15.3,+15.5,+15.0,+14.6,+14.3,+14.0
2024-07-08 06:59,1,+25.4,+17.3,+20.6,+15.3,+15.4,+14.9,+14.6,+14.3,+14.0
2024-07-08 07:59,1,+25.4,+17.4,+20.6,+15.1,+15.3,+14.9,+14.5,+14.3,+14.0
2024-07-08 08:59,1,+25.4,+17.3,+20.6,+15.3,+15.3,+14.9,+14.5,+14.3,+13.9
2024-07-08 09:59,1,+25.3,+17.3,+20.6,+15.5,+15.3,+14.9,+14.5,+14.3,+14.0
2024-07-08 10:59,1,+25.3,+17.3,+20.6,+15.9,+15.4,+14.9,+14.5,+14.1,+14.0
2024-07-08 11:59,1,+25.3,+17.3,+20.6,+16.3,+15.4,+14.9,+14.5,+14.1,+14.0
2024-07-08 12:59,1,+25.3,+17.3,+20.5,+16.5,+15.6,+14.9,+14.5,+14.1,+13.9
2024-07-08 13:59,1,+25.3,+17.3,+20.5,+16.8,+15.9,+14.9,+14.5,+14.1,+13.9
2024-07-08 14:59,1,+25.2,+17.3,+20.5,+17.0,+16.0,+15.0,+14.5,+14.1,+13.9
2024-07-08 15:59,1,+25.2,+17.3,+20.5,+17.3,+16.1,+15.1,+14.5,+14.1,+13.9
2024-07-08 16:59,1,+25.2,+17.3,+20.5,+17.5,+16.3,+15.3,+14.6,+14.3,+14.0
2024-07-08 17:59,1,+25.2,+17.3,+20.5,+17.5,+16.4,+15.4,+14.6,+14.1,+13.9
2024-07-08 18:59,1,+25.2,+17.3,+20.5,+17.5,+16.5,+15.4,+14.6,+14.3,+14.0
2024-07-08 19:59,1,+25.2,+17.3,+20.5,+17.4,+16.6,+15.5,+14.6,+14.3,+14.0
2024-07-08 20:59,1,+25.1,+17.3,+20.5,+17.3,+16.6,+15.5,+14.8,+14.3,+14.0
2024-07-08 21:59,1,+25.1,+17.3,+20.5,+17.1,+16.6,+15.5,+14.8,+14.3,+14.0
2024-07-08 22:59,1,+25.1,+17.3,+20.5,+17.0,+16.6,+15.6,+14.9,+14.3,+14.0
2024-07-08 23:59,1,+25.1,+17.3,+20.5,+16.8,+16.5,+15.6,+14.9,+14.4,+14.0
2024-07-09 00:59,1,+25.1,+17.3,+20.5,+16.6,+16.4,+15.6,+14.9,+14.4,+14.1
2024-07-09 01:59,1,+25.2,+17.3,+20.5,+16.5,+16.4,+15.6,+15.0,+14.4,+14.0
2024-07-09 02:59,1,+25.1,+17.3,+20.5,+16.3,+16.3,+15.5,+14.9,+14.4,+14.1
2024-07-09 03:59,1,+25.1,+17.2,+20.4,+16.1,+16.1,+15.5,+15.0,+14.4,+14.1
2024-07-09 04:59,1,+25.1,+17.2,+20.4,+16.0,+16.0,+15.5,+14.9,+14.4,+14.1
2024-07-09 05:59,1,+25.1,+17.2,+20.4,+15.9,+16.0,+15.5,+14.9,+14.4,+14.1
2024-07-09 06:59,1,+25.0,+17.2,+20.4,+15.8,+15.9,+15.4,+14.9,+14.4,+14.1
2024-07-09 07:59,1,+25.1,+17.2,+20.4,+15.8,+15.9,+15.4,+14.9,+14.4,+14.1
2024-07-09 08:59,1,+25.0,+17.1,+20.4,+15.9,+15.8,+15.3,+14.9,+14.4,+14.1
2024-07-09 09:59,1,+25.0,+17.1,+20.4,+16.0,+15.8,+15.3,+14.9,+14.4,+14.3
2024-07-09 10:59,1,+25.0,+17.1,+20.3,+16.4,+15.9,+15.3,+14.9,+14.4,+14.1
2024-07-09 11:59,1,+25.0,+17.1,+20.3,+16.8,+16.0,+15.3,+14.9,+14.4,+14.1
2024-07-09 12:59,1,+24.9,+17.0,+20.3,+17.1,+16.1,+15.4,+14.8,+14.4,+14.1
2024-07-09 13:59,1,+24.8,+17.0,+20.3,+17.4,+16.3,+15.4,+14.8,+14.4,+14.1
2024-07-09 14:59,1,+24.7,+17.0,+20.3,+17.5,+16.5,+15.4,+14.9,+14.4,+14.1
2024-07-09 15:59,1,+24.7,+17.0,+20.3,+17.8,+16.6,+15.5,+14.9,+14.4,+14.1
2024-07-09 16:59,1,+24.6,+17.0,+20.3,+18.0,+16.8,+15.6,+14.9,+14.4,+14.1
2024-07-09 17:59,1,+24.5,+16.9,+20.2,+18.1,+16.9,+15.8,+15.0,+14.5,+14.1
2024-07-09 18:59,1,+24.5,+16.9,+20.2,+18.1,+17.0,+15.8,+15.0,+14.5,+14.1
2024-07-09 19:59,1,+24.5,+16.9,+20.2,+18.1,+17.1,+15.9,+15.0,+14.5,+14.3
2024-07-09 20:59,1,+24.5,+16.8,+20.2,+18.0,+17.1,+15.9,+15.1,+14.5,+14.1
2024-07-09 21:59,1,+24.5,+16.8,+20.2,+17.9,+17.3,+16.0,+15.1,+14.5,+14.3
2024-07-09 22:59,1,+24.5,+16.8,+20.2,+17.6,+17.1,+16.0,+15.1,+14.6,+14.3
2024-07-09 23:59,1,+24.4,+16.8,+20.1,+17.5,+17.0,+16.1,+15.3,+14.6,+14.3
2024-07-10 00:59,1,+24.4,+16.8,+20.1,+17.4,+17.0,+16.1,+15.3,+14.6,+14.3
2024-07-10 01:59,1,+24.4,+16.8,+20.1,+17.3,+17.0,+16.1,+15.3,+14.6,+14.4
2024-07-10 02:59,1,+24.4,+16.8,+20.1,+17.1,+16.9,+16.1,+15.3,+14.6,+14.4
2024-07-10 03:59,1,+24.4,+16.8,+20.1,+16.9,+16.8,+16.0,+15.3,+14.6,+14.4
2024-07-10 04:59,1,+24.4,+16.7,+20.1,+16.8,+16.6,+16.0,+15.3,+14.8,+14.5
2024-07-10 05:59,1,+24.4,+16.7,+20.1,+16.5,+16.6,+16.0,+15.3,+14.8,+14.4
2024-07-10 06:59,1,+24.4,+16.7,+20.1,+16.4,+16.5,+15.9,+15.3,+14.8,+14.4
2024-07-10 07:59,1,+24.4,+16.7,+20.0,+16.4,+16.4,+15.9,+15.3,+14.8,+14.5
2024-07-10 08:59,1,+24.3,+16.7,+20.0,+16.4,+16.4,+15.8,+15.3,+14.8,+14.5
2024-07-10 09:59,1,+24.3,+16.7,+20.0,+16.6,+16.3,+15.8,+15.3,+14.8,+14.5
2024-07-10 10:59,1,+24.2,+16.6,+20.0,+17.0,+16.4,+15.8,+15.3,+14.8,+14.5
2024-07-10 11:59,1,+24.2,+16.6,+19.9,+17.4,+16.4,+15.8,+15.3,+14.8,+14.4
2024-07-10 12:59,1,+24.1,+16.5,+19.9,+17.6,+16.6,+15.8,+15.1,+14.8,+14.4
2024-07-10 13:59,1,+24.1,+16.5,+19.9,+17.9,+16.8,+15.8,+15.1,+14.8,+14.4
2024-07-10 14:59,1,+24.0,+16.5,+19.9,+18.0,+17.0,+15.9,+15.3,+14.8,+14.5
2024-07-10 15:59,1,+24.0,+16.5,+19.9,+18.3,+17.0,+16.0,+15.3,+14.8,+14.5
2024-07-10 16:59,1,+23.9,+16.5,+19.9,+18.5,+17.3,+16.0,+15.3,+14.8,+14.4
2024-07-10 17:59,1,+23.8,+16.4,+19.9,+18.5,+17.4,+16.1,+15.3,+14.8,+14.4
2024-07-10 18:59,1,+23.8,+16.4,+19.8,+18.5,+17.5,+16.3,+15.4,+14.8,+14.5
2024-07-10 19:59,1,+23.7,+16.4,+19.8,+18.5,+17.5,+16.3,+15.4,+14.9,+14.5
2024-07-10 20:59,1,+23.7,+16.4,+19.8,+18.4,+17.6,+16.4,+15.4,+14.8,+14.5
2024-07-10 21:59,1,+23.7,+16.4,+19.8,+18.3,+17.6,+16.4,+15.5,+14.9,+14.5
2024-07-10 22:59,1,+23.7,+16.4,+19.8,+18.0,+17.5,+16.5,+15.5,+14.9,+14.6
2024-07-10 23:59,1,+23.7,+16.4,+19.8,+17.9,+17.5,+16.5,+15.5,+14.9,+14.6
2024-07-11 00:59,1,+23.6,+16.4,+19.7,+17.8,+17.4,+16.4,+15.5,+14.9,+14.6
2024-07-11 01:59,1,+23.6,+16.3,+19.8,+17.5,+17.3,+16.4,+15.6,+15.0,+14.6
2024-07-11 02:59,1,+23.6,+16.3,+19.7,+17.4,+17.3,+16.4,+15.6,+15.0,+14.6
2024-07-11 03:59,1,+23.6,+16.3,+19.7,+17.3,+17.1,+16.4,+15.6,+15.0,+14.6
2024-07-11 04:59,1,+23.6,+16.3,+19.7,+17.0,+17.0,+16.4,+15.6,+15.0,+14.6
2024-07-11 05:59,1,+23.6,+16.3,+19.7,+16.9,+16.9,+16.3,+15.6,+15.0,+14.6
2024-07-11 06:59,1,+23.6,+16.2,+19.7,+16.8,+16.9,+16.3,+15.5,+15.0,+14.8
2024-07-11 07:59,1,+23.6,+16.2,+19.7,+16.6,+16.8,+16.1,+15.5,+15.0,+14.6
2024-07-11 08:59,1,+23.5,+16.2,+19.7,+16.8,+16.6,+16.1,+15.6,+15.0,+14.8
2024-07-11 09:59,1,+23.5,+16.1,+19.6,+16.9,+16.6,+16.1,+15.5,+15.0,+14.8
2024-07-11 10:59,1,+23.5,+16.1,+19.6,+17.1,+16.6,+16.0,+15.5,+15.0,+14.8
2024-07-11 11:59,1,+23.4,+16.1,+19.6,+17.6,+16.8,+16.0,+15.5,+15.0,+14.8
2024-07-11 12:59,1,+23.3,+16.1,+19.6,+17.9,+16.9,+16.0,+15.5,+15.0,+14.6
2024-07-11 13:59,1,+23.3,+16.0,+19.5,+18.1,+17.1,+16.1,+15.5,+15.0,+14.8
2024-07-11 14:59,1,+23.2,+16.0,+19.5,+18.5,+17.3,+16.3,+15.5,+15.0,+14.6
2024-07-11 15:59,1,+23.2,+16.0,+19.5,+18.8,+17.4,+16.3,+15.5,+15.0,+14.8
2024-07-11 16:59,1,+23.1,+16.0,+19.5,+18.9,+17.6,+16.4,+15.5,+15.0,+14.8
2024-07-11 17:59,1,+23.1,+16.0,+19.5,+19.0,+17.8,+16.5,+15.6,+15.0,+14.8
2024-07-11 18:59,1,+23.0,+16.0,+19.5,+19.1,+17.9,+16.5,+15.6,+15.0,+14.8
2024-07-11 19:59,1,+22.9,+16.0,+19.5,+19.1,+18.0,+16.6,+15.6,+15.0,+14.8
2024-07-11 20:59,1,+22.9,+16.0,+19.5,+19.0,+18.0,+16.8,+15.8,+15.1,+14.8
2024-07-11 21:59,1,+22.9,+15.9,+19.4,+18.8,+18.0,+16.9,+15.8,+15.1,+14.8
2024-07-11 22:59,1,+22.9,+15.9,+19.4,+18.6,+18.0,+16.8,+15.9,+15.1,+14.9
2024-07-11 23:59,1,+22.9,+15.9,+19.4,+18.5,+17.9,+16.9,+15.9,+15.1,+14.9
2024-07-12 00:59,1,+22.9,+15.9,+19.4,+18.3,+17.9,+16.8,+15.9,+15.3,+14.9
2024-07-12 01:59,1,+22.8,+15.9,+19.4,+18.1,+17.8,+16.8,+15.9,+15.1,+14.9
2024-07-12 02:59,1,+22.8,+15.9,+19.4,+18.0,+17.6,+16.8,+15.9,+15.3,+15.0
2024-07-12 03:59,1,+22.8,+15.9,+19.4,+17.8,+17.6,+16.8,+16.0,+15.3,+14.9
2024-07-12 04:59,1,+22.8,+15.9,+19.3,+17.6,+17.5,+16.8,+16.0,+15.3,+15.0
2024-07-12 05:59,1,+22.7,+15.8,+19.3,+17.5,+17.4,+16.6,+16.0,+15.3,+15.0
2024-07-12 06:59,1,+22.7,+15.8,+19.3,+17.4,+17.3,+16.6,+16.0,+15.3,+15.0
2024-07-12 07:59,1,+22.7,+15.8,+19.3,+17.4,+17.3,+16.6,+15.9,+15.3,+15.0
2024-07-12 08:59,1,+22.7,+15.8,+19.3,+17.4,+17.1,+16.5,+15.9,+15.4,+15.0
2024-07-12 09:59,1,+22.7,+15.8,+19.3,+17.6,+17.1,+16.5,+15.9,+15.4,+15.0
2024-07-12 10:59,1,+22.6,+15.8,+19.2,+18.0,+17.3,+16.5,+15.9,+15.3,+15.0
2024-07-12 11:59,1,+22.6,+15.7,+19.2,+18.4,+17.4,+16.5,+15.9,+15.3,+15.0
2024-07-12 12:59,1,+22.6,+15.7,+19.2,+18.6,+17.5,+16.6,+15.9,+15.4,+15.0
2024-07-12 13:59,1,+22.5,+15.7,+19.2,+18.9,+17.8,+16.6,+15.9,+15.3,+15.0
2024-07-12 14:59,1,+22.4,+15.7,+19.2,+19.0,+17.9,+16.6,+15.9,+15.3,+15.0
2024-07-12 15:59,1,+22.4,+15.7,+19.2,+19.3,+17.9,+16.8,+15.9,+15.4,+15.0
2024-07-12 16:59,1,+22.3,+15.7,+19.2,+19.4,+18.1,+16.9,+16.0,+15.4,+15.0
2024-07-12 17:59,1,+22.3,+15.6,+19.1,+19.5,+18.3,+16.9,+16.0,+15.4,+15.0
2024-07-12 18:59,1,+22.2,+15.6,+19.1,+19.6,+18.4,+17.0,+16.0,+15.4,+15.0
2024-07-12 19:59,1,+22.2,+15.6,+19.1,+19.5,+18.4,+17.1,+16.0,+15.4,+15.0
2024-07-12 20:59,1,+22.1,+15.6,+19.1,+19.4,+18.4,+17.1,+16.1,+15.4,+15.0
2024-07-12 21:59,1,+22.1,+15.6,+19.1,+19.3,+18.4,+17.1,+16.1,+15.4,+15.1
2024-07-12 22:59,1,+22.1,+15.6,+19.1,+19.0,+18.4,+17.3,+16.1,+15.5,+15.1
2024-07-12 23:59,1,+22.1,+15.6,+19.0,+18.8,+18.4,+17.3,+16.3,+15.5,+15.1
2024-07-13 00:59,1,+22.1,+15.6,+19.0,+18.6,+18.3,+17.3,+16.3,+15.5,+15.1
2024-07-13 01:59,1,+22.0,+15.6,+19.0,+18.5,+18.1,+17.3,+16.3,+15.6,+15.3
2024-07-13 02:59,1,+22.0,+15.5,+19.0,+18.4,+18.0,+17.1,+16.3,+15.6,+15.3
2024-07-13 03:59,1,+22.0,+15.5,+19.0,+18.1,+18.0,+17.1,+16.3,+15.6,+15.3
2024-07-13 04:59,1,+22.0,+15.5,+19.0,+18.0,+17.9,+17.1,+16.3,+15.6,+15.3
2024-07-13 05:59,1,+21.9,+15.5,+19.0,+17.9,+17.8,+17.0,+16.3,+15.6,+15.3
2024-07-13 06:59,1,+21.9,+15.5,+19.0,+17.9,+17.6,+17.0,+16.1,+15.6,+15.3
2024-07-13 07:59,1,+21.9,+15.5,+19.0,+17.9,+17.6,+17.0,+16.3,+15.6,+15.3
2024-07-13 08:59,1,+21.9,+15.4,+18.9,+18.0,+17.6,+16.9,+16.3,+15.6,+15.3
2024-07-13 09:59,1,+21.9,+15.4,+18.9,+18.1,+17.6,+16.9,+16.1,+15.6,+15.3
2024-07-13 10:59,1,+21.9,+15.4,+18.9,+18.4,+17.6,+16.9,+16.3,+15.6,+15.4
2024-07-13 11:59,1,+21.8,+15.4,+18.9,+18.8,+17.8,+16.9,+16.1,+15.6,+15.3
2024-07-13 12:59,1,+27.9,+15.5,+18.9,+18.9,+18.0,+16.9,+16.3,+15.6,+15.4
2024-07-13 13:59,1,+25.5,+15.5,+18.9,+18.6,+18.0,+16.9,+16.1,+15.6,+15.3
2024-07-13 14:59,1,+25.0,+15.5,+18.9,+18.8,+18.0,+17.0,+16.3,+15.6,+15.3
2024-07-13 15:59,1,+24.7,+15.5,+18.9,+18.9,+18.0,+17.0,+16.1,+15.6,+15.3
2024-07-13 16:59,1,+24.4,+15.5,+18.9,+19.1,+18.1,+17.1,+16.3,+15.6,+15.3
2024-07-13 17:59,1,+24.3,+15.5,+18.9,+19.4,+18.3,+17.1,+16.3,+15.6,+15.3
2024-07-13 18:59,1,+24.2,+15.6,+18.9,+19.5,+18.4,+17.1,+16.3,+15.8,+15.4
2024-07-13 19:59,1,+24.0,+15.6,+18.9,+19.5,+18.5,+17.3,+16.4,+15.6,+15.4
2024-07-13 20:59,1,+24.0,+15.6,+18.9,+19.4,+18.5,+17.4,+16.4,+15.8,+15.4
2024-07-13 21:59,1,+23.9,+15.7,+18.9,+19.4,+18.5,+17.4,+16.4,+15.8,+15.4
2024-07-13 22:59,1,+24.0,+15.7,+18.9,+19.1,+18.5,+17.4,+16.4,+15.8,+15.4
2024-07-13 23:59,1,+24.0,+15.7,+18.9,+18.9,+18.5,+17.4,+16.5,+15.8,+15.4
2024-07-14 00:59,1,+23.9,+15.7,+18.9,+18.9,+18.4,+17.4,+16.5,+15.8,+15.5
2024-07-14 01:59,1,+23.8,+15.7,+18.9,+18.6,+18.4,+17.4,+16.5,+15.9,+15.5
2024-07-14 02:59,1,+23.9,+15.7,+18.9,+18.5,+18.3,+17.4,+16.5,+15.9,+15.5
2024-07-14 03:59,1,+23.8,+15.7,+18.9,+18.4,+18.1,+17.4,+16.5,+15.9,+15.5
2024-07-14 04:59,1,+23.7,+15.7,+18.9,+18.3,+18.0,+17.4,+16.5,+15.9,+15.5
2024-07-14 05:59,1,+23.7,+15.7,+18.9,+18.0,+18.0,+17.3,+16.5,+15.9,+15.5
2024-07-14 06:59,1,+23.6,+15.7,+18.9,+18.0,+17.9,+17.3,+16.5,+15.9,+15.5
2024-07-14 07:59,1,+23.6,+15.7,+18.9,+18.0,+17.8,+17.1,+16.4,+15.9,+15.5
2024-07-14 08:59,1,+23.6,+15.7,+18.9,+18.0,+17.8,+17.1,+16.5,+15.9,+15.5
2024-07-14 09:59,1,+23.5,+15.7,+18.9,+18.1,+17.8,+17.1,+16.5,+15.9,+15.5
2024-07-14 10:59,1,+23.4,+15.7,+18.9,+18.4,+17.8,+17.1,+16.4,+15.9,+15.5
2024-07-14 11:59,1,+23.4,+15.7,+18.9,+18.9,+17.9,+17.1,+16.4,+15.9,+15.5
2024-07-14 12:59,1,+23.3,+15.7,+18.9,+19.0,+18.0,+17.1,+16.5,+15.9,+15.5
2024-07-14 13:59,1,+23.3,+15.7,+18.9,+19.3,+18.3,+17.1,+16.5,+15.9,+15.5
2024-07-14 14:59,1,+23.2,+15.7,+18.8,+19.5,+18.4,+17.3,+16.5,+15.9,+15.5
2024-07-14 15:59,1,+23.1,+15.7,+18.9,+19.6,+18.5,+17.3,+16.5,+15.9,+15.5
2024-07-14 16:59,1,+23.1,+15.7,+18.8,+19.8,+18.6,+17.4,+16.5,+15.9,+15.5
2024-07-14 17:59,1,+23.0,+15.7,+18.8,+19.9,+18.6,+17.4,+16.5,+15.9,+15.6
2024-07-14 18:59,1,+22.9,+15.7,+18.8,+19.9,+18.8,+17.5,+16.5,+15.9,+15.5
2024-07-14 19:59,1,+22.9,+15.7,+18.8,+19.8,+18.9,+17.6,+16.6,+15.9,+15.6
2024-07-14 20:59,1,+22.9,+15.8,+18.8,+19.6,+18.9,+17.6,+16.6,+16.0,+15.6
2024-07-14 21:59,1,+22.9,+15.8,+18.8,+19.4,+18.9,+17.6,+16.6,+16.0,+15.6
2024-07-14 22:59,1,+22.8,+15.8,+18.8,+19.3,+18.8,+17.6,+16.8,+16.0,+15.6
2024-07-14 23:59,1,+22.7,+15.8,+18.8,+19.0,+18.6,+17.6,+16.8,+16.0,+15.8
2024-07-15 00:59,1,+22.7,+15.8,+18.8,+18.8,+18.6,+17.6,+16.8,+16.0,+15.8
2024-07-15 01:59,1,+22.7,+15.8,+18.8,+18.5,+18.4,+17.6,+16.8,+16.1,+15.8
2024-07-15 02:59,1,+22.7,+15.8,+18.8,+18.4,+18.3,+17.5,+16.8,+16.1,+15.8
2024-07-15 03:59,1,+22.7,+15.7,+18.8,+18.1,+18.1,+17.4,+16.8,+16.1,+15.8
2024-07-15 04:59,1,+22.6,+15.7,+18.8,+18.0,+18.0,+17.4,+16.8,+16.1,+15.8
2024-07-15 05:59,1,+22.6,+15.7,+18.8,+17.9,+18.0,+17.4,+16.6,+16.1,+15.8
2024-07-15 06:59,1,+22.6,+15.7,+18.8,+17.8,+17.9,+17.4,+16.6,+16.1,+15.8
2024-07-15 07:59,1,+22.7,+15.7,+18.8,+17.8,+17.8,+17.3,+16.6,+16.0,+15.8
2024-07-15 08:59,1,+22.8,+15.7,+18.8,+17.8,+17.6,+17.1,+16.6,+16.1,+15.8
2024-07-15 09:59,1,+22.7,+15.7,+18.8,+17.8,+17.6,+17.1,+16.6,+16.1,+15.8
2024-07-15 10:59,1,+22.7,+15.7,+18.7,+17.9,+17.6,+17.1,+16.5,+16.1,+15.8
2024-07-15 11:59,1,+23.1,+15.7,+18.7,+18.0,+17.6,+17.0,+16.5,+16.1,+15.8
2024-07-15 12:59,1,+22.8,+15.7,+18.8,+18.3,+17.8,+17.1,+16.5,+16.0,+15.8
2024-07-15 13:59,1,+22.7,+15.7,+18.7,+18.4,+17.8,+17.0,+16.5,+16.0,+15.8
2024-07-15 14:59,1,+22.6,+15.7,+18.7,+18.6,+17.9,+17.0,+16.5,+16.0,+15.8
2024-07-15 15:59,1,+22.5,+15.7,+18.7,+18.9,+18.0,+17.1,+16.4,+16.0,+15.6
2024-07-15 16:59,1,+22.5,+15.7,+18.7,+19.0,+18.1,+17.3,+16.5,+16.0,+15.8
2024-07-15 17:59,1,+22.5,+15.7,+18.7,+19.0,+18.3,+17.3,+16.5,+16.0,+15.8
2024-07-15 18:59,1,+22.4,+15.7,+18.7,+19.0,+18.3,+17.3,+16.5,+16.0,+15.6
2024-07-15 19:59,1,+22.4,+15.7,+18.7,+19.0,+18.3,+17.4,+16.5,+16.0,+15.8
2024-07-15 20:59,1,+22.4,+15.7,+18.7,+18.8,+18.3,+17.4,+16.5,+16.0,+15.6
2024-07-15 21:59,1,+22.4,+15.7,+18.7,+18.5,+18.3,+17.4,+16.6,+16.0,+15.8
2024-07-15 22:59,1,+22.4,+15.7,+18.7,+18.4,+18.1,+17.4,+16.6,+16.0,+15.8
2024-07-15 23:59,1,+22.3,+15.7,+18.6,+18.1,+18.1,+17.4,+16.6,+16.0,+15.8
2024-07-16 00:59,1,+22.3,+15.7,+18.6,+17.9,+17.9,+17.3,+16.6,+16.0,+15.8
2024-07-16 01:59,1,+22.3,+15.7,+18.6,+17.6,+17.8,+17.3,+16.6,+16.0,+15.8
2024-07-16 02:59,1,+22.3,+15.6,+18.6,+17.5,+17.6,+17.1,+16.6,+16.0,+15.8
2024-07-16 03:59,1,+22.3,+15.6,+18.6,+17.4,+17.6,+17.1,+16.5,+16.0,+15.8
2024-07-16 04:59,1,+22.2,+15.6,+18.6,+17.3,+17.4,+17.1,+16.5,+16.0,+15.8
2024-07-16 05:59,1,+22.2,+15.6,+18.6,+17.1,+17.4,+17.0,+16.5,+16.0,+15.8
2024-07-16 06:59,1,+22.2,+15.6,+18.6,+17.0,+17.3,+17.0,+16.5,+16.1,+15.8
2024-07-16 07:59,1,+22.2,+15.5,+18.5,+17.0,+17.1,+16.9,+16.5,+16.0,+15.8
2024-07-16 08:59,1,+22.1,+15.5,+18.5,+16.9,+17.1,+16.8,+16.5,+16.0,+15.8
2024-07-16 09:59,1,+22.1,+15.5,+18.5,+16.9,+17.1,+16.8,+16.4,+16.0,+15.8
2024-07-16 10:59,1,+22.1,+15.5,+18.5,+17.1,+17.1,+16.8,+16.4,+16.0,+15.6
2024-07-16 11:59,1,+22.0,+15.5,+18.5,+17.4,+17.1,+16.6,+16.4,+16.0,+15.8
2024-07-16 12:59,1,+21.9,+15.4,+18.4,+17.5,+17.1,+16.6,+16.3,+15.9,+15.6
2024-07-16 13:59,1,+21.9,+15.4,+18.4,+17.6,+17.1,+16.6,+16.3,+15.9,+15.6
2024-07-16 14:59,1,+21.8,+15.4,+18.4,+17.6,+17.3,+16.6,+16.1,+15.9,+15.6
2024-07-16 15:59,1,+21.7,+15.4,+18.4,+17.8,+17.4,+16.6,+16.3,+15.9,+15.6
2024-07-16 16:59,1,+21.7,+15.4,+18.4,+17.6,+17.4,+16.8,+16.3,+15.9,+15.6
2024-07-16 17:59,1,+21.7,+15.4,+18.4,+17.6,+17.4,+16.8,+16.3,+15.9,+15.6
2024-07-16 18:59,1,+21.6,+15.4,+18.3,+17.6,+17.4,+16.8,+16.3,+15.9,+15.6
2024-07-16 19:59,1,+21.7,+15.3,+18.3,+17.4,+17.3,+16.8,+16.3,+15.8,+15.6
2024-07-16 20:59,1,+21.7,+15.3,+18.3,+17.3,+17.3,+16.6,+16.3,+15.8,+15.5
2024-07-16 21:59,1,+21.7,+15.3,+18.3,+17.0,+17.3,+16.6,+16.1,+15.8,+15.6
2024-07-16 22:59,1,+21.7,+15.3,+18.3,+16.8,+17.1,+16.6,+16.1,+15.8,+15.6
2024-07-16 23:59,1,+21.7,+15.3,+18.3,+16.5,+17.0,+16.5,+16.3,+15.8,+15.5
2024-07-17 00:59,1,+21.7,+15.3,+18.2,+16.4,+16.9,+16.5,+16.3,+15.8,+15.5
2024-07-17 01:59,1,+21.7,+15.3,+18.2,+16.3,+16.6,+16.4,+16.1,+15.8,+15.6
2024-07-17 02:59,1,+21.7,+15.2,+18.2,+16.0,+16.5,+16.4,+16.1,+15.8,+15.5
2024-07-17 03:59,1,+21.7,+15.2,+18.2,+15.8,+16.5,+16.4,+16.1,+15.8,+15.5
2024-07-17 04:59,1,+21.6,+15.2,+18.2,+15.6,+16.3,+16.1,+16.0,+15.8,+15.5
2024-07-17 05:59,1,+21.6,+15.2,+18.2,+15.5,+16.1,+16.1,+16.0,+15.6,+15.5
2024-07-17 06:59,1,+21.6,+15.2,+18.1,+15.3,+16.0,+16.0,+15.9,+15.6,+15.4
2024-07-17 07:59,1,+21.6,+15.1,+18.1,+15.3,+15.9,+16.0,+15.9,+15.6,+15.4
2024-07-17 08:59,1,+21.5,+15.1,+18.1,+15.3,+15.8,+15.9,+15.8,+15.6,+15.4
2024-07-17 09:59,1,+21.4,+15.1,+18.1,+15.4,+15.8,+15.8,+15.8,+15.6,+15.4
2024-07-17 10:59,1,+21.4,+15.1,+18.1,+15.6,+15.8,+15.6,+15.8,+15.5,+15.4
2024-07-17 11:59,1,+21.4,+15.1,+18.0,+15.8,+15.8,+15.6,+15.6,+15.5,+15.4
2024-07-17 12:59,1,+21.3,+15.0,+18.0,+15.9,+15.9,+15.6,+15.6,+15.5,+15.3
2024-07-17 13:59,1,+21.3,+15.0,+18.0,+16.1,+15.9,+15.6,+15.6,+15.4,+15.3
2024-07-17 14:59,1,+21.2,+15.0,+18.0,+16.3,+16.0,+15.6,+15.5,+15.4,+15.3
2024-07-17 15:59,1,+21.2,+15.0,+18.0,+16.4,+16.1,+15.8,+15.5,+15.4,+15.1
2024-07-17 16:59,1,+21.2,+15.0,+18.0,+16.5,+16.1,+15.8,+15.5,+15.4,+15.1
2024-07-17 17:59,1,+21.1,+14.9,+17.9,+16.6,+16.3,+15.8,+15.5,+15.4,+15.1
2024-07-17 18:59,1,+21.1,+14.9,+17.9,+16.8,+16.3,+15.8,+15.5,+15.4,+15.1
2024-07-17 19:59,1,+21.1,+14.9,+17.9,+16.6,+16.4,+15.9,+15.5,+15.3,+15.1
2024-07-17 20:59,1,+21.1,+14.9,+17.9,+16.6,+16.4,+15.9,+15.5,+15.3,+15.1
2024-07-17 21:59,1,+21.1,+14.9,+17.9,+16.4,+16.4,+15.9,+15.6,+15.3,+15.1
2024-07-17 22:59,1,+21.1,+14.9,+17.9,+16.3,+16.4,+15.9,+15.5,+15.3,+15.1
2024-07-17 23:59,1,+21.1,+14.9,+17.9,+16.0,+16.3,+15.9,+15.5,+15.3,+15.1
2024-07-18 00:59,1,+21.1,+14.9,+17.8,+15.8,+16.1,+15.9,+15.5,+15.3,+15.1
2024-07-18 01:59,1,+21.1,+14.9,+17.8,+15.5,+16.0,+15.8,+15.5,+15.3,+15.1
2024-07-18 02:59,1,+21.1,+14.9,+17.8,+15.4,+15.9,+15.8,+15.5,+15.3,+15.1
2024-07-18 03:59,1,+21.0,+14.9,+17.8,+15.1,+15.8,+15.6,+15.5,+15.3,+15.1
2024-07-18 04:59,1,+21.0,+14.8,+17.8,+15.0,+15.6,+15.6,+15.5,+15.3,+15.0
2024-07-18 05:59,1,+21.1,+14.8,+17.8,+14.9,+15.5,+15.5,+15.5,+15.3,+15.0
2024-07-18 06:59,1,+21.2,+14.8,+17.7,+14.8,+15.4,+15.4,+15.4,+15.3,+15.0
2024-07-18 07:59,1,+20.9,+14.8,+17.7,+14.6,+15.3,+15.4,+15.4,+15.3,+15.0
2024-07-18 08:59,1,+20.8,+14.8,+17.7,+14.8,+15.3,+15.3,+15.3,+15.1,+15.0
2024-07-18 09:59,1,+20.8,+14.7,+17.7,+15.0,+15.3,+15.3,+15.3,+15.1,+15.0
2024-07-18 10:59,1,+20.8,+14.7,+17.7,+15.4,+15.3,+15.1,+15.3,+15.1,+15.0
2024-07-18 11:59,1,+20.8,+14.7,+17.7,+15.8,+15.4,+15.3,+15.3,+15.0,+14.9
2024-07-18 12:59,1,+20.8,+14.7,+17.7,+16.0,+15.6,+15.3,+15.1,+15.0,+14.9
2024-07-18 13:59,1,+20.8,+14.7,+17.6,+16.3,+15.6,+15.3,+15.1,+15.0,+14.9
2024-07-18 14:59,1,+20.7,+14.7,+17.6,+16.5,+15.9,+15.3,+15.1,+15.0,+14.9
2024-07-18 15:59,1,+20.6,+14.7,+17.6,+16.8,+16.0,+15.4,+15.1,+15.0,+14.8
2024-07-18 16:59,1,+20.6,+14.7,+17.6,+17.0,+16.3,+15.5,+15.3,+15.0,+14.9
2024-07-18 17:59,1,+20.6,+14.7,+17.6,+17.1,+16.3,+15.5,+15.3,+15.0,+14.8
2024-07-18 18:59,1,+20.6,+14.7,+17.6,+17.1,+16.5,+15.6,+15.3,+15.0,+14.9
2024-07-18 19:59,1,+20.6,+14.7,+17.5,+17.3,+16.5,+15.6,+15.3,+15.0,+14.8
2024-07-18 20:59,1,+20.5,+14.7,+17.5,+17.1,+16.5,+15.8,+15.3,+15.0,+14.8
2024-07-18 21:59,1,+20.5,+14.7,+17.5,+16.9,+16.5,+15.9,+15.4,+15.0,+14.8
2024-07-18 22:59,1,+20.5,+14.7,+17.5,+16.8,+16.5,+15.8,+15.4,+15.0,+14.9
2024-07-18 23:59,1,+20.5,+14.7,+17.5,+16.5,+16.5,+15.9,+15.4,+15.0,+14.8
2024-07-19 00:59,1,+20.5,+14.7,+17.5,+16.4,+16.4,+15.9,+15.4,+15.0,+14.9
2024-07-19 01:59,1,+20.5,+14.6,+17.5,+16.1,+16.4,+15.9,+15.4,+15.0,+14.9
2024-07-19 02:59,1,+20.5,+14.6,+17.5,+16.0,+16.3,+15.9,+15.4,+15.0,+14.9
2024-07-19 03:59,1,+20.4,+14.6,+17.5,+15.9,+16.1,+15.8,+15.4,+15.1,+14.9
2024-07-19 04:59,1,+20.4,+14.6,+17.5,+15.6,+16.0,+15.8,+15.4,+15.1,+14.9
2024-07-19 05:59,1,+20.4,+14.6,+17.4,+15.5,+15.9,+15.6,+15.4,+15.0,+14.9
2024-07-19 06:59,1,+20.4,+14.6,+17.4,+15.5,+15.9,+15.6,+15.4,+15.1,+14.9
2024-07-19 07:59,1,+20.8,+14.6,+17.4,+15.4,+15.8,+15.5,+15.4,+15.0,+14.9
2024-07-19 08:59,1,+20.6,+14.5,+17.4,+15.5,+15.8,+15.5,+15.4,+15.0,+14.9
2024-07-19 09:59,1,+20.5,+14.5,+17.4,+15.8,+15.8,+15.5,+15.3,+15.0,+14.9
2024-07-19 10:59,1,+20.5,+14.5,+17.4,+16.3,+15.8,+15.4,+15.3,+15.0,+14.9
2024-07-19 11:59,1,+20.4,+14.5,+17.4,+16.6,+16.0,+15.5,+15.3,+15.0,+14.9
2024-07-19 12:59,1,+20.4,+14.5,+17.3,+17.0,+16.1,+15.5,+15.3,+15.0,+14.9
2024-07-19 13:59,1,+20.4,+14.5,+17.3,+17.4,+16.4,+15.6,+15.3,+15.0,+14.8
2024-07-19 14:59,1,+20.3,+14.5,+17.3,+17.6,+16.5,+15.6,+15.3,+15.0,+14.8
2024-07-19 15:59,1,+20.3,+14.5,+17.3,+17.9,+16.8,+15.8,+15.3,+15.0,+14.8
2024-07-19 16:59,1,+20.5,+14.5,+17.3,+18.3,+16.9,+15.9,+15.4,+15.0,+14.9
2024-07-19 17:59,1,+20.3,+14.5,+17.3,+18.3,+17.1,+16.0,+15.4,+15.0,+14.8
2024-07-19 18:59,1,+20.3,+14.5,+17.3,+18.3,+17.3,+16.1,+15.4,+15.0,+14.8
2024-07-19 19:59,1,+20.3,+14.5,+17.3,+18.3,+17.3,+16.1,+15.5,+15.0,+14.9
2024-07-19 20:59,1,+20.2,+14.5,+17.3,+18.1,+17.4,+16.3,+15.5,+15.1,+14.9
2024-07-19 21:59,1,+20.2,+14.5,+17.3,+18.0,+17.4,+16.4,+15.6,+15.1,+14.9
2024-07-19 22:59,1,+20.2,+14.5,+17.3,+17.9,+17.4,+16.4,+15.6,+15.1,+14.9
2024-07-19 23:59,1,+20.2,+14.5,+17.3,+17.8,+17.3,+16.4,+15.6,+15.1,+15.0
2024-07-20 00:59,1,+20.2,+14.5,+17.3,+17.6,+17.3,+16.4,+15.8,+15.1,+14.9
2024-07-20 01:59,1,+20.1,+14.5,+17.2,+17.4,+17.3,+16.4,+15.8,+15.3,+15.0
2024-07-20 02:59,1,+20.2,+14.5,+17.2,+17.3,+17.1,+16.4,+15.8,+15.3,+15.0
2024-07-20 03:59,1,+20.1,+14.5,+17.2,+17.1,+17.0,+16.4,+15.8,+15.3,+15.0
2024-07-20 04:59,1,+20.1,+14.5,+17.2,+17.0,+17.0,+16.4,+15.8,+15.3,+15.1
2024-07-20 05:59,1,+20.1,+14.5,+17.2,+16.9,+16.9,+16.3,+15.8,+15.3,+15.0
2024-07-20 06:59,1,+20.1,+14.4,+17.2,+16.8,+16.9,+16.3,+15.8,+15.4,+15.1
2024-07-20 07:59,1,+20.1,+14.4,+17.2,+16.8,+16.8,+16.3,+15.6,+15.3,+15.1
2024-07-20 08:59,1,+20.1,+14.4,+17.2,+16.9,+16.8,+16.3,+15.8,+15.3,+15.1
2024-07-20 09:59,1,+20.1,+14.4,+17.2,+17.1,+16.6,+16.3,+15.8,+15.4,+15.1
2024-07-20 10:59,1,+20.1,+14.4,+17.2,+17.5,+16.8,+16.1,+15.8,+15.3,+15.1
2024-07-20 11:59,1,+20.1,+14.4,+17.1,+17.9,+16.9,+16.1,+15.6,+15.4,+15.0
2024-07-20 12:59,1,+20.0,+14.4,+17.1,+18.1,+17.1,+16.3,+15.6,+15.4,+15.1
2024-07-20 13:59,1,+20.2,+14.4,+17.1,+18.5,+17.3,+16.3,+15.8,+15.4,+15.1
2024-07-20 14:59,1,+20.2,+14.4,+17.1,+18.8,+17.5,+16.4,+15.8,+15.4,+15.1
2024-07-20 15:59,1,+20.2,+14.4,+17.1,+19.0,+17.6,+16.4,+15.8,+15.4,+15.1
2024-07-20 16:59,1,+20.0,+14.4,+17.1,+19.0,+17.8,+16.6,+15.8,+15.4,+15.1
2024-07-20 17:59,1,+20.0,+14.4,+17.1,+19.0,+17.9,+16.6,+15.9,+15.4,+15.1
2024-07-20 18:59,1,+20.1,+14.4,+17.1,+18.9,+17.9,+16.8,+15.9,+15.4,+15.1
2024-07-20 19:59,1,+20.2,+14.4,+17.1,+18.9,+17.9,+16.9,+15.9,+15.4,+15.1
2024-07-20 20:59,1,+20.1,+14.4,+17.1,+18.8,+18.0,+16.9,+16.0,+15.5,+15.1
2024-07-20 21:59,1,+20.1,+14.4,+17.1,+18.6,+18.0,+16.9,+16.0,+15.5,+15.3
2024-07-20 22:59,1,+20.0,+14.4,+17.1,+18.4,+17.9,+17.0,+16.1,+15.5,+15.3
2024-07-20 23:59,1,+20.2,+14.4,+17.1,+18.3,+17.8,+16.9,+16.1,+15.5,+15.3
2024-07-21 00:59,1,+20.1,+14.4,+17.1,+18.1,+17.8,+17.0,+16.1,+15.5,+15.3
2024-07-21 01:59,1,+20.1,+14.4,+17.1,+18.0,+17.8,+16.9,+16.1,+15.6,+15.3
2024-07-21 02:59,1,+20.0,+14.4,+17.1,+17.9,+17.6,+16.9,+16.1,+15.6,+15.3
2024-07-21 03:59,1,+20.0,+14.4,+17.1,+17.8,+17.6,+16.9,+16.1,+15.6,+15.4
2024-07-21 04:59,1,+20.2,+14.4,+17.1,+17.6,+17.5,+16.9,+16.1,+15.6,+15.4
2024-07-21 05:59,1,+20.0,+14.4,+17.0,+17.5,+17.4,+16.8,+16.1,+15.6,+15.4
2024-07-21 06:59,1,+20.0,+14.4,+17.0,+17.4,+17.4,+16.8,+16.3,+15.6,+15.4
2024-07-21 07:59,1,+20.0,+14.3,+17.0,+17.4,+17.3,+16.8,+16.1,+15.6,+15.3
2024-07-21 08:59,1,+20.1,+14.3,+17.0,+17.4,+17.3,+16.8,+16.1,+15.6,+15.4
2024-07-21 09:59,1,+20.0,+14.3,+17.0,+17.4,+17.3,+16.6,+16.1,+15.6,+15.4
2024-07-21 10:59,1,+19.9,+14.3,+17.0,+17.5,+17.1,+16.6,+16.1,+15.6,+15.4
2024-07-21 11:59,1,+19.9,+14.3,+17.0,+17.6,+17.3,+16.6,+16.1,+15.6,+15.4
2024-07-21 12:59,1,+19.9,+14.3,+17.0,+17.9,+17.4,+16.6,+16.0,+15.6,+15.4
2024-07-21 13:59,1,+19.8,+14.3,+17.0,+18.1,+17.4,+16.6,+16.0,+15.6,+15.4
2024-07-21 14:59,1,+19.8,+14.3,+17.0,+18.4,+17.5,+16.6,+16.0,+15.6,+15.4
2024-07-21 15:59,1,+19.9,+14.2,+17.0,+18.6,+17.6,+16.8,+16.1,+15.6,+15.4
2024-07-21 16:59,1,+19.8,+14.2,+16.9,+18.8,+17.6,+16.8,+16.1,+15.6,+15.4
2024-07-21 17:59,1,+19.8,+14.2,+16.9,+18.9,+17.8,+16.8,+16.1,+15.6,+15.4
2024-07-21 18:59,1,+19.8,+14.2,+16.9,+19.0,+17.9,+16.9,+16.1,+15.6,+15.4
2024-07-21 19:59,1,+19.8,+14.2,+16.9,+18.9,+18.0,+17.0,+16.1,+15.6,+15.4
2024-07-21 20:59,1,+19.7,+14.2,+16.9,+18.9,+18.0,+17.0,+16.3,+15.6,+15.4
2024-07-21 21:59,1,+19.7,+14.2,+16.9,+18.6,+18.0,+17.0,+16.3,+15.8,+15.4
2024-07-21 22:59,1,+19.7,+14.2,+16.9,+18.5,+18.0,+17.1,+16.3,+15.6,+15.5
2024-07-21 23:59,1,+19.7,+14.2,+16.9,+18.4,+17.9,+17.1,+16.3,+15.8,+15.5
2024-07-22 00:59,1,+19.7,+14.2,+16.9,+18.3,+17.9,+17.1,+16.3,+15.8,+15.5
2024-07-22 01:59,1,+19.7,+14.2,+16.9,+18.0,+17.8,+17.0,+16.4,+15.8,+15.5
2024-07-22 02:59,1,+19.7,+14.2,+16.9,+17.9,+17.8,+17.0,+16.3,+15.9,+15.5
2024-07-22 03:59,1,+19.7,+14.2,+16.9,+17.6,+17.6,+17.0,+16.4,+15.9,+15.5
2024-07-22 04:59,1,+19.7,+14.2,+16.9,+17.5,+17.6,+17.0,+16.4,+15.8,+15.5
2024-07-22 05:59,1,+19.7,+14.2,+16.8,+17.4,+17.5,+16.9,+16.3,+15.8,+15.5
2024-07-22 06:59,1,+19.7,+14.2,+16.8,+17.3,+17.4,+16.8,+16.3,+15.9,+15.5
2024-07-22 07:59,1,+19.6,+14.2,+16.8,+17.3,+17.3,+16.8,+16.3,+15.9,+15.5
2024-07-22 08:59,1,+19.6,+14.2,+16.8,+17.4,+17.3,+16.8,+16.3,+15.9,+15.5
2024-07-22 09:59,1,+19.5,+14.1,+16.8,+17.5,+17.3,+16.8,+16.3,+15.9,+15.6
2024-07-22 10:59,1,+19.6,+14.1,+16.8,+17.5,+17.3,+16.6,+16.3,+15.8,+15.5
2024-07-22 11:59,1,+19.6,+14.1,+16.8,+17.6,+17.3,+16.8,+16.3,+15.9,+15.6
2024-07-22 12:59,1,+19.5,+14.1,+16.8,+17.6,+17.3,+16.6,+16.3,+15.8,+15.5
2024-07-22 13:59,1,+19.5,+14.1,+16.8,+17.6,+17.4,+16.6,+16.3,+15.8,+15.5
2024-07-22 14:59,1,+19.4,+14.1,+16.8,+17.9,+17.4,+16.6,+16.3,+15.8,+15.5
2024-07-22 15:59,1,+19.4,+14.1,+16.8,+18.0,+17.4,+16.8,+16.1,+15.8,+15.5
2024-07-22 16:59,1,+19.3,+14.1,+16.7,+18.1,+17.5,+16.8,+16.3,+15.8,+15.5
2024-07-22 17:59,1,+19.5,+14.1,+16.7,+18.3,+17.6,+16.8,+16.3,+15.8,+15.5
2024-07-22 18:59,1,+19.5,+14.1,+16.7,+18.3,+17.6,+16.8,+16.3,+15.8,+15.5
2024-07-22 19:59,1,+19.4,+14.1,+16.7,+18.3,+17.6,+16.9,+16.1,+15.8,+15.5
2024-07-22 20:59,1,+19.3,+14.1,+16.7,+18.0,+17.6,+16.9,+16.1,+15.8,+15.5
2024-07-22 21:59,1,+19.3,+14.1,+16.7,+18.0,+17.6,+16.9,+16.3,+15.8,+15.5
2024-07-22 22:59,1,+19.5,+14.1,+16.7,+17.8,+17.6,+16.9,+16.3,+15.8,+15.5
2024-07-22 23:59,1,+19.5,+14.1,+16.7,+17.6,+17.5,+16.9,+16.3,+15.8,+15.5
2024-07-23 00:59,1,+19.2,+14.1,+16.7,+17.5,+17.4,+16.8,+16.3,+15.8,+15.5
2024-07-23 01:59,1,+19.6,+14.1,+16.7,+17.4,+17.4,+16.8,+16.3,+15.8,+15.6
2024-07-23 02:59,1,+19.8,+14.1,+16.7,+17.3,+17.4,+16.8,+16.3,+15.8,+15.5
2024-07-23 03:59,1,+19.5,+14.1,+16.7,+17.1,+17.3,+16.8,+16.3,+15.9,+15.5
2024-07-23 04:59,1,+19.5,+14.1,+16.7,+17.0,+17.1,+16.8,+16.3,+15.9,+15.5
2024-07-23 05:59,1,+19.5,+14.1,+16.7,+16.9,+17.1,+16.6,+16.3,+15.8,+15.5
2024-07-23 06:59,1,+19.5,+14.0,+16.7,+16.9,+17.0,+16.6,+16.1,+15.9,+15.5
2024-07-23 07:59,1,+19.5,+14.0,+16.7,+16.8,+16.9,+16.6,+16.1,+15.9,+15.5
2024-07-23 08:59,1,+19.7,+14.0,+16.6,+16.8,+16.9,+16.5,+16.1,+15.8,+15.5
2024-07-23 09:59,1,+19.5,+14.0,+16.6,+16.8,+16.8,+16.5,+16.1,+15.8,+15.5
2024-07-23 10:59,1,+19.5,+14.0,+16.7,+16.8,+16.8,+16.4,+16.1,+15.8,+15.5
2024-07-23 11:59,1,+19.4,+14.0,+16.6,+16.9,+16.8,+16.4,+16.1,+15.8,+15.5
2024-07-23 12:59,1,+19.4,+14.0,+16.6,+17.1,+16.8,+16.4,+16.0,+15.8,+15.5
2024-07-23 13:59,1,+19.3,+14.0,+16.6,+17.4,+16.9,+16.4,+16.0,+15.8,+15.5
2024-07-23 14:59,1,+19.3,+14.0,+16.6,+17.5,+17.0,+16.4,+16.0,+15.8,+15.5
2024-07-23 15:59,1,+19.3,+14.0,+16.6,+17.5,+17.0,+16.4,+16.0,+15.8,+15.5
2024-07-23 16:59,1,+19.3,+14.0,+16.6,+17.5,+17.1,+16.5,+16.0,+15.8,+15.5
2024-07-23 17:59,1,+19.3,+14.0,+16.6,+17.4,+17.1,+16.5,+16.0,+15.6,+15.4
2024-07-23 18:59,1,+19.3,+14.0,+16.6,+17.4,+17.1,+16.5,+16.0,+15.8,+15.4
2024-07-23 19:59,1,+19.3,+14.0,+16.6,+17.4,+17.1,+16.5,+16.0,+15.6,+15.4
2024-07-23 20:59,1,+19.3,+14.0,+16.6,+17.3,+17.1,+16.5,+16.0,+15.8,+15.5
2024-07-23 21:59,1,+19.3,+14.0,+16.6,+17.3,+17.0,+16.5,+16.0,+15.8,+15.4
2024-07-23 22:59,1,+19.3,+14.0,+16.6,+17.0,+17.0,+16.5,+16.0,+15.6,+15.5
2024-07-23 23:59,1,+19.3,+14.0,+16.6,+17.0,+17.0,+16.5,+16.0,+15.6,+15.5
2024-07-24 00:59,1,+19.2,+14.0,+16.6,+16.8,+16.9,+16.4,+16.0,+15.6,+15.5
2024-07-24 01:59,1,+19.2,+14.0,+16.6,+16.6,+16.9,+16.5,+16.0,+15.6,+15.5
2024-07-24 02:59,1,+19.2,+14.0,+16.5,+16.4,+16.8,+16.4,+16.0,+15.6,+15.5
2024-07-24 03:59,1,+19.2,+14.0,+16.5,+16.1,+16.6,+16.4,+16.0,+15.6,+15.5
2024-07-24 04:59,1,+19.2,+14.0,+16.5,+15.9,+16.5,+16.3,+16.0,+15.6,+15.5
2024-07-24 05:59,1,+19.1,+13.9,+16.5,+15.6,+16.4,+16.3,+16.0,+15.6,+15.4
2024-07-24 06:59,1,+19.1,+13.9,+16.5,+15.5,+16.1,+16.1,+15.9,+15.6,+15.4
2024-07-24 07:59,1,+19.1,+13.9,+16.5,+15.5,+16.1,+16.0,+15.9,+15.6,+15.4
2024-07-24 08:59,1,+19.1,+13.9,+16.5,+15.5,+15.9,+16.0,+15.8,+15.6,+15.4
2024-07-24 09:59,1,+19.1,+13.9,+16.5,+15.8,+16.0,+15.9,+15.8,+15.6,+15.4
2024-07-24 10:59,1,+19.0,+13.9,+16.5,+16.0,+16.0,+15.9,+15.8,+15.6,+15.4
2024-07-24 11:59,1,+18.9,+13.9,+16.5,+16.4,+16.1,+15.8,+15.8,+15.5,+15.4
2024-07-24 12:59,1,+18.9,+13.9,+16.5,+16.5,+16.1,+15.9,+15.8,+15.5,+15.3
2024-07-24 13:59,1,+18.9,+13.9,+16.5,+16.9,+16.3,+15.9,+15.6,+15.5,+15.4
2024-07-24 14:59,1,+18.8,+13.9,+16.4,+17.1,+16.5,+15.9,+15.6,+15.5,+15.3
2024-07-24 15:59,1,+18.8,+13.9,+16.4,+17.3,+16.6,+16.0,+15.6,+15.5,+15.3
2024-07-24 16:59,1,+18.8,+13.9,+16.4,+17.5,+16.8,+16.0,+15.6,+15.5,+15.3
2024-07-24 17:59,1,+18.7,+13.9,+16.4,+17.5,+16.9,+16.0,+15.8,+15.4,+15.3
2024-07-24 18:59,1,+18.7,+13.8,+16.4,+17.6,+16.9,+16.1,+15.8,+15.4,+15.3
2024-07-24 19:59,1,+18.7,+13.8,+16.4,+17.6,+17.0,+16.3,+15.8,+15.4,+15.3
2024-07-24 20:59,1,+18.7,+13.9,+16.4,+17.5,+17.0,+16.3,+15.8,+15.4,+15.3
2024-07-24 21:59,1,+18.7,+13.8,+16.4,+17.3,+17.0,+16.4,+15.8,+15.4,+15.3
2024-07-24 22:59,1,+18.7,+13.9,+16.4,+17.0,+17.0,+16.4,+15.8,+15.5,+15.3
2024-07-24 23:59,1,+18.7,+13.9,+16.4,+16.8,+16.9,+16.3,+15.9,+15.5,+15.3
2024-07-25 00:59,1,+18.7,+13.8,+16.4,+16.5,+16.8,+16.3,+15.9,+15.5,+15.3
2024-07-25 01:59,1,+18.6,+13.8,+16.3,+16.4,+16.6,+16.3,+15.9,+15.5,+15.3
2024-07-25 02:59,1,+18.6,+13.8,+16.3,+16.3,+16.5,+16.1,+15.9,+15.5,+15.3
2024-07-25 03:59,1,+18.6,+13.8,+16.3,+16.0,+16.5,+16.1,+15.9,+15.5,+15.3
2024-07-25 04:59,1,+18.6,+13.8,+16.3,+15.9,+16.4,+16.1,+15.8,+15.5,+15.3
2024-07-25 05:59,1,+18.5,+13.8,+16.3,+15.8,+16.3,+16.0,+15.8,+15.5,+15.3
2024-07-25 06:59,1,+18.5,+13.8,+16.3,+15.6,+16.1,+16.0,+15.8,+15.5,+15.3
2024-07-25 07:59,1,+18.5,+13.8,+16.3,+15.5,+16.0,+15.9,+15.8,+15.4,+15.3
2024-07-25 08:59,1,+18.5,+13.7,+16.3,+15.6,+16.0,+15.9,+15.6,+15.5,+15.3
2024-07-25 09:59,1,+18.4,+13.7,+16.3,+15.9,+15.9,+15.8,+15.6,+15.4,+15.3
2024-07-25 10:59,1,+18.4,+13.7,+16.3,+16.3,+15.9,+15.8,+15.6,+15.4,+15.1
2024-07-25 11:59,1,+18.4,+13.7,+16.3,+16.6,+16.1,+15.8,+15.6,+15.4,+15.3
2024-07-25 12:59,1,+18.3,+13.7,+16.2,+17.1,+16.3,+15.8,+15.5,+15.4,+15.3
2024-07-25 13:59,1,+18.3,+13.7,+16.2,+17.4,+16.5,+15.8,+15.6,+15.4,+15.3
2024-07-25 14:59,1,+18.3,+13.7,+16.2,+17.6,+16.6,+15.9,+15.6,+15.4,+15.1
2024-07-25 15:59,1,+18.2,+13.7,+16.2,+17.8,+16.8,+16.0,+15.6,+15.4,+15.1
2024-07-25 16:59,1,+18.2,+13.6,+16.2,+18.0,+17.0,+16.0,+15.6,+15.4,+15.1
2024-07-25 17:59,1,+18.2,+13.6,+16.2,+18.1,+17.1,+16.1,+15.6,+15.4,+15.1
2024-07-25 18:59,1,+18.1,+13.6,+16.2,+18.1,+17.3,+16.3,+15.6,+15.4,+15.1
2024-07-25 19:59,1,+18.1,+13.6,+16.2,+18.0,+17.3,+16.4,+15.8,+15.4,+15.1
2024-07-25 20:59,1,+18.1,+13.6,+16.2,+17.9,+17.4,+16.4,+15.8,+15.4,+15.1
2024-07-25 21:59,1,+18.1,+13.6,+16.2,+17.8,+17.4,+16.5,+15.8,+15.4,+15.3
2024-07-25 22:59,1,+18.1,+13.6,+16.2,+17.6,+17.3,+16.5,+15.9,+15.5,+15.1
2024-07-25 23:59,1,+18.1,+13.6,+16.2,+17.4,+17.3,+16.5,+15.9,+15.5,+15.3
2024-07-26 00:59,1,+18.0,+13.6,+16.1,+17.3,+17.1,+16.5,+15.9,+15.5,+15.3
2024-07-26 01:59,1,+18.0,+13.6,+16.1,+17.1,+17.1,+16.5,+15.9,+15.5,+15.3
2024-07-26 02:59,1,+18.0,+13.6,+16.1,+17.0,+17.0,+16.5,+15.9,+15.5,+15.3
2024-07-26 03:59,1,+18.0,+13.6,+16.1,+16.9,+17.0,+16.4,+15.9,+15.5,+15.3
2024-07-26 04:59,1,+18.0,+13.6,+16.1,+16.8,+16.9,+16.4,+15.9,+15.5,+15.3
2024-07-26 05:59,1,+18.0,+13.6,+16.1,+16.8,+16.8,+16.4,+15.9,+15.5,+15.3
2024-07-26 06:59,1,+17.9,+13.6,+16.1,+16.6,+16.8,+16.4,+15.9,+15.5,+15.3
2024-07-26 07:59,1,+17.9,+13.6,+16.1,+16.8,+16.8,+16.3,+15.9,+15.5,+15.3
2024-07-26 08:59,1,+17.9,+13.6,+16.1,+16.8,+16.8,+16.3,+15.9,+15.5,+15.3
2024-07-26 09:59,1,+17.9,+13.6,+16.1,+17.0,+16.6,+16.3,+15.9,+15.5,+15.3
2024-07-26 10:59,1,+17.9,+13.5,+16.1,+17.3,+16.8,+16.3,+15.9,+15.5,+15.4
2024-07-26 11:59,1,+17.9,+13.5,+16.1,+17.6,+16.9,+16.3,+15.9,+15.5,+15.3
2024-07-26 12:59,1,+17.9,+13.5,+16.1,+18.0,+17.0,+16.3,+15.9,+15.5,+15.3
2024-07-26 13:59,1,+17.9,+13.5,+16.1,+18.4,+17.3,+16.3,+15.9,+15.5,+15.3
2024-07-26 14:59,1,+17.8,+13.5,+16.0,+18.8,+17.4,+16.4,+15.9,+15.5,+15.4
2024-07-26 15:59,1,+17.8,+13.5,+16.0,+19.0,+17.6,+16.5,+15.9,+15.5,+15.3
2024-07-26 16:59,1,+17.8,+13.5,+16.0,+19.4,+17.9,+16.6,+15.9,+15.5,+15.3
2024-07-26 17:59,1,+17.8,+13.6,+16.0,+19.5,+18.0,+16.8,+16.0,+15.5,+15.4
2024-07-26 18:59,1,+17.8,+13.5,+16.0,+19.6,+18.3,+16.9,+16.0,+15.6,+15.3
2024-07-26 19:59,1,+17.8,+13.6,+16.0,+19.6,+18.3,+17.0,+16.1,+15.6,+15.4
2024-07-26 20:59,1,+17.8,+13.6,+16.0,+19.6,+18.5,+17.1,+16.1,+15.6,+15.4
2024-07-26 21:59,1,+17.8,+13.6,+16.1,+19.5,+18.5,+17.1,+16.1,+15.8,+15.4
2024-07-26 22:59,1,+17.8,+13.6,+16.0,+19.5,+18.5,+17.3,+16.3,+15.6,+15.5
2024-07-26 23:59,1,+17.8,+13.6,+16.0,+19.4,+18.5,+17.3,+16.4,+15.8,+15.4
2024-07-27 00:59,1,+17.8,+13.6,+16.0,+19.3,+18.5,+17.4,+16.4,+15.8,+15.5
2024-07-27 01:59,1,+17.7,+13.6,+16.0,+19.3,+18.4,+17.4,+16.4,+15.8,+15.5
2024-07-27 02:59,1,+17.8,+13.6,+16.0,+19.1,+18.5,+17.4,+16.4,+15.9,+15.5
2024-07-27 03:59,1,+17.7,+13.6,+16.0,+19.3,+18.4,+17.4,+16.5,+15.9,+15.6
2024-07-27 04:59,1,+17.7,+13.6,+16.0,+19.1,+18.4,+17.4,+16.5,+15.9,+15.6
2024-07-27 05:59,1,+17.7,+13.6,+16.0,+19.0,+18.4,+17.4,+16.5,+16.0,+15.6
2024-07-27 06:59,1,+17.7,+13.6,+16.0,+19.0,+18.5,+17.4,+16.5,+16.0,+15.6
2024-07-27 07:59,1,+17.7,+13.6,+16.0,+19.0,+18.4,+17.4,+16.6,+16.0,+15.6
2024-07-27 08:59,1,+17.7,+13.6,+16.0,+19.1,+18.4,+17.4,+16.6,+16.0,+15.8
2024-07-27 09:59,1,+17.7,+13.6,+16.0,+19.4,+18.4,+17.4,+16.6,+16.0,+15.8
2024-07-27 10:59,1,+17.7,+13.6,+16.0,+19.8,+18.5,+17.4,+16.6,+16.0,+15.8
2024-07-27 11:59,1,+17.6,+13.6,+16.0,+20.3,+18.6,+17.5,+16.6,+16.1,+15.8
2024-07-27 12:59,1,+17.6,+13.6,+16.0,+20.5,+18.9,+17.6,+16.6,+16.1,+15.8
2024-07-27 13:59,1,+17.6,+13.6,+16.0,+20.9,+19.1,+17.8,+16.8,+16.1,+15.8
2024-07-27 14:59,1,+17.5,+13.6,+16.0,+21.0,+19.3,+17.8,+16.8,+16.1,+15.8
2024-07-27 15:59,1,+17.4,+13.5,+16.0,+21.3,+19.5,+17.9,+16.9,+16.1,+15.9
2024-07-27 16:59,1,+17.3,+13.5,+16.0,+21.4,+19.8,+18.0,+16.9,+16.1,+15.9
2024-07-27 17:59,1,+17.2,+13.5,+16.0,+21.4,+19.8,+18.1,+16.9,+16.3,+15.9
2024-07-27 18:59,1,+17.2,+13.5,+16.0,+21.3,+19.9,+18.3,+17.0,+16.3,+15.9
2024-07-27 19:59,1,+17.2,+13.5,+16.0,+21.1,+19.9,+18.4,+17.0,+16.3,+15.9
2024-07-27 20:59,1,+17.1,+13.5,+16.0,+21.0,+19.9,+18.4,+17.1,+16.4,+16.0
2024-07-27 21:59,1,+17.1,+13.5,+16.0,+20.9,+19.9,+18.4,+17.1,+16.4,+16.0
2024-07-27 22:59,1,+17.1,+13.5,+16.0,+20.8,+19.8,+18.4,+17.3,+16.4,+16.0
2024-07-27 23:59,1,+17.1,+13.5,+16.0,+20.6,+19.8,+18.4,+17.3,+16.5,+16.1
2024-07-28 00:59,1,+17.0,+13.5,+16.0,+20.5,+19.8,+18.5,+17.4,+16.5,+16.1
2024-07-28 01:59,1,+17.0,+13.5,+16.0,+20.4,+19.6,+18.4,+17.4,+16.5,+16.1
2024-07-28 02:59,1,+17.0,+13.5,+16.0,+20.4,+19.6,+18.5,+17.4,+16.5,+16.1
2024-07-28 03:59,1,+17.0,+13.5,+16.0,+20.1,+19.6,+18.4,+17.4,+16.6,+16.3
2024-07-28 04:59,1,+17.0,+13.5,+16.0,+20.1,+19.5,+18.4,+17.4,+16.8,+16.3
2024-07-28 05:59,1,+17.0,+13.5,+16.0,+20.0,+19.5,+18.4,+17.4,+16.6,+16.3
2024-07-28 06:59,1,+17.0,+13.5,+16.0,+20.0,+19.4,+18.4,+17.4,+16.6,+16.3
2024-07-28 07:59,1,+17.0,+13.5,+16.0,+20.0,+19.3,+18.4,+17.4,+16.8,+16.4
2024-07-28 08:59,1,+16.9,+13.5,+16.0,+20.0,+19.3,+18.3,+17.4,+16.8,+16.4
2024-07-28 09:59,1,+16.9,+13.5,+15.9,+20.1,+19.3,+18.3,+17.5,+16.8,+16.4
2024-07-28 10:59,1,+16.9,+13.5,+15.9,+20.1,+19.4,+18.3,+17.4,+16.8,+16.4
2024-07-28 11:59,1,+17.3,+13.5,+15.9,+20.3,+19.4,+18.4,+17.4,+16.8,+16.4
2024-07-28 12:59,1,+17.2,+13.5,+15.9,+20.3,+19.5,+18.4,+17.4,+16.8,+16.4
2024-07-28 13:59,1,+17.2,+13.5,+15.9,+20.3,+19.5,+18.4,+17.4,+16.8,+16.4
2024-07-28 14:59,1,+17.1,+13.5,+15.9,+20.4,+19.5,+18.4,+17.5,+16.8,+16.4
2024-07-28 15:59,1,+17.1,+13.5,+15.9,+20.4,+19.6,+18.4,+17.4,+16.8,+16.5
2024-07-28 16:59,1,+17.1,+13.4,+15.9,+20.5,+19.5,+18.4,+17.5,+16.9,+16.5
2024-07-28 17:59,1,+17.1,+13.4,+15.9,+20.5,+19.6,+18.5,+17.5,+16.8,+16.5
2024-07-28 18:59,1,+17.1,+13.4,+15.9,+20.6,+19.6,+18.5,+17.5,+16.8,+16.5
2024-07-28 19:59,1,+17.0,+13.4,+15.9,+20.5,+19.6,+18.5,+17.6,+16.9,+16.5
2024-07-28 20:59,1,+17.0,+13.4,+15.9,+20.3,+19.6,+18.4,+17.5,+16.9,+16.5
2024-07-28 21:59,1,+17.0,+13.4,+15.9,+20.0,+19.6,+18.5,+17.6,+16.9,+16.5
2024-07-28 22:59,1,+17.0,+13.4,+15.9,+19.9,+19.5,+18.5,+17.6,+16.9,+16.5
2024-07-28 23:59,1,+17.0,+13.4,+15.9,+19.8,+19.4,+18.5,+17.6,+16.9,+16.5
2024-07-29 00:59,1,+17.0,+13.4,+15.9,+19.6,+19.4,+18.4,+17.6,+16.9,+16.5
2024-07-29 01:59,1,+17.0,+13.4,+15.9,+19.6,+19.3,+18.4,+17.6,+16.9,+16.5
2024-07-29 02:59,1,+17.0,+13.4,+15.9,+19.4,+19.1,+18.4,+17.6,+16.9,+16.6
2024-07-29 03:59,1,+16.9,+13.4,+15.9,+19.4,+19.1,+18.4,+17.5,+16.9,+16.6
2024-07-29 04:59,1,+16.9,+13.4,+15.8,+19.3,+19.1,+18.3,+17.6,+17.0,+16.5
2024-07-29 05:59,1,+16.9,+13.4,+15.9,+19.3,+19.0,+18.3,+17.5,+16.9,+16.6
2024-07-29 06:59,1,+16.9,+13.4,+15.8,+19.1,+19.0,+18.3,+17.5,+17.0,+16.6
2024-07-29 07:59,1,+16.9,+13.4,+15.8,+19.1,+18.9,+18.3,+17.5,+17.0,+16.6
2024-07-29 08:59,1,+16.9,+13.3,+15.8,+19.1,+18.9,+18.1,+17.5,+16.9,+16.6
2024-07-29 09:59,1,+16.9,+13.3,+15.8,+19.3,+18.9,+18.1,+17.5,+16.9,+16.6
2024-07-29 10:59,1,+17.0,+13.3,+15.8,+19.5,+19.0,+18.1,+17.5,+16.9,+16.6
2024-07-29 11:59,1,+17.0,+13.3,+15.8,+19.9,+19.0,+18.1,+17.5,+16.9,+16.6
2024-07-29 12:59,1,+16.8,+13.3,+15.8,+20.0,+19.1,+18.1,+17.4,+16.9,+16.6
2024-07-29 13:59,1,+16.7,+13.3,+15.8,+20.3,+19.3,+18.1,+17.4,+16.9,+16.6
2024-07-29 14:59,1,+16.6,+13.3,+15.8,+20.4,+19.3,+18.3,+17.5,+16.9,+16.6
2024-07-29 15:59,1,+16.5,+13.2,+15.8,+20.5,+19.5,+18.3,+17.5,+16.9,+16.6
2024-07-29 16:59,1,+16.5,+13.2,+15.8,+20.6,+19.6,+18.4,+17.5,+16.9,+16.6
2024-07-29 17:59,1,+16.4,+13.2,+15.7,+20.8,+19.6,+18.4,+17.5,+16.9,+16.6
2024-07-29 18:59,1,+16.4,+13.2,+15.7,+20.8,+19.8,+18.5,+17.5,+16.9,+16.6
2024-07-29 19:59,1,+16.3,+13.2,+15.7,+20.5,+19.8,+18.5,+17.6,+17.0,+16.6
2024-07-29 20:59,1,+16.3,+13.2,+15.7,+20.3,+19.8,+18.5,+17.6,+17.0,+16.6
2024-07-29 21:59,1,+16.3,+13.2,+15.7,+20.0,+19.6,+18.6,+17.6,+17.0,+16.6
2024-07-29 22:59,1,+16.2,+13.2,+15.7,+19.6,+19.5,+18.5,+17.6,+17.0,+16.6
2024-07-29 23:59,1,+16.2,+13.2,+15.7,+19.4,+19.4,+18.5,+17.6,+17.0,+16.8
2024-07-30 00:59,1,+16.2,+13.2,+15.7,+19.1,+19.3,+18.5,+17.6,+17.0,+16.6
2024-07-30 01:59,1,+16.1,+13.1,+15.7,+18.9,+19.0,+18.4,+17.6,+17.0,+16.6
2024-07-30 02:59,1,+16.1,+13.1,+15.7,+18.8,+18.9,+18.4,+17.6,+17.1,+16.8
2024-07-30 03:59,1,+16.1,+13.1,+15.7,+18.6,+18.9,+18.3,+17.6,+17.1,+16.6
2024-07-30 04:59,1,+16.1,+13.1,+15.6,+18.5,+18.6,+18.1,+17.6,+17.1,+16.8
2024-07-30 05:59,1,+17.1,+13.1,+15.6,+18.5,+18.5,+18.1,+17.5,+17.0,+16.8
2024-07-30 06:59,1,+20.0,+13.3,+15.7,+18.4,+18.5,+18.0,+17.5,+17.0,+16.8
2024-07-30 07:59,1,+19.3,+13.2,+15.6,+18.3,+18.4,+17.9,+17.5,+17.0,+16.6
2024-07-30 08:59,1,+19.0,+13.2,+15.6,+18.3,+18.4,+17.9,+17.4,+17.0,+16.8
2024-07-30 09:59,1,+18.9,+13.1,+15.6,+18.4,+18.3,+17.9,+17.4,+17.0,+16.6
2024-07-30 10:59,1,+18.7,+13.1,+15.6,+18.5,+18.3,+17.8,+17.4,+17.0,+16.8
2024-07-30 11:59,1,+18.7,+13.1,+15.6,+18.9,+18.4,+17.9,+17.4,+17.0,+16.6
2024-07-30 12:59,1,+18.5,+13.1,+15.6,+19.1,+18.5,+17.9,+17.4,+16.9,+16.6
2024-07-30 13:59,1,+18.5,+13.1,+15.6,+19.4,+18.6,+17.9,+17.4,+16.9,+16.6
2024-07-30 14:59,1,+18.4,+13.1,+15.6,+19.6,+18.8,+17.9,+17.4,+16.9,+16.6
2024-07-30 15:59,1,+18.3,+13.1,+15.6,+19.9,+19.0,+18.0,+17.4,+16.9,+16.6
2024-07-30 16:59,1,+18.2,+13.1,+15.6,+20.0,+19.0,+18.0,+17.4,+16.9,+16.6
2024-07-30 17:59,1,+18.2,+13.1,+15.6,+20.3,+19.3,+18.1,+17.4,+16.9,+16.6
2024-07-30 18:59,1,+18.1,+13.1,+15.6,+20.4,+19.4,+18.1,+17.4,+16.9,+16.6
2024-07-30 19:59,1,+18.1,+13.1,+15.6,+20.3,+19.4,+18.3,+17.5,+16.9,+16.6
2024-07-30 20:59,1,+18.1,+13.1,+15.6,+20.1,+19.4,+18.3,+17.5,+16.9,+16.6
2024-07-30 21:59,1,+18.0,+13.1,+15.6,+20.0,+19.4,+18.4,+17.5,+17.0,+16.6
2024-07-30 22:59,1,+18.0,+13.1,+15.6,+19.8,+19.4,+18.4,+17.5,+16.9,+16.6
2024-07-30 23:59,1,+18.0,+13.1,+15.6,+19.5,+19.3,+18.4,+17.6,+17.0,+16.6
2024-07-31 00:59,1,+17.9,+13.1,+15.6,+19.4,+19.3,+18.4,+17.6,+17.0,+16.6
2024-07-31 01:59,1,+17.9,+13.1,+15.6,+19.3,+19.1,+18.4,+17.6,+17.0,+16.6
2024-07-31 02:59,1,+17.9,+13.1,+15.6,+19.0,+19.0,+18.3,+17.6,+17.0,+16.6
2024-07-31 03:59,1,+17.8,+13.1,+15.5,+18.9,+18.9,+18.3,+17.6,+17.0,+16.8
2024-07-31 04:59,1,+17.8,+13.1,+15.5,+18.9,+18.8,+18.1,+17.5,+17.0,+16.6
2024-07-31 05:59,1,+17.8,+13.1,+15.6,+18.6,+18.6,+18.1,+17.5,+17.0,+16.8
2024-07-31 06:59,1,+17.8,+13.1,+15.6,+18.6,+18.6,+18.1,+17.5,+17.0,+16.8
2024-07-31 07:59,1,+17.7,+13.1,+15.6,+18.5,+18.5,+18.0,+17.5,+17.0,+16.8
2024-07-31 08:59,1,+17.7,+13.1,+15.6,+18.6,+18.5,+18.0,+17.5,+17.0,+16.8
2024-07-31 09:59,1,+17.7,+13.1,+15.5,+19.0,+18.5,+18.0,+17.5,+17.0,+16.8
2024-07-31 10:59,1,+17.7,+13.1,+15.5,+19.4,+18.6,+17.9,+17.4,+17.0,+16.8
2024-07-31 11:59,1,+17.6,+13.1,+15.5,+19.9,+18.8,+18.0,+17.4,+17.0,+16.6
2024-07-31 12:59,1,+17.6,+13.1,+15.5,+20.3,+19.0,+18.0,+17.4,+17.0,+16.8
2024-07-31 13:59,1,+17.6,+13.1,+15.5,+20.6,+19.1,+18.1,+17.4,+17.0,+16.6
2024-07-31 14:59,1,+17.5,+13.1,+15.5,+20.9,+19.4,+18.3,+17.5,+17.0,+16.6
2024-07-31 15:59,1,+17.5,+13.1,+15.5,+21.0,+19.6,+18.3,+17.5,+17.0,+16.6
2024-07-31 16:59,1,+21.8,+13.3,+15.6,+21.0,+19.8,+18.4,+17.5,+17.0,+16.8
2024-07-31 17:59,1,+19.8,+13.2,+15.5,+20.6,+19.8,+18.5,+17.6,+17.0,+16.6
2024-07-31 18:59,1,+19.6,+13.2,+15.6,+20.3,+19.8,+18.6,+17.6,+17.0,+16.8
2024-07-31 19:59,1,+19.5,+13.2,+15.6,+20.1,+19.6,+18.5,+17.6,+17.0,+16.8
2024-07-31 20:59,1,+19.4,+13.2,+15.5,+19.9,+19.5,+18.5,+17.8,+17.0,+16.8
2024-07-31 21:59,1,+19.3,+13.2,+15.5,+19.6,+19.5,+18.6,+17.8,+17.1,+16.8
2024-07-31 22:59,1,+19.2,+13.2,+15.6,+19.5,+19.4,+18.5,+17.8,+17.1,+16.8
2024-07-31 23:59,1,+19.2,+13.2,+15.6,+19.3,+19.3,+18.5,+17.8,+17.1,+16.8
2024-08-01 00:59,1,+19.1,+13.2,+15.6,+19.1,+19.1,+18.5,+17.6,+17.1,+16.8
2024-08-01 01:59,1,+19.1,+13.2,+15.6,+19.0,+19.0,+18.4,+17.8,+17.1,+16.8
2024-08-01 02:59,1,+19.0,+13.2,+15.5,+18.8,+18.9,+18.4,+17.6,+17.1,+16.9
2024-08-01 03:59,1,+19.0,+13.2,+15.5,+18.6,+18.8,+18.3,+17.6,+17.1,+16.9
2024-08-01 04:59,1,+18.9,+13.2,+15.5,+18.6,+18.6,+18.1,+17.6,+17.1,+16.9
2024-08-01 05:59,1,+18.9,+13.2,+15.5,+18.4,+18.6,+18.1,+17.6,+17.1,+16.9
2024-08-01 06:59,1,+18.9,+13.2,+15.5,+18.5,+18.5,+18.1,+17.6,+17.1,+16.9
2024-08-01 07:59,1,+18.8,+13.2,+15.5,+18.4,+18.5,+18.0,+17.5,+17.1,+16.9
2024-08-01 08:59,1,+18.8,+13.2,+15.5,+18.5,+18.4,+18.0,+17.5,+17.1,+16.9
2024-08-01 09:59,1,+18.8,+13.2,+15.5,+18.6,+18.4,+18.0,+17.5,+17.1,+16.8
2024-08-01 10:59,1,+18.7,+13.2,+15.5,+18.6,+18.4,+17.9,+17.5,+17.0,+16.8
2024-08-01 11:59,1,+18.7,+13.2,+15.5,+18.8,+18.5,+17.9,+17.5,+17.0,+16.8
2024-08-01 12:59,1,+18.7,+13.2,+15.5,+19.0,+18.5,+17.9,+17.5,+17.0,+16.8