
2024-06-19 07:34,1,+15.9,+26.8,+29.9,+15.0,+14.5,+13.8,+13.3,+12.8,+12.0
2024-06-19 08:34,1,+15.6,+26.6,+29.8,+13.9,+14.1,+13.4,+12.8,+12.0,+11.4
2024-06-19 09:34,1,+15.7,+26.6,+29.8,+13.6,+14.0,+13.3,+12.6,+12.0,+11.4
2024-06-19 10:34,1,+15.8,+26.6,+29.9,+13.5,+13.9,+13.3,+12.6,+12.0,+11.4
2024-06-19 11:34,1,+15.8,+26.6,+29.9,+13.5,+13.9,+13.1,+12.6,+12.1,+11.4
2024-06-19 12:34,1,+15.8,+26.6,+29.9,+13.8,+13.8,+13.1,+12.6,+12.0,+11.4
2024-06-19 13:34,1,+16.1,+26.6,+29.9,+13.9,+13.8,+13.0,+12.6,+12.0,+11.4
2024-06-19 14:34,1,+16.7,+26.5,+29.9,+14.0,+13.9,+13.0,+12.5,+12.0,+11.4
2024-06-19 15:34,1,+16.8,+26.5,+29.9,+14.3,+13.9,+13.0,+12.5,+12.0,+11.4
2024-06-19 16:34,1,+16.7,+26.4,+29.9,+14.3,+14.0,+13.0,+12.5,+12.0,+11.4
2024-06-19 17:34,1,+16.7,+26.4,+30.0,+14.1,+14.0,+13.0,+12.5,+11.9,+11.4
2024-06-19 18:34,1,+16.8,+26.4,+30.0,+14.1,+14.0,+13.0,+12.5,+12.0,+11.4
2024-06-19 19:34,1,+16.7,+26.4,+30.0,+14.0,+13.9,+13.0,+12.5,+12.0,+11.4
2024-06-19 20:34,1,+16.8,+26.4,+30.0,+14.0,+13.9,+13.0,+12.5,+12.0,+11.4
2024-06-19 21:34,1,+17.0,+26.4,+30.0,+13.9,+13.9,+13.0,+12.5,+12.0,+11.4
2024-06-19 22:34,1,+16.6,+26.3,+30.0,+13.6,+13.9,+13.0,+12.4,+12.0,+11.4
2024-06-19 23:34,1,+16.5,+26.3,+30.0,+13.4,+13.8,+13.0,+12.5,+12.0,+11.4
2024-06-20 00:34,1,+16.7,+26.3,+30.0,+13.3,+13.6,+12.9,+12.5,+12.0,+11.4
2024-06-20 01:34,1,+16.9,+26.3,+30.0,+13.0,+13.5,+12.9,+12.4,+12.0,+11.4
2024-06-20 02:34,1,+17.0,+26.2,+30.0,+12.9,+13.4,+12.8,+12.4,+12.0,+11.4
2024-06-20 03:34,1,+17.0,+26.2,+30.0,+12.8,+13.4,+12.8,+12.4,+12.0,+11.4
2024-06-20 04:34,1,+17.0,+26.2,+30.1,+12.6,+13.1,+12.6,+12.4,+11.9,+11.4
2024-06-20 05:34,1,+17.0,+26.2,+30.1,+12.5,+13.0,+12.6,+12.4,+11.9,+11.4
2024-06-20 06:34,1,+17.0,+26.2,+30.1,+12.5,+13.0,+12.6,+12.3,+11.9,+11.4
2024-06-20 07:34,1,+16.8,+26.2,+30.1,+12.5,+13.0,+12.5,+12.3,+11.9,+11.3
2024-06-20 08:34,1,+17.0,+26.2,+30.1,+12.6,+13.0,+12.5,+12.3,+11.9,+11.4
2024-06-20 09:34,1,+16.8,+26.2,+30.1,+12.8,+12.9,+12.4,+12.3,+11.9,+11.3
2024-06-20 10:34,1,+16.8,+26.2,+30.1,+12.9,+12.9,+12.4,+12.1,+11.9,+11.3
2024-06-20 11:34,1,+16.7,+26.2,+30.1,+13.0,+12.9,+12.4,+12.1,+11.8,+11.3
2024-06-20 12:34,1,+16.6,+26.2,+30.1,+13.1,+13.0,+12.4,+12.1,+11.8,+11.3
2024-06-20 13:34,1,+16.5,+26.1,+30.1,+13.4,+13.1,+12.4,+12.1,+11.8,+11.3
2024-06-20 14:34,1,+16.7,+26.2,+30.1,+13.6,+13.3,+12.4,+12.0,+11.8,+11.3
2024-06-20 15:34,1,+16.3,+26.1,+30.1,+13.8,+13.4,+12.4,+12.1,+11.8,+11.1
2024-06-20 16:34,1,+16.3,+26.1,+30.1,+13.9,+13.5,+12.5,+12.0,+11.8,+11.3
2024-06-20 17:34,1,+16.4,+26.1,+30.1,+13.9,+13.5,+12.5,+12.1,+11.6,+11.1
2024-06-20 18:34,1,+16.4,+26.1,+30.2,+13.9,+13.6,+12.6,+12.1,+11.8,+11.1
2024-06-20 19:34,1,+16.4,+26.1,+30.2,+13.9,+13.6,+12.6,+12.1,+11.8,+11.1
2024-06-20 20:34,1,+16.4,+26.1,+30.2,+13.9,+13.6,+12.6,+12.1,+11.8,+11.1
2024-06-20 21:34,1,+16.4,+26.1,+30.2,+13.8,+13.6,+12.6,+12.1,+11.8,+11.1
2024-06-20 22:34,1,+16.4,+26.1,+30.2,+13.6,+13.6,+12.6,+12.1,+11.8,+11.1
2024-06-20 23:34,1,+16.4,+26.1,+30.2,+13.4,+13.5,+12.8,+12.1,+11.8,+11.1
2024-06-21 00:34,1,+16.4,+26.1,+30.2,+13.1,+13.4,+12.6,+12.1,+11.8,+11.1
2024-06-21 01:34,1,+16.4,+26.1,+30.2,+13.1,+13.4,+12.6,+12.1,+11.8,+11.1
2024-06-21 02:34,1,+16.3,+26.1,+30.2,+13.0,+13.3,+12.5,+12.1,+11.8,+11.1
2024-06-21 03:34,1,+16.3,+26.1,+30.2,+12.8,+13.1,+12.5,+12.1,+11.8,+11.1
2024-06-21 04:34,1,+16.3,+26.1,+30.2,+12.6,+13.0,+12.5,+12.1,+11.8,+11.1
2024-06-21 05:34,1,+16.4,+26.1,+30.2,+12.5,+13.0,+12.4,+12.1,+11.8,+11.3
2024-06-21 06:34,1,+16.5,+26.1,+30.2,+12.4,+12.9,+12.4,+12.1,+11.8,+11.1
2024-06-21 07:34,1,+16.5,+26.1,+30.2,+12.4,+12.8,+12.4,+12.0,+11.8,+11.1
2024-06-21 08:34,1,+16.6,+26.1,+30.2,+12.4,+12.8,+12.3,+12.0,+11.8,+11.1
2024-06-21 09:34,1,+16.5,+25.4,+30.2,+12.5,+12.8,+12.3,+12.0,+11.6,+11.1
2024-06-21 10:34,1,+16.4,+25.3,+30.2,+12.8,+12.8,+12.3,+12.0,+11.6,+11.1
2024-06-21 11:34,1,+16.4,+25.3,+30.2,+13.0,+12.9,+12.3,+12.0,+11.6,+11.1
2024-06-21 12:34,1,+16.5,+25.3,+30.2,+13.4,+12.9,+12.1,+11.9,+11.6,+11.1
2024-06-21 13:34,1,+16.4,+25.3,+30.2,+13.8,+13.1,+12.1,+11.9,+11.6,+11.1
2024-06-21 14:34,1,+16.4,+25.3,+30.2,+14.1,+13.4,+12.3,+12.0,+11.5,+11.1
2024-06-21 15:34,1,+16.5,+25.3,+30.2,+14.4,+13.5,+12.4,+12.0,+11.6,+11.0
2024-06-21 16:34,1,+16.5,+25.3,+30.2,+14.6,+13.8,+12.5,+11.9,+11.6,+11.1
2024-06-21 17:34,1,+16.5,+25.3,+30.2,+14.6,+13.9,+12.5,+12.0,+11.6,+11.0
2024-06-21 18:34,1,+16.4,+25.3,+30.2,+14.8,+13.9,+12.6,+12.0,+11.6,+11.1
2024-06-21 19:34,1,+16.3,+25.3,+30.2,+14.8,+14.0,+12.8,+12.0,+11.6,+11.1
2024-06-21 20:34,1,+16.4,+25.3,+30.2,+14.8,+14.1,+12.8,+12.0,+11.6,+11.1
2024-06-21 21:34,1,+16.4,+25.3,+30.2,+14.6,+14.1,+12.9,+12.1,+11.6,+11.1
2024-06-21 22:34,1,+16.4,+25.3,+30.2,+14.5,+14.1,+12.9,+12.1,+11.6,+11.1
2024-06-21 23:34,1,+16.5,+25.3,+30.2,+14.4,+14.0,+12.9,+12.1,+11.6,+11.1
2024-06-22 00:34,1,+16.5,+25.3,+30.2,+14.3,+14.1,+12.9,+12.3,+11.8,+11.1
2024-06-22 01:34,1,+16.3,+25.3,+30.2,+14.1,+14.0,+12.9,+12.3,+11.8,+11.1
2024-06-22 02:34,1,+16.3,+25.3,+30.2,+14.1,+14.0,+12.9,+12.3,+11.8,+11.3
2024-06-22 03:34,1,+16.4,+25.3,+30.2,+14.0,+13.9,+12.9,+12.3,+11.6,+11.1
2024-06-22 04:34,1,+16.3,+25.3,+30.2,+13.9,+13.9,+12.9,+12.3,+11.8,+11.3
2024-06-22 05:34,1,+16.4,+25.3,+30.2,+13.9,+13.9,+12.9,+12.3,+11.8,+11.3
2024-06-22 06:34,1,+16.3,+25.3,+30.2,+13.8,+13.8,+12.9,+12.3,+11.8,+11.3
2024-06-22 07:34,1,+16.3,+25.3,+30.2,+13.8,+13.8,+12.8,+12.3,+11.8,+11.3
2024-06-22 08:34,1,+16.4,+25.3,+30.2,+13.8,+13.8,+12.8,+12.3,+11.8,+11.3
2024-06-22 09:34,1,+16.4,+25.3,+30.2,+13.9,+13.6,+12.9,+12.3,+11.8,+11.3
2024-06-22 10:34,1,+16.3,+25.3,+30.2,+14.0,+13.8,+12.8,+12.3,+11.8,+11.3
2024-06-22 11:34,1,+16.4,+25.2,+30.2,+14.1,+13.8,+12.8,+12.3,+11.8,+11.3
2024-06-22 12:34,1,+16.4,+25.3,+30.2,+14.4,+13.9,+12.8,+12.3,+11.9,+11.3
2024-06-22 13:34,1,+16.3,+25.2,+30.2,+14.5,+14.0,+12.9,+12.3,+11.9,+11.3
2024-06-22 14:34,1,+16.4,+25.2,+30.2,+14.5,+14.0,+12.9,+12.3,+11.9,+11.3
2024-06-22 15:34,1,+16.4,+25.2,+30.2,+14.5,+14.1,+12.9,+12.3,+11.8,+11.3
2024-06-22 16:34,1,+16.3,+25.2,+30.3,+14.5,+14.1,+12.9,+12.3,+11.9,+11.3
2024-06-22 17:34,1,+16.4,+25.3,+30.2,+14.5,+14.1,+13.0,+12.4,+11.9,+11.3
2024-06-22 18:34,1,+16.3,+25.3,+30.3,+14.5,+14.1,+13.0,+12.4,+11.9,+11.3
2024-06-22 19:34,1,+16.4,+25.3,+30.3,+14.5,+14.1,+13.0,+12.4,+11.9,+11.3
2024-06-22 20:34,1,+16.4,+25.3,+30.3,+14.4,+14.1,+13.0,+12.4,+11.9,+11.3
2024-06-22 21:34,1,+16.4,+25.3,+30.3,+14.3,+14.1,+13.0,+12.4,+11.9,+11.3
2024-06-22 22:34,1,+16.4,+25.3,+30.3,+14.1,+14.0,+13.0,+12.4,+11.9,+11.3
2024-06-22 23:34,1,+16.5,+25.3,+30.3,+14.1,+14.0,+13.0,+12.4,+11.9,+11.3
2024-06-23 00:34,1,+16.3,+25.3,+30.3,+13.9,+13.9,+13.0,+12.4,+11.9,+11.4
2024-06-23 01:34,1,+16.4,+25.3,+30.3,+13.8,+13.9,+13.0,+12.4,+11.9,+11.3
2024-06-23 02:34,1,+16.6,+25.3,+30.3,+13.6,+13.8,+13.0,+12.4,+11.9,+11.3
2024-06-23 03:34,1,+16.6,+25.3,+30.3,+13.4,+13.6,+12.9,+12.4,+11.9,+11.3
2024-06-23 04:34,1,+16.7,+25.3,+30.4,+13.3,+13.6,+12.9,+12.4,+11.9,+11.4
2024-06-23 05:34,1,+16.7,+25.4,+30.4,+13.0,+13.5,+12.9,+12.4,+12.0,+11.4
2024-06-23 06:34,1,+16.6,+25.4,+30.4,+13.0,+13.3,+12.8,+12.4,+11.9,+11.4
2024-06-23 07:34,1,+16.7,+25.4,+30.4,+12.9,+13.3,+12.8,+12.4,+11.9,+11.4
2024-06-23 08:34,1,+16.7,+25.4,+30.4,+12.9,+13.3,+12.6,+12.4,+11.9,+11.4
2024-06-23 09:34,1,+16.7,+25.4,+30.4,+13.1,+13.3,+12.6,+12.3,+11.9,+11.4
2024-06-23 10:34,1,+16.6,+25.4,+30.4,+13.3,+13.3,+12.6,+12.3,+11.9,+11.4
2024-06-23 11:34,1,+16.6,+25.4,+30.5,+13.6,+13.4,+12.6,+12.3,+11.9,+11.3
2024-06-23 12:34,1,+16.8,+25.4,+30.4,+13.9,+13.5,+12.5,+12.3,+11.9,+11.4
2024-06-23 13:34,1,+16.8,+25.4,+30.5,+14.4,+13.6,+12.6,+12.3,+11.9,+11.3
2024-06-23 14:34,1,+16.6,+25.4,+30.5,+14.6,+13.8,+12.6,+12.3,+11.9,+11.3
2024-06-23 15:34,1,+16.8,+25.4,+30.5,+15.0,+14.0,+12.8,+12.3,+11.9,+11.3
2024-06-23 16:34,1,+16.8,+25.4,+30.5,+15.1,+14.3,+12.9,+12.3,+11.9,+11.3
2024-06-23 17:34,1,+16.7,+25.4,+30.5,+15.1,+14.4,+12.9,+12.3,+11.8,+11.3
2024-06-23 18:34,1,+16.7,+25.4,+30.5,+15.1,+14.4,+13.0,+12.3,+11.9,+11.3
2024-06-23 19:34,1,+16.7,+25.4,+30.5,+15.0,+14.5,+13.1,+12.4,+11.9,+11.3
2024-06-23 20:34,1,+16.7,+25.4,+30.5,+15.0,+14.5,+13.1,+12.4,+11.9,+11.3
2024-06-23 21:34,1,+16.5,+25.3,+30.5,+14.9,+14.5,+13.3,+12.5,+11.9,+11.4
2024-06-23 22:34,1,+16.6,+25.4,+30.5,+14.6,+14.5,+13.1,+12.5,+11.9,+11.4
2024-06-23 23:34,1,+16.7,+25.4,+30.5,+14.5,+14.4,+13.3,+12.5,+12.0,+11.4
2024-06-24 00:34,1,+16.7,+25.3,+30.5,+14.3,+14.3,+13.3,+12.5,+12.0,+11.4
2024-06-24 01:34,1,+16.8,+25.3,+30.5,+14.1,+14.3,+13.3,+12.6,+12.0,+11.4
2024-06-24 02:34,1,+16.9,+25.3,+30.5,+13.9,+14.1,+13.1,+12.5,+12.0,+11.4
2024-06-24 03:34,1,+16.7,+25.3,+30.5,+13.8,+14.0,+13.3,+12.5,+12.0,+11.4
2024-06-24 04:34,1,+16.7,+25.3,+30.5,+13.6,+13.9,+13.1,+12.5,+12.0,+11.5
2024-06-24 05:34,1,+16.6,+25.3,+30.5,+13.5,+13.8,+13.0,+12.5,+12.0,+11.5
2024-06-24 06:34,1,+16.7,+25.3,+30.5,+13.5,+13.6,+13.0,+12.5,+12.0,+11.4
2024-06-24 07:34,1,+16.8,+25.3,+30.5,+13.4,+13.6,+13.0,+12.5,+12.0,+11.4
2024-06-24 08:34,1,+16.7,+25.3,+30.5,+13.5,+13.6,+12.9,+12.5,+12.0,+11.5
2024-06-24 09:34,1,+16.6,+25.3,+30.5,+13.6,+13.6,+12.9,+12.5,+12.0,+11.5
2024-06-24 10:34,1,+16.6,+25.3,+30.5,+14.0,+13.8,+12.9,+12.5,+12.0,+11.5
2024-06-24 11:34,1,+16.8,+25.3,+30.5,+14.3,+13.8,+12.9,+12.4,+12.0,+11.4
2024-06-24 12:34,1,+16.6,+25.3,+30.5,+14.5,+13.9,+12.9,+12.4,+12.0,+11.4
2024-06-24 13:34,1,+16.5,+25.3,+30.5,+14.6,+14.1,+12.9,+12.5,+12.0,+11.4
2024-06-24 14:34,1,+16.6,+25.3,+30.5,+15.0,+14.1,+13.0,+12.4,+12.0,+11.4
2024-06-24 15:34,1,+16.5,+25.3,+30.5,+15.3,+14.4,+13.0,+12.4,+12.0,+11.4
2024-06-24 16:34,1,+16.6,+25.3,+30.5,+15.5,+14.5,+13.1,+12.5,+11.9,+11.4
2024-06-24 17:34,1,+16.7,+25.3,+30.5,+15.8,+14.8,+13.3,+12.5,+12.0,+11.4
2024-06-24 18:34,1,+16.7,+25.3,+30.5,+15.9,+14.9,+13.3,+12.5,+12.0,+11.4
2024-06-24 19:34,1,+16.7,+25.3,+30.5,+16.1,+15.0,+13.4,+12.6,+12.0,+11.4
2024-06-24 20:34,1,+16.8,+25.3,+30.5,+16.0,+15.1,+13.5,+12.5,+12.0,+11.5
2024-06-24 21:34,1,+16.7,+25.3,+30.5,+16.1,+15.1,+13.5,+12.6,+12.0,+11.5
2024-06-24 22:34,1,+16.7,+25.3,+30.5,+16.0,+15.1,+13.6,+12.6,+12.1,+11.5
2024-06-24 23:34,1,+16.7,+25.3,+30.5,+15.9,+15.3,+13.6,+12.8,+12.1,+11.5
2024-06-25 00:34,1,+16.7,+25.3,+30.5,+15.6,+15.1,+13.8,+12.8,+12.1,+11.5
2024-06-25 01:34,1,+16.7,+25.3,+30.6,+15.5,+15.1,+13.8,+12.8,+12.3,+11.5
2024-06-25 02:34,1,+16.7,+25.4,+30.6,+15.4,+15.1,+13.8,+12.9,+12.3,+11.6
2024-06-25 03:34,1,+16.8,+25.3,+30.6,+15.1,+15.0,+13.8,+12.9,+12.1,+11.6
2024-06-25 04:34,1,+16.7,+25.3,+30.6,+15.0,+14.9,+13.8,+12.9,+12.3,+11.6
2024-06-25 05:34,1,+16.7,+25.3,+30.6,+14.9,+14.8,+13.8,+12.9,+12.3,+11.6
2024-06-25 06:34,1,+16.7,+25.3,+30.6,+14.8,+14.8,+13.8,+12.9,+12.3,+11.6
2024-06-25 07:34,1,+16.7,+25.3,+30.6,+14.6,+14.6,+13.6,+12.9,+12.4,+11.6
2024-06-25 08:34,1,+16.7,+25.3,+30.6,+14.8,+14.5,+13.6,+12.9,+12.4,+11.8
2024-06-25 09:34,1,+16.7,+25.3,+30.6,+14.8,+14.5,+13.6,+12.9,+12.4,+11.8
2024-06-25 10:34,1,+16.7,+25.3,+30.6,+15.0,+14.6,+13.5,+12.9,+12.4,+11.8
2024-06-25 11:34,1,+16.7,+25.3,+30.6,+15.3,+14.6,+13.5,+12.9,+12.3,+11.8
2024-06-25 12:34,1,+16.7,+25.3,+30.6,+15.5,+14.8,+13.6,+12.9,+12.4,+11.8
2024-06-25 13:34,1,+16.7,+25.3,+30.6,+15.8,+15.0,+13.6,+12.9,+12.3,+11.8
2024-06-25 14:34,1,+17.2,+25.3,+30.6,+16.1,+15.1,+13.6,+12.9,+12.4,+11.8
2024-06-25 15:34,1,+17.2,+25.3,+30.6,+16.3,+15.3,+13.8,+13.0,+12.4,+11.8
2024-06-25 16:34,1,+16.8,+25.3,+30.5,+16.4,+15.4,+13.9,+13.0,+12.4,+11.8
2024-06-25 17:34,1,+16.9,+25.3,+30.5,+16.3,+15.5,+13.9,+13.0,+12.4,+11.8
2024-06-25 18:34,1,+17.0,+25.2,+30.4,+16.1,+15.5,+13.9,+13.0,+12.4,+11.8
2024-06-25 19:34,1,+17.1,+25.2,+30.4,+16.0,+15.4,+13.9,+13.0,+12.4,+11.8
2024-06-25 20:34,1,+17.4,+25.2,+30.4,+15.9,+15.4,+14.0,+13.1,+12.4,+11.8
2024-06-25 21:34,1,+17.5,+25.2,+30.4,+15.8,+15.4,+14.0,+13.1,+12.5,+11.9
2024-06-25 22:34,1,+17.4,+25.2,+30.4,+15.6,+15.4,+14.0,+13.1,+12.5,+11.9
2024-06-25 23:34,1,+17.3,+25.2,+30.4,+15.5,+15.3,+14.0,+13.1,+12.5,+11.9
2024-06-26 00:34,1,+18.1,+25.2,+30.2,+15.3,+15.1,+14.0,+13.1,+12.5,+11.9
2024-06-26 01:34,1,+17.8,+25.2,+30.2,+15.1,+15.0,+14.0,+13.1,+12.5,+11.9
2024-06-26 02:34,1,+17.8,+25.2,+30.2,+15.0,+15.0,+13.9,+13.1,+12.6,+11.9
2024-06-26 03:34,1,+17.6,+25.2,+30.2,+15.0,+15.0,+13.9,+13.1,+12.5,+12.0
2024-06-26 04:34,1,+17.7,+25.2,+30.2,+14.8,+14.9,+13.9,+13.3,+12.5,+11.9
2024-06-26 05:34,1,+18.0,+25.2,+30.2,+14.6,+14.8,+13.9,+13.1,+12.6,+11.9
2024-06-26 06:34,1,+18.1,+25.2,+30.2,+14.6,+14.6,+13.9,+13.1,+12.5,+12.0
2024-06-26 07:34,1,+18.1,+25.2,+30.2,+14.4,+14.6,+13.8,+13.1,+12.6,+11.9
2024-06-26 08:34,1,+18.1,+25.2,+30.2,+14.3,+14.5,+13.8,+13.1,+12.6,+12.0
2024-06-26 09:34,1,+18.1,+25.2,+30.2,+14.3,+14.4,+13.6,+13.1,+12.5,+12.0
2024-06-26 10:34,1,+18.1,+25.2,+30.2,+14.3,+14.4,+13.6,+13.1,+12.5,+12.0
2024-06-26 11:34,1,+18.3,+25.2,+30.2,+14.3,+14.3,+13.6,+13.1,+12.6,+12.0
2024-06-26 12:34,1,+18.2,+25.2,+30.2,+14.3,+14.3,+13.5,+13.0,+12.5,+12.0
2024-06-26 13:34,1,+18.2,+25.2,+30.1,+14.3,+14.3,+13.5,+13.0,+12.6,+11.9
2024-06-26 14:34,1,+18.1,+25.1,+30.1,+14.4,+14.3,+13.5,+13.0,+12.6,+12.0
2024-06-26 15:34,1,+18.1,+25.1,+30.1,+14.4,+14.3,+13.5,+13.0,+12.5,+11.9
2024-06-26 16:34,1,+18.1,+25.1,+30.1,+14.4,+14.3,+13.5,+13.0,+12.5,+11.9
2024-06-26 17:34,1,+18.1,+25.1,+30.1,+14.4,+14.3,+13.5,+13.0,+12.5,+11.9
2024-06-26 18:34,1,+18.1,+25.1,+30.1,+14.3,+14.3,+13.5,+12.9,+12.5,+11.9
2024-06-26 19:34,1,+18.0,+25.1,+30.1,+14.3,+14.3,+13.4,+12.9,+12.4,+11.9
2024-06-26 20:34,1,+18.1,+25.1,+30.1,+14.1,+14.3,+13.4,+12.9,+12.5,+11.9
2024-06-26 21:34,1,+18.4,+25.1,+30.1,+14.0,+14.1,+13.4,+12.9,+12.5,+11.9
2024-06-26 22:34,1,+18.6,+25.1,+30.1,+13.8,+14.0,+13.4,+12.9,+12.5,+11.9
2024-06-26 23:34,1,+18.8,+25.1,+30.1,+13.5,+13.9,+13.3,+12.9,+12.5,+11.9
2024-06-27 00:34,1,+18.6,+25.1,+30.1,+13.3,+13.9,+13.3,+12.9,+12.5,+11.9
2024-06-27 01:34,1,+18.6,+25.1,+30.0,+13.0,+13.6,+13.1,+12.9,+12.5,+11.9
2024-06-27 02:34,1,+18.6,+25.0,+30.0,+12.9,+13.5,+13.1,+12.9,+12.5,+11.9
2024-06-27 03:34,1,+18.7,+25.0,+30.0,+12.6,+13.4,+13.1,+12.8,+12.5,+11.9
2024-06-27 04:34,1,+18.6,+25.0,+30.0,+12.4,+13.3,+13.0,+12.8,+12.4,+11.9
2024-06-27 05:34,1,+18.6,+25.0,+30.0,+12.3,+13.1,+12.9,+12.8,+12.4,+11.9
2024-06-27 06:34,1,+18.6,+25.0,+30.0,+12.1,+13.0,+12.8,+12.6,+12.4,+11.8
2024-06-27 07:34,1,+18.5,+25.0,+30.0,+12.0,+12.9,+12.8,+12.6,+12.4,+11.8
2024-06-27 08:34,1,+18.4,+25.0,+30.0,+12.1,+12.8,+12.6,+12.6,+12.4,+11.8
2024-06-27 09:34,1,+18.4,+25.0,+30.0,+12.3,+12.8,+12.5,+12.6,+12.3,+11.8
2024-06-27 10:34,1,+18.4,+25.0,+30.0,+12.5,+12.8,+12.5,+12.5,+12.3,+11.8
2024-06-27 11:34,1,+18.4,+25.0,+30.0,+12.8,+12.9,+12.5,+12.4,+12.3,+11.8
2024-06-27 12:34,1,+18.3,+25.0,+29.9,+13.0,+13.0,+12.5,+12.4,+12.1,+11.8
2024-06-27 13:34,1,+18.3,+25.0,+29.9,+13.4,+13.1,+12.5,+12.4,+12.1,+11.6
2024-06-27 14:34,1,+18.3,+24.9,+29.9,+13.6,+13.3,+12.5,+12.4,+12.1,+11.6
2024-06-27 15:34,1,+18.2,+24.9,+29.9,+13.9,+13.3,+12.5,+12.4,+12.1,+11.6
2024-06-27 16:34,1,+18.1,+24.9,+29.9,+14.0,+13.5,+12.6,+12.4,+12.1,+11.6
2024-06-27 17:34,1,+18.1,+25.0,+29.9,+14.0,+13.6,+12.6,+12.3,+12.1,+11.6
2024-06-27 18:34,1,+18.0,+24.9,+29.9,+14.1,+13.6,+12.8,+12.4,+12.0,+11.6
2024-06-27 19:34,1,+18.1,+24.9,+29.9,+14.0,+13.8,+12.9,+12.4,+12.1,+11.5
2024-06-27 20:34,1,+18.1,+24.9,+29.9,+14.1,+13.8,+12.9,+12.4,+12.0,+11.5
2024-06-27 21:34,1,+18.1,+24.9,+29.9,+14.0,+13.9,+12.9,+12.4,+12.1,+11.5
2024-06-27 22:34,1,+18.1,+24.9,+29.9,+14.0,+13.8,+12.9,+12.4,+12.1,+11.5
2024-06-27 23:34,1,+18.1,+24.9,+29.9,+14.0,+13.9,+12.9,+12.4,+12.1,+11.5
2024-06-28 00:34,1,+17.9,+24.9,+29.9,+13.9,+13.9,+12.9,+12.4,+12.1,+11.5
2024-06-28 01:34,1,+17.9,+24.9,+29.9,+13.9,+13.8,+12.9,+12.4,+12.1,+11.5
2024-06-28 02:34,1,+17.9,+24.9,+29.9,+13.8,+13.8,+12.9,+12.4,+12.1,+11.5
2024-06-28 03:34,1,+17.8,+24.9,+29.9,+13.8,+13.8,+12.9,+12.5,+12.1,+11.5
2024-06-28 04:34,1,+17.8,+24.9,+29.9,+13.6,+13.8,+12.9,+12.5,+12.1,+11.5
2024-06-28 05:34,1,+17.9,+24.9,+29.9,+13.8,+13.8,+12.9,+12.5,+12.1,+11.6
2024-06-28 06:34,1,+18.1,+25.0,+29.9,+13.9,+13.8,+12.9,+12.5,+12.1,+11.6
2024-06-28 07:34,1,+18.4,+25.0,+29.9,+13.9,+13.8,+12.9,+12.5,+12.1,+11.6
2024-06-28 08:34,1,+21.1,+25.1,+29.9,+14.0,+13.9,+12.9,+12.5,+12.1,+11.6
2024-06-28 09:34,1,+19.8,+25.3,+29.9,+14.3,+13.9,+13.0,+12.5,+12.1,+11.6
2024-06-28 10:34,1,+19.0,+25.3,+30.0,+14.3,+14.0,+13.0,+12.5,+12.1,+11.6
2024-06-28 11:34,1,+18.8,+25.3,+30.1,+14.4,+14.0,+13.0,+12.5,+12.1,+11.6
2024-06-28 12:34,1,+18.8,+25.3,+30.2,+14.5,+14.1,+13.1,+12.5,+12.1,+11.6
2024-06-28 13:34,1,+18.6,+25.3,+30.2,+14.6,+14.1,+13.1,+12.6,+12.1,+11.6
2024-06-28 14:34,1,+18.4,+25.3,+30.2,+14.9,+14.3,+13.1,+12.6,+12.1,+11.6
2024-06-28 15:34,1,+18.4,+25.3,+30.2,+15.0,+14.4,+13.1,+12.6,+12.1,+11.6
2024-06-28 16:34,1,+18.4,+25.3,+30.2,+15.4,+14.5,+13.3,+12.6,+12.1,+11.6
2024-06-28 17:34,1,+18.4,+25.3,+30.3,+15.6,+14.8,+13.3,+12.6,+12.3,+11.6
2024-06-28 18:34,1,+18.5,+25.3,+30.3,+15.8,+14.9,+13.4,+12.6,+12.3,+11.6
2024-06-28 19:34,1,+18.4,+25.4,+30.3,+15.6,+15.0,+13.5,+12.8,+12.3,+11.6
2024-06-28 20:34,1,+18.4,+25.4,+30.3,+15.8,+15.0,+13.5,+12.8,+12.3,+11.6
2024-06-28 21:34,1,+18.4,+25.4,+30.3,+15.6,+15.0,+13.6,+12.8,+12.3,+11.8
2024-06-28 22:34,1,+18.4,+25.4,+30.3,+15.5,+15.0,+13.6,+12.9,+12.3,+11.8
2024-06-28 23:34,1,+18.3,+25.4,+30.3,+15.5,+15.0,+13.8,+12.9,+12.4,+11.8
2024-06-29 00:34,1,+18.4,+25.4,+30.3,+15.4,+15.0,+13.8,+12.9,+12.4,+11.9
2024-06-29 01:34,1,+18.3,+25.4,+30.3,+15.4,+15.0,+13.8,+13.0,+12.4,+11.8
2024-06-29 02:34,1,+18.4,+25.4,+30.4,+15.1,+15.0,+13.8,+13.0,+12.4,+11.8
2024-06-29 03:34,1,+18.5,+25.4,+30.4,+14.9,+14.9,+13.8,+13.0,+12.4,+11.8
2024-06-29 04:34,1,+18.4,+25.4,+30.4,+14.8,+14.8,+13.8,+13.0,+12.5,+11.9
2024-06-29 05:34,1,+18.9,+25.4,+30.4,+14.5,+14.6,+13.8,+13.0,+12.4,+11.9
2024-06-29 06:34,1,+18.9,+25.4,+30.4,+14.4,+14.6,+13.6,+13.1,+12.5,+11.9
2024-06-29 07:34,1,+18.8,+25.4,+30.4,+14.3,+14.5,+13.6,+13.0,+12.5,+11.9
2024-06-29 08:34,1,+18.9,+25.4,+30.4,+14.1,+14.4,+13.6,+13.0,+12.5,+11.9
2024-06-29 09:34,1,+19.0,+25.4,+30.4,+14.0,+14.3,+13.5,+13.0,+12.5,+11.9
2024-06-29 10:34,1,+18.9,+25.4,+30.4,+13.9,+14.3,+13.5,+13.0,+12.5,+11.9
2024-06-29 11:34,1,+18.9,+25.4,+30.4,+13.8,+14.1,+13.4,+13.0,+12.5,+12.0
2024-06-29 12:34,1,+19.2,+25.4,+30.4,+13.6,+14.0,+13.4,+12.9,+12.5,+11.9
2024-06-29 13:34,1,+19.4,+25.4,+30.4,+13.6,+14.0,+13.3,+12.9,+12.5,+11.9
2024-06-29 14:34,1,+19.4,+25.4,+30.4,+13.8,+13.9,+13.3,+12.9,+12.5,+11.9
2024-06-29 15:34,1,+19.6,+25.4,+30.4,+13.8,+13.9,+13.3,+13.0,+12.5,+11.9
2024-06-29 16:34,1,+19.5,+25.4,+30.4,+13.9,+13.9,+13.3,+12.9,+12.4,+11.9
2024-06-29 17:34,1,+19.5,+25.4,+30.4,+13.9,+13.9,+13.3,+12.9,+12.4,+11.9
2024-06-29 18:34,1,+19.5,+25.4,+30.4,+13.8,+13.9,+13.1,+12.9,+12.4,+11.9
2024-06-29 19:34,1,+19.4,+25.4,+30.4,+13.6,+13.9,+13.1,+12.9,+12.5,+11.9
2024-06-29 20:34,1,+19.4,+25.4,+30.4,+13.5,+13.8,+13.1,+12.8,+12.4,+11.9
2024-06-29 21:34,1,+19.4,+25.4,+30.4,+13.4,+13.8,+13.1,+12.8,+12.4,+11.9
2024-06-29 22:34,1,+19.4,+25.4,+30.4,+13.3,+13.6,+13.1,+12.8,+12.4,+11.9
2024-06-29 23:34,1,+19.3,+25.4,+30.4,+13.0,+13.5,+13.0,+12.8,+12.4,+11.9
2024-06-30 00:34,1,+19.4,+25.4,+30.4,+12.8,+13.4,+13.0,+12.8,+12.4,+11.9
2024-06-30 01:34,1,+19.3,+25.4,+30.4,+12.5,+13.3,+13.0,+12.8,+12.4,+11.9
2024-06-30 02:34,1,+19.4,+25.4,+30.4,+12.3,+13.1,+12.8,+12.6,+12.4,+11.8
2024-06-30 03:34,1,+19.4,+25.4,+30.4,+12.0,+12.9,+12.8,+12.6,+12.4,+11.8
2024-06-30 04:34,1,+19.3,+25.4,+30.4,+11.9,+12.9,+12.6,+12.5,+12.4,+11.8
2024-06-30 05:34,1,+19.4,+25.3,+30.4,+11.6,+12.6,+12.6,+12.6,+12.4,+11.8
2024-06-30 06:34,1,+19.3,+25.3,+30.4,+11.5,+12.5,+12.5,+12.5,+12.3,+11.8
2024-06-30 07:34,1,+19.4,+25.3,+30.4,+11.5,+12.4,+12.4,+12.5,+12.3,+11.8
2024-06-30 08:34,1,+19.3,+25.3,+30.4,+11.6,+12.4,+12.4,+12.4,+12.3,+11.8
2024-06-30 09:34,1,+19.3,+25.3,+30.3,+11.8,+12.3,+12.3,+12.4,+12.3,+11.6
2024-06-30 10:34,1,+19.4,+25.3,+30.4,+12.0,+12.4,+12.1,+12.3,+12.1,+11.6
2024-06-30 11:34,1,+19.3,+25.3,+30.3,+12.3,+12.4,+12.1,+12.3,+12.1,+11.6
2024-06-30 12:34,1,+19.3,+25.3,+30.3,+12.6,+12.5,+12.1,+12.1,+12.1,+11.6
2024-06-30 13:34,1,+19.3,+25.3,+30.3,+13.0,+12.8,+12.3,+12.1,+12.0,+11.5
2024-06-30 14:34,1,+19.2,+25.3,+30.4,+13.4,+12.9,+12.3,+12.1,+12.1,+11.5
2024-06-30 15:34,1,+19.2,+25.2,+30.4,+13.6,+13.0,+12.3,+12.1,+12.0,+11.5
2024-06-30 16:34,1,+19.3,+25.2,+30.3,+13.8,+13.3,+12.4,+12.1,+12.0,+11.5
2024-06-30 17:34,1,+19.4,+25.3,+30.3,+13.8,+13.4,+12.4,+12.1,+12.0,+11.5
2024-06-30 18:34,1,+19.2,+25.3,+30.3,+13.8,+13.5,+12.5,+12.3,+12.0,+11.5
2024-06-30 19:34,1,+19.2,+25.3,+30.3,+13.8,+13.5,+12.6,+12.1,+12.0,+11.5
2024-06-30 20:34,1,+19.2,+25.3,+30.3,+13.8,+13.5,+12.6,+12.3,+12.0,+11.5
2024-06-30 21:34,1,+19.2,+25.3,+30.3,+13.6,+13.6,+12.6,+12.3,+12.0,+11.5
2024-06-30 22:34,1,+19.2,+25.3,+30.3,+13.5,+13.5,+12.6,+12.3,+12.0,+11.5
2024-06-30 23:34,1,+19.3,+25.3,+30.3,+13.3,+13.4,+12.6,+12.3,+12.0,+11.5
2024-07-01 00:34,1,+19.3,+25.2,+30.2,+13.0,+13.4,+12.6,+12.3,+12.0,+11.5
2024-07-01 01:34,1,+19.4,+25.2,+30.2,+12.9,+13.3,+12.6,+12.3,+12.0,+11.5
2024-07-01 02:34,1,+19.4,+25.2,+30.2,+12.8,+13.1,+12.6,+12.3,+12.0,+11.5
2024-07-01 03:34,1,+19.4,+25.2,+30.2,+12.5,+13.0,+12.5,+12.3,+12.0,+11.5
2024-07-01 04:34,1,+19.5,+25.2,+30.2,+12.4,+12.9,+12.5,+12.3,+12.0,+11.5
2024-07-01 05:34,1,+19.7,+25.2,+30.2,+12.4,+12.9,+12.4,+12.3,+12.0,+11.5
2024-07-01 06:34,1,+19.7,+25.2,+30.2,+12.3,+12.9,+12.4,+12.3,+12.0,+11.5
2024-07-01 07:34,1,+19.8,+25.2,+30.2,+12.3,+12.8,+12.4,+12.3,+12.0,+11.5
2024-07-01 08:34,1,+19.7,+25.2,+30.2,+12.4,+12.8,+12.4,+12.1,+12.0,+11.5
2024-07-01 09:34,1,+19.7,+25.2,+30.2,+12.5,+12.8,+12.3,+12.1,+11.9,+11.5
2024-07-01 10:34,1,+19.6,+25.2,+30.2,+12.6,+12.8,+12.3,+12.1,+11.9,+11.5
2024-07-01 11:34,1,+19.6,+25.2,+30.2,+12.9,+12.8,+12.3,+12.1,+11.9,+11.4
2024-07-01 12:34,1,+19.6,+25.2,+30.2,+13.3,+12.9,+12.3,+12.1,+11.9,+11.4
2024-07-01 13:34,1,+19.6,+25.2,+30.2,+13.6,+13.1,+12.3,+12.1,+11.9,+11.5
2024-07-01 14:34,1,+19.6,+25.2,+30.2,+14.0,+13.3,+12.4,+12.1,+11.9,+11.4
2024-07-01 15:34,1,+19.6,+25.2,+30.2,+14.1,+13.5,+12.4,+12.1,+11.9,+11.4
2024-07-01 16:34,1,+19.6,+25.2,+30.2,+14.3,+13.6,+12.5,+12.1,+11.9,+11.4
2024-07-01 17:34,1,+19.6,+25.2,+30.2,+14.3,+13.6,+12.6,+12.1,+11.9,+11.4
2024-07-01 18:34,1,+19.7,+25.2,+30.2,+14.1,+13.8,+12.6,+12.1,+11.9,+11.4
2024-07-01 19:34,1,+19.7,+25.2,+30.2,+14.0,+13.8,+12.8,+12.3,+11.9,+11.4
2024-07-01 20:34,1,+19.7,+25.2,+30.2,+14.0,+13.8,+12.8,+12.3,+11.9,+11.4
2024-07-01 21:34,1,+19.7,+25.2,+30.2,+13.9,+13.8,+12.8,+12.3,+11.9,+11.4
2024-07-01 22:34,1,+19.8,+25.2,+30.2,+13.8,+13.8,+12.8,+12.4,+11.9,+11.5
2024-07-01 23:34,1,+19.9,+25.2,+30.2,+13.8,+13.8,+12.8,+12.4,+11.9,+11.4
2024-07-02 00:34,1,+19.9,+25.2,+30.2,+13.8,+13.6,+12.8,+12.4,+12.0,+11.5
2024-07-02 01:34,1,+19.9,+25.2,+30.2,+13.6,+13.6,+12.8,+12.4,+12.0,+11.5
2024-07-02 02:34,1,+20.1,+25.2,+30.1,+13.6,+13.6,+12.8,+12.4,+12.0,+11.5
2024-07-02 03:34,1,+20.3,+25.2,+30.2,+13.4,+13.6,+12.9,+12.4,+12.0,+11.5
2024-07-02 04:34,1,+20.5,+25.2,+30.2,+13.3,+13.5,+12.8,+12.4,+12.0,+11.5
2024-07-02 05:34,1,+20.8,+25.2,+30.2,+13.1,+13.4,+12.8,+12.4,+12.0,+11.5
2024-07-02 06:34,1,+20.7,+25.2,+30.2,+13.0,+13.4,+12.8,+12.4,+12.0,+11.5
2024-07-02 07:34,1,+20.8,+25.2,+30.1,+13.0,+13.3,+12.6,+12.4,+12.0,+11.5
2024-07-02 08:34,1,+20.8,+25.2,+30.1,+13.0,+13.3,+12.6,+12.4,+12.0,+11.5
2024-07-02 09:34,1,+20.9,+25.2,+30.2,+13.1,+13.3,+12.6,+12.4,+12.0,+11.5
2024-07-02 10:34,1,+20.9,+25.2,+30.2,+13.3,+13.3,+12.6,+12.4,+12.0,+11.5
2024-07-02 11:34,1,+20.9,+25.2,+30.2,+13.3,+13.3,+12.6,+12.3,+12.0,+11.5
2024-07-02 12:34,1,+20.9,+25.2,+30.1,+13.5,+13.4,+12.6,+12.4,+12.0,+11.5
2024-07-02 13:34,1,+20.9,+25.2,+30.2,+14.0,+13.5,+12.6,+12.3,+12.0,+11.5
2024-07-02 14:34,1,+20.9,+25.2,+30.2,+14.4,+13.6,+12.6,+12.3,+12.0,+11.5
2024-07-02 15:34,1,+20.9,+25.2,+30.2,+14.6,+13.9,+12.8,+12.3,+12.0,+11.5
2024-07-02 16:34,1,+20.9,+25.2,+30.2,+14.9,+14.0,+12.8,+12.4,+12.0,+11.5
2024-07-02 17:34,1,+20.9,+25.2,+30.2,+15.1,+14.3,+12.9,+12.4,+12.0,+11.5
2024-07-02 18:34,1,+21.0,+25.2,+30.2,+15.4,+14.4,+13.0,+12.4,+12.0,+11.5
2024-07-02 19:34,1,+21.0,+25.2,+30.2,+15.4,+14.5,+13.0,+12.4,+12.0,+11.5
2024-07-02 20:34,1,+21.0,+25.2,+30.2,+15.4,+14.6,+13.1,+12.5,+12.0,+11.5
2024-07-02 21:34,1,+21.1,+25.3,+30.2,+15.4,+14.8,+13.3,+12.5,+12.1,+11.5
2024-07-02 22:34,1,+21.1,+25.2,+30.2,+15.3,+14.8,+13.4,+12.6,+12.1,+11.5
2024-07-02 23:34,1,+21.1,+25.2,+30.2,+15.1,+14.8,+13.4,+12.6,+12.1,+11.5
2024-07-03 00:34,1,+21.1,+25.2,+30.2,+15.0,+14.8,+13.4,+12.6,+12.1,+11.6
2024-07-03 01:34,1,+21.1,+25.3,+30.2,+15.0,+14.6,+13.5,+12.6,+12.1,+11.6
2024-07-03 02:34,1,+21.2,+25.3,+30.2,+14.9,+14.6,+13.4,+12.6,+12.3,+11.6
2024-07-03 03:34,1,+21.1,+25.2,+30.2,+14.8,+14.5,+13.4,+12.8,+12.3,+11.6
2024-07-03 04:34,1,+21.1,+25.2,+30.2,+14.6,+14.5,+13.4,+12.8,+12.3,+11.6
2024-07-03 05:34,1,+21.1,+25.3,+30.2,+14.5,+14.5,+13.4,+12.8,+12.3,+11.6
2024-07-03 06:34,1,+21.1,+25.2,+30.2,+14.4,+14.4,+13.4,+12.9,+12.3,+11.8
2024-07-03 07:34,1,+21.1,+25.2,+30.2,+14.5,+14.4,+13.4,+12.9,+12.3,+11.8
2024-07-03 08:34,1,+21.1,+25.2,+30.2,+14.5,+14.3,+13.4,+12.9,+12.3,+11.8
2024-07-03 09:34,1,+21.2,+25.2,+30.2,+14.6,+14.4,+13.4,+12.9,+12.4,+11.8
2024-07-03 10:34,1,+21.1,+25.2,+30.2,+14.6,+14.4,+13.4,+12.8,+12.4,+11.8
2024-07-03 11:34,1,+21.1,+25.2,+30.2,+15.0,+14.4,+13.4,+12.9,+12.4,+11.8
2024-07-03 12:34,1,+21.1,+25.2,+30.2,+15.1,+14.6,+13.4,+12.9,+12.4,+11.8
2024-07-03 13:34,1,+21.2,+25.2,+30.2,+15.4,+14.6,+13.4,+12.9,+12.4,+11.8
2024-07-03 14:34,1,+21.2,+25.2,+30.2,+15.6,+14.9,+13.5,+12.9,+12.4,+11.8
2024-07-03 15:34,1,+21.3,+25.2,+30.2,+15.6,+14.9,+13.6,+12.9,+12.4,+11.8
2024-07-03 16:34,1,+21.1,+25.2,+30.2,+15.8,+15.0,+13.6,+12.9,+12.4,+11.9
2024-07-03 17:34,1,+21.1,+25.2,+30.2,+15.8,+15.1,+13.8,+12.9,+12.4,+11.8
2024-07-03 18:34,1,+21.1,+25.2,+30.2,+15.8,+15.1,+13.8,+13.0,+12.4,+11.9
2024-07-03 19:34,1,+21.1,+25.2,+30.2,+15.6,+15.1,+13.8,+13.0,+12.4,+11.9
2024-07-03 20:34,1,+21.2,+25.2,+30.2,+15.5,+15.1,+13.9,+13.0,+12.4,+11.9
2024-07-03 21:34,1,+21.1,+25.2,+30.2,+15.4,+15.1,+13.9,+13.0,+12.4,+11.9
2024-07-03 22:34,1,+21.3,+25.2,+30.2,+15.1,+15.0,+13.9,+13.0,+12.5,+11.9
2024-07-03 23:34,1,+21.3,+25.2,+30.2,+15.0,+15.0,+13.8,+13.1,+12.5,+11.9
2024-07-04 00:34,1,+21.2,+25.2,+30.2,+14.8,+14.9,+13.9,+13.0,+12.5,+11.9
2024-07-04 01:34,1,+21.2,+25.2,+30.1,+14.5,+14.8,+13.8,+13.1,+12.6,+12.0
2024-07-04 02:34,1,+21.2,+25.2,+30.1,+14.4,+14.6,+13.8,+13.1,+12.6,+11.9
2024-07-04 03:34,1,+21.3,+25.2,+30.1,+14.1,+14.5,+13.8,+13.1,+12.5,+12.0
2024-07-04 04:34,1,+21.2,+25.2,+30.1,+13.9,+14.4,+13.6,+13.0,+12.5,+12.0
2024-07-04 05:34,1,+21.3,+25.1,+30.1,+13.8,+14.1,+13.6,+13.1,+12.5,+12.0
2024-07-04 06:34,1,+21.2,+25.1,+30.1,+13.6,+14.1,+13.5,+13.0,+12.6,+12.0
2024-07-04 07:34,1,+21.2,+25.1,+30.1,+13.5,+14.0,+13.4,+13.0,+12.6,+12.0
2024-07-04 08:34,1,+21.1,+25.1,+30.1,+13.6,+13.9,+13.4,+13.0,+12.6,+12.0
2024-07-04 09:34,1,+21.1,+25.1,+30.1,+13.8,+13.9,+13.4,+13.0,+12.6,+12.0
2024-07-04 10:34,1,+21.2,+25.1,+30.1,+14.0,+13.9,+13.3,+12.9,+12.5,+12.0
2024-07-04 11:34,1,+21.2,+25.1,+30.1,+14.3,+14.0,+13.3,+12.9,+12.5,+12.0
2024-07-04 12:34,1,+21.2,+25.1,+30.1,+14.6,+14.1,+13.3,+12.9,+12.5,+12.0
2024-07-04 13:34,1,+21.2,+25.1,+30.0,+15.0,+14.3,+13.3,+12.9,+12.5,+12.0
2024-07-04 14:34,1,+21.2,+25.1,+30.0,+15.3,+14.5,+13.4,+12.9,+12.5,+12.0
2024-07-04 15:34,1,+21.2,+25.1,+30.0,+15.4,+14.6,+13.5,+12.9,+12.5,+11.9
2024-07-04 16:34,1,+21.2,+25.1,+30.0,+15.5,+14.9,+13.5,+12.9,+12.5,+12.0
2024-07-04 17:34,1,+21.2,+25.1,+30.0,+15.6,+15.0,+13.5,+12.9,+12.5,+11.9
2024-07-04 18:34,1,+21.2,+25.0,+30.0,+15.8,+15.0,+13.6,+13.0,+12.5,+12.0
2024-07-04 19:34,1,+21.2,+25.1,+30.0,+15.6,+15.1,+13.8,+13.0,+12.5,+12.0
2024-07-04 20:34,1,+21.3,+25.0,+30.0,+15.6,+15.1,+13.8,+13.0,+12.5,+12.0
2024-07-04 21:34,1,+21.2,+25.0,+30.0,+15.5,+15.1,+13.8,+13.0,+12.5,+12.0
2024-07-04 22:34,1,+21.2,+25.0,+30.0,+15.4,+15.1,+13.9,+13.0,+12.6,+12.0
2024-07-04 23:34,1,+21.2,+25.0,+30.0,+15.1,+15.0,+13.9,+13.1,+12.6,+12.0
2024-07-05 00:34,1,+21.2,+25.0,+30.0,+15.0,+15.0,+13.9,+13.1,+12.6,+12.0
2024-07-05 01:34,1,+21.2,+25.0,+30.0,+14.9,+14.9,+13.9,+13.1,+12.6,+12.1
2024-07-05 02:34,1,+21.2,+25.0,+30.0,+14.6,+14.8,+13.8,+13.1,+12.6,+12.1
2024-07-05 03:34,1,+21.2,+25.0,+30.0,+14.6,+14.8,+13.9,+13.1,+12.6,+12.1
2024-07-05 04:34,1,+21.2,+25.0,+30.0,+14.4,+14.6,+13.8,+13.1,+12.6,+12.1
2024-07-05 05:34,1,+21.2,+25.0,+30.0,+14.3,+14.5,+13.8,+13.1,+12.6,+12.1
2024-07-05 06:34,1,+21.2,+25.0,+29.9,+14.0,+14.5,+13.6,+13.1,+12.6,+12.0
2024-07-05 07:34,1,+21.1,+25.0,+29.9,+14.0,+14.3,+13.6,+13.1,+12.6,+12.1
2024-07-05 08:34,1,+21.2,+25.0,+29.9,+14.0,+14.3,+13.5,+13.1,+12.6,+12.0
2024-07-05 09:34,1,+21.2,+25.0,+29.9,+14.1,+14.1,+13.5,+13.0,+12.8,+12.1
2024-07-05 10:34,1,+21.1,+25.0,+29.9,+14.3,+14.3,+13.5,+13.1,+12.6,+12.1
2024-07-05 11:34,1,+21.1,+25.0,+29.9,+14.6,+14.3,+13.5,+13.0,+12.6,+12.0
2024-07-05 12:34,1,+21.1,+24.9,+29.9,+15.0,+14.4,+13.5,+13.0,+12.6,+12.1
2024-07-05 13:34,1,+21.1,+25.0,+29.9,+15.4,+14.6,+13.5,+13.1,+12.6,+12.1
2024-07-05 14:34,1,+21.1,+25.0,+29.9,+15.6,+14.8,+13.6,+13.0,+12.6,+12.0
2024-07-05 15:34,1,+21.1,+24.9,+29.9,+16.0,+15.0,+13.6,+13.0,+12.6,+12.0
2024-07-05 16:34,1,+21.2,+24.9,+29.9,+16.1,+15.3,+13.8,+13.1,+12.6,+12.0
2024-07-05 17:34,1,+21.2,+25.0,+29.9,+16.0,+15.3,+13.9,+13.1,+12.6,+12.0
2024-07-05 18:34,1,+21.3,+24.9,+29.9,+15.9,+15.4,+13.9,+13.1,+12.6,+12.1
2024-07-05 19:34,1,+21.5,+24.9,+29.9,+15.8,+15.3,+14.0,+13.1,+12.6,+12.1
2024-07-05 20:34,1,+21.5,+25.0,+29.9,+15.8,+15.4,+14.0,+13.3,+12.6,+12.1
2024-07-05 21:34,1,+21.3,+24.9,+29.9,+15.5,+15.3,+14.0,+13.3,+12.8,+12.1
2024-07-05 22:34,1,+21.5,+24.9,+29.9,+15.4,+15.3,+14.0,+13.3,+12.8,+12.1
2024-07-05 23:34,1,+21.5,+24.9,+29.9,+15.3,+15.1,+14.0,+13.3,+12.8,+12.1
2024-07-06 00:34,1,+21.5,+24.9,+29.8,+15.0,+15.0,+14.0,+13.4,+12.8,+12.3
2024-07-06 01:34,1,+21.4,+24.9,+29.8,+14.8,+14.9,+14.0,+13.3,+12.9,+12.1
2024-07-06 02:34,1,+21.4,+24.9,+29.8,+14.6,+14.9,+14.0,+13.4,+12.8,+12.1
2024-07-06 03:34,1,+21.3,+24.9,+29.8,+14.5,+14.8,+13.9,+13.4,+12.8,+12.3
2024-07-06 04:34,1,+21.4,+24.9,+29.8,+14.4,+14.6,+13.9,+13.4,+12.8,+12.3
2024-07-06 05:34,1,+21.4,+24.9,+29.8,+14.3,+14.5,+13.8,+13.3,+12.8,+12.3
2024-07-06 06:34,1,+21.3,+24.9,+29.8,+14.1,+14.4,+13.8,+13.3,+12.9,+12.3
2024-07-06 07:34,1,+21.3,+24.9,+29.8,+14.1,+14.4,+13.8,+13.3,+12.8,+12.3
2024-07-06 08:34,1,+21.3,+24.9,+29.8,+14.1,+14.3,+13.6,+13.3,+12.9,+12.3
2024-07-06 09:34,1,+21.2,+24.9,+29.7,+14.4,+14.4,+13.6,+13.3,+12.8,+12.3
2024-07-06 10:34,1,+21.2,+24.9,+29.7,+14.6,+14.4,+13.6,+13.1,+12.8,+12.3
2024-07-06 11:34,1,+21.2,+24.8,+29.7,+15.0,+14.5,+13.6,+13.1,+12.8,+12.1
2024-07-06 12:34,1,+21.2,+24.9,+29.7,+15.0,+14.6,+13.6,+13.1,+12.8,+12.3
2024-07-06 13:34,1,+21.2,+24.8,+29.7,+15.0,+14.6,+13.6,+13.1,+12.8,+12.3
2024-07-06 14:34,1,+21.2,+24.8,+29.7,+15.1,+14.8,+13.6,+13.1,+12.8,+12.3
2024-07-06 15:34,1,+21.2,+24.9,+29.7,+15.3,+14.8,+13.8,+13.1,+12.8,+12.3
2024-07-06 16:34,1,+21.2,+24.8,+29.7,+15.5,+14.9,+13.8,+13.1,+12.8,+12.1
2024-07-06 17:34,1,+21.3,+24.8,+29.7,+15.5,+15.0,+13.8,+13.1,+12.8,+12.3
2024-07-06 18:34,1,+21.2,+24.8,+29.7,+15.5,+15.0,+13.9,+13.3,+12.8,+12.1
2024-07-06 19:34,1,+21.2,+24.8,+29.7,+15.5,+15.1,+13.9,+13.3,+12.8,+12.3
2024-07-06 20:34,1,+21.2,+24.8,+29.7,+15.5,+15.1,+14.0,+13.3,+12.8,+12.1
2024-07-06 21:34,1,+21.2,+24.8,+29.7,+15.4,+15.1,+13.9,+13.3,+12.8,+12.1
2024-07-06 22:34,1,+21.2,+24.8,+29.7,+15.4,+15.1,+14.0,+13.3,+12.8,+12.3
2024-07-06 23:34,1,+21.3,+24.8,+29.7,+15.3,+15.0,+14.0,+13.3,+12.9,+12.3
2024-07-07 00:34,1,+21.2,+24.8,+29.7,+15.0,+15.0,+14.0,+13.3,+12.8,+12.3
2024-07-07 01:34,1,+21.3,+24.8,+29.6,+15.0,+14.9,+14.0,+13.4,+12.9,+12.3
2024-07-07 02:34,1,+21.2,+24.8,+29.6,+14.9,+14.9,+14.0,+13.3,+12.9,+12.3
2024-07-07 03:34,1,+21.3,+24.8,+29.6,+14.8,+14.9,+13.9,+13.4,+12.9,+12.3
2024-07-07 04:34,1,+21.2,+24.8,+29.6,+14.8,+14.8,+13.9,+13.4,+12.9,+12.4
2024-07-07 05:34,1,+21.3,+24.8,+29.6,+14.8,+14.8,+13.9,+13.4,+12.9,+12.3
2024-07-07 06:34,1,+21.3,+24.8,+29.6,+14.6,+14.8,+13.9,+13.4,+12.9,+12.3
2024-07-07 07:34,1,+21.3,+24.8,+29.6,+14.6,+14.6,+13.9,+13.4,+12.9,+12.3
2024-07-07 08:34,1,+21.2,+24.8,+29.6,+14.6,+14.6,+13.9,+13.3,+12.9,+12.3
2024-07-07 09:34,1,+21.3,+24.8,+29.6,+14.6,+14.6,+13.8,+13.3,+12.9,+12.3
2024-07-07 10:34,1,+21.3,+24.8,+29.6,+14.8,+14.6,+13.8,+13.3,+12.9,+12.3
2024-07-07 11:34,1,+21.3,+24.8,+29.6,+14.9,+14.6,+13.8,+13.3,+12.9,+12.3
2024-07-07 12:34,1,+21.4,+24.8,+29.6,+15.0,+14.8,+13.8,+13.4,+12.9,+12.4
2024-07-07 13:34,1,+21.3,+24.8,+29.6,+15.3,+14.8,+13.8,+13.3,+12.9,+12.3
2024-07-07 14:34,1,+21.3,+24.8,+29.6,+15.6,+15.0,+13.9,+13.3,+12.9,+12.3
2024-07-07 15:34,1,+21.3,+24.8,+29.6,+15.9,+15.1,+13.9,+13.3,+12.9,+12.3
2024-07-07 16:34,1,+21.3,+24.8,+29.6,+15.9,+15.3,+14.0,+13.4,+12.9,+12.3
2024-07-07 17:34,1,+21.3,+24.8,+29.6,+15.9,+15.3,+14.0,+13.3,+12.9,+12.3
2024-07-07 18:34,1,+21.3,+24.8,+29.6,+15.6,+15.4,+14.1,+13.4,+12.9,+12.3
2024-07-07 19:34,1,+21.3,+24.8,+29.6,+15.6,+15.3,+14.1,+13.4,+12.9,+12.4
2024-07-07 20:34,1,+21.3,+24.8,+29.6,+15.6,+15.3,+14.1,+13.4,+12.9,+12.3
2024-07-07 21:34,1,+21.3,+24.8,+29.6,+15.5,+15.3,+14.1,+13.4,+12.9,+12.3
2024-07-07 22:34,1,+21.3,+24.8,+29.6,+15.4,+15.3,+14.1,+13.4,+12.9,+12.4
2024-07-07 23:34,1,+21.3,+24.8,+29.6,+15.3,+15.1,+14.1,+13.5,+13.0,+12.4
2024-07-08 00:34,1,+21.3,+24.8,+29.6,+15.0,+15.1,+14.1,+13.5,+13.0,+12.4
2024-07-08 01:34,1,+21.2,+24.8,+29.6,+14.9,+15.0,+14.1,+13.5,+13.0,+12.4
2024-07-08 02:34,1,+21.2,+24.8,+29.6,+14.8,+14.9,+14.0,+13.5,+13.0,+12.4
2024-07-08 03:34,1,+21.2,+24.8,+29.6,+14.6,+14.9,+14.0,+13.5,+13.0,+12.4
2024-07-08 04:34,1,+21.2,+24.8,+29.6,+14.5,+14.8,+14.0,+13.5,+13.0,+12.4
2024-07-08 05:34,1,+21.2,+24.8,+29.5,+14.4,+14.6,+13.9,+13.4,+13.0,+12.4
2024-07-08 06:34,1,+21.2,+24.8,+29.5,+14.4,+14.5,+13.9,+13.4,+13.0,+12.4
2024-07-08 07:34,1,+21.2,+24.8,+29.5,+14.3,+14.5,+13.9,+13.4,+13.0,+12.4
2024-07-08 08:34,1,+21.2,+24.8,+29.5,+14.4,+14.5,+13.8,+13.4,+13.0,+12.4
2024-07-08 09:34,1,+21.2,+24.7,+29.5,+14.5,+14.5,+13.8,+13.4,+13.0,+12.4
2024-07-08 10:34,1,+21.2,+24.7,+29.5,+14.8,+14.5,+13.8,+13.4,+12.9,+12.4
2024-07-08 11:34,1,+21.2,+24.7,+29.5,+15.0,+14.6,+13.8,+13.4,+13.0,+12.4
2024-07-08 12:34,1,+21.3,+24.7,+29.5,+15.4,+14.8,+13.8,+13.4,+13.0,+12.4
2024-07-08 13:34,1,+21.3,+24.7,+29.5,+15.8,+15.0,+13.8,+13.4,+13.0,+12.4
2024-07-08 14:34,1,+21.3,+24.7,+29.5,+16.3,+15.1,+14.0,+13.4,+13.0,+12.4
2024-07-08 15:34,1,+21.4,+24.7,+29.5,+16.5,+15.4,+14.0,+13.4,+12.9,+12.4
2024-07-08 16:34,1,+21.3,+24.7,+29.5,+16.8,+15.6,+14.1,+13.4,+12.9,+12.4
2024-07-08 17:34,1,+21.4,+24.7,+29.5,+16.8,+15.8,+14.3,+13.4,+12.9,+12.4
2024-07-08 18:34,1,+21.4,+24.7,+29.5,+16.6,+15.9,+14.4,+13.5,+13.0,+12.4
2024-07-08 19:34,1,+21.4,+24.7,+29.5,+16.5,+15.9,+14.4,+13.5,+12.9,+12.4
2024-07-08 20:34,1,+21.3,+24.7,+29.5,+16.5,+15.9,+14.5,+13.5,+13.0,+12.4
2024-07-08 21:34,1,+21.3,+24.7,+29.5,+16.4,+15.9,+14.5,+13.6,+13.0,+12.4
2024-07-08 22:34,1,+21.3,+24.7,+29.5,+16.1,+15.8,+14.5,+13.6,+13.0,+12.4
2024-07-08 23:34,1,+21.3,+24.7,+29.5,+16.0,+15.8,+14.5,+13.6,+13.1,+12.5
2024-07-09 00:34,1,+21.3,+24.7,+29.5,+15.9,+15.8,+14.5,+13.6,+13.1,+12.5
2024-07-09 01:34,1,+21.3,+24.6,+29.5,+15.6,+15.6,+14.5,+13.8,+13.1,+12.5
2024-07-09 02:34,1,+21.3,+24.6,+29.5,+15.4,+15.5,+14.5,+13.8,+13.1,+12.5
2024-07-09 03:34,1,+21.3,+24.6,+29.4,+15.3,+15.4,+14.5,+13.8,+13.1,+12.5
2024-07-09 04:34,1,+21.4,+24.6,+29.4,+15.1,+15.3,+14.4,+13.8,+13.1,+12.6
2024-07-09 05:34,1,+21.3,+24.6,+29.4,+15.0,+15.3,+14.4,+13.8,+13.1,+12.5
2024-07-09 06:34,1,+21.4,+24.6,+29.4,+14.9,+15.1,+14.4,+13.6,+13.3,+12.6
2024-07-09 07:34,1,+21.3,+24.6,+29.4,+14.8,+15.0,+14.3,+13.6,+13.3,+12.6
2024-07-09 08:34,1,+21.4,+24.6,+29.4,+14.9,+15.0,+14.3,+13.6,+13.1,+12.6
2024-07-09 09:34,1,+21.6,+24.6,+29.4,+15.1,+15.0,+14.1,+13.6,+13.1,+12.6
2024-07-09 10:34,1,+21.6,+24.5,+29.4,+15.4,+15.0,+14.1,+13.6,+13.1,+12.6
2024-07-09 11:34,1,+21.6,+24.5,+29.4,+15.6,+15.1,+14.3,+13.6,+13.1,+12.5
2024-07-09 12:34,1,+21.6,+24.5,+29.3,+16.0,+15.3,+14.1,+13.6,+13.1,+12.6
2024-07-09 13:34,1,+21.6,+24.5,+29.4,+16.4,+15.5,+14.3,+13.6,+13.1,+12.6
2024-07-09 14:34,1,+21.6,+24.5,+29.3,+16.8,+15.8,+14.4,+13.6,+13.1,+12.6
2024-07-09 15:34,1,+21.6,+24.5,+29.3,+17.1,+15.9,+14.5,+13.8,+13.1,+12.6
2024-07-09 16:34,1,+21.6,+24.5,+29.3,+17.3,+16.1,+14.5,+13.8,+13.1,+12.6
2024-07-09 17:34,1,+21.6,+24.5,+29.3,+17.3,+16.3,+14.6,+13.8,+13.1,+12.6
2024-07-09 18:34,1,+21.6,+24.5,+29.3,+17.3,+16.4,+14.8,+13.8,+13.3,+12.6
2024-07-09 19:34,1,+21.5,+24.5,+29.3,+17.3,+16.4,+14.9,+13.9,+13.3,+12.6
2024-07-09 20:34,1,+21.5,+24.5,+29.3,+17.1,+16.4,+14.9,+13.9,+13.3,+12.6
2024-07-09 21:34,1,+21.5,+24.5,+29.3,+17.0,+16.5,+14.9,+13.9,+13.3,+12.6
2024-07-09 22:34,1,+21.5,+24.5,+29.3,+16.9,+16.5,+14.9,+14.0,+13.3,+12.8
2024-07-09 23:34,1,+21.5,+24.5,+29.3,+16.8,+16.4,+15.0,+14.0,+13.4,+12.8
2024-07-10 00:34,1,+21.5,+24.5,+29.3,+16.6,+16.3,+15.0,+14.0,+13.4,+12.8
2024-07-10 01:34,1,+21.5,+24.4,+29.3,+16.4,+16.3,+14.9,+14.0,+13.4,+12.8
2024-07-10 02:34,1,+21.5,+24.4,+29.3,+16.3,+16.1,+15.0,+14.1,+13.4,+12.8
2024-07-10 03:34,1,+21.4,+24.4,+29.2,+16.1,+16.1,+14.9,+14.1,+13.5,+12.8
2024-07-10 04:34,1,+21.4,+24.4,+29.2,+15.9,+15.9,+14.9,+14.1,+13.5,+12.8
2024-07-10 05:34,1,+21.4,+24.4,+29.2,+15.8,+15.9,+14.9,+14.1,+13.5,+12.9
2024-07-10 06:34,1,+21.4,+24.4,+29.2,+15.5,+15.8,+14.8,+14.1,+13.5,+12.9
2024-07-10 07:34,1,+21.3,+24.4,+29.2,+15.5,+15.6,+14.8,+14.1,+13.5,+12.9
2024-07-10 08:34,1,+21.4,+24.4,+29.2,+15.5,+15.6,+14.6,+14.1,+13.5,+12.9
2024-07-10 09:34,1,+21.3,+24.4,+29.2,+15.6,+15.5,+14.6,+14.0,+13.5,+12.9
2024-07-10 10:34,1,+21.3,+24.4,+29.1,+15.9,+15.6,+14.6,+14.0,+13.5,+12.9
2024-07-10 11:34,1,+21.3,+24.4,+29.1,+16.3,+15.6,+14.6,+14.0,+13.5,+12.8
2024-07-10 12:34,1,+21.3,+24.3,+29.1,+16.6,+15.9,+14.6,+14.0,+13.5,+12.9
2024-07-10 13:34,1,+21.3,+24.3,+29.1,+17.0,+16.0,+14.8,+14.0,+13.5,+12.9
2024-07-10 14:34,1,+21.3,+24.3,+29.1,+17.3,+16.3,+14.8,+14.0,+13.4,+12.9
2024-07-10 15:34,1,+21.3,+24.3,+29.1,+17.5,+16.4,+14.9,+14.0,+13.5,+12.9
2024-07-10 16:34,1,+21.2,+24.3,+29.1,+17.6,+16.5,+15.0,+14.0,+13.5,+12.9
2024-07-10 17:34,1,+21.2,+24.3,+29.1,+17.6,+16.6,+15.0,+14.1,+13.5,+12.9
2024-07-10 18:34,1,+21.2,+24.3,+29.0,+17.6,+16.8,+15.1,+14.1,+13.5,+12.9
2024-07-10 19:34,1,+21.2,+24.3,+29.0,+17.5,+16.8,+15.1,+14.1,+13.5,+12.9
2024-07-10 20:34,1,+21.1,+24.2,+29.0,+17.5,+16.8,+15.3,+14.3,+13.6,+12.9
2024-07-10 21:34,1,+21.1,+24.2,+29.0,+17.4,+16.8,+15.3,+14.3,+13.6,+12.9
2024-07-10 22:34,1,+21.1,+24.2,+29.0,+17.1,+16.8,+15.3,+14.3,+13.6,+13.0
2024-07-10 23:34,1,+21.1,+24.2,+29.0,+17.0,+16.8,+15.3,+14.3,+13.6,+13.0
2024-07-11 00:34,1,+21.1,+24.2,+28.9,+16.9,+16.6,+15.3,+14.4,+13.6,+13.0
2024-07-11 01:34,1,+21.1,+24.2,+28.9,+16.8,+16.5,+15.4,+14.4,+13.8,+13.0
2024-07-11 02:34,1,+21.1,+24.2,+28.9,+16.5,+16.5,+15.4,+14.4,+13.8,+13.1
2024-07-11 03:34,1,+21.1,+24.2,+28.9,+16.4,+16.4,+15.3,+14.4,+13.8,+13.1
2024-07-11 04:34,1,+21.1,+24.2,+28.8,+16.3,+16.3,+15.3,+14.4,+13.8,+13.1
2024-07-11 05:34,1,+21.1,+24.2,+28.8,+16.1,+16.1,+15.1,+14.4,+13.6,+13.1
2024-07-11 06:34,1,+21.0,+24.1,+28.8,+15.9,+16.1,+15.1,+14.4,+13.8,+13.1
2024-07-11 07:34,1,+21.0,+24.1,+28.8,+15.9,+16.0,+15.0,+14.4,+13.8,+13.1
2024-07-11 08:34,1,+21.0,+24.1,+28.8,+15.9,+16.0,+15.0,+14.4,+13.8,+13.1
2024-07-11 09:34,1,+21.0,+24.1,+28.7,+15.8,+15.9,+15.0,+14.4,+13.8,+13.1
2024-07-11 10:34,1,+21.0,+24.1,+28.7,+16.0,+15.9,+14.9,+14.3,+13.8,+13.1
2024-07-11 11:34,1,+21.0,+24.1,+28.7,+16.3,+15.9,+14.9,+14.4,+13.8,+13.1
2024-07-11 12:34,1,+21.0,+24.1,+28.7,+16.8,+16.0,+14.9,+14.3,+13.8,+13.1
2024-07-11 13:34,1,+21.0,+24.1,+28.7,+17.3,+16.3,+15.0,+14.3,+13.8,+13.1
2024-07-11 14:34,1,+21.0,+24.0,+28.7,+17.6,+16.5,+15.0,+14.3,+13.8,+13.1
2024-07-11 15:34,1,+21.0,+24.1,+28.7,+18.0,+16.8,+15.1,+14.3,+13.8,+13.0
2024-07-11 16:34,1,+21.0,+24.0,+28.6,+18.1,+16.9,+15.3,+14.3,+13.8,+13.1
2024-07-11 17:34,1,+21.0,+24.0,+28.6,+18.1,+17.1,+15.4,+14.4,+13.8,+13.1
2024-07-11 18:34,1,+20.9,+24.0,+28.6,+18.0,+17.1,+15.4,+14.4,+13.8,+13.1
2024-07-11 19:34,1,+20.9,+24.0,+28.6,+18.1,+17.3,+15.5,+14.5,+13.8,+13.1
2024-07-11 20:34,1,+20.9,+24.0,+28.6,+18.0,+17.3,+15.5,+14.5,+13.8,+13.1
2024-07-11 21:34,1,+20.9,+24.0,+28.6,+18.0,+17.3,+15.6,+14.5,+13.9,+13.1
2024-07-11 22:34,1,+20.9,+24.0,+28.6,+17.9,+17.3,+15.6,+14.5,+13.9,+13.3
2024-07-11 23:34,1,+20.8,+24.0,+28.5,+17.8,+17.3,+15.6,+14.6,+13.9,+13.3
2024-07-12 00:34,1,+20.8,+24.0,+28.5,+17.6,+17.1,+15.6,+14.6,+13.9,+13.3
2024-07-12 01:34,1,+20.8,+24.0,+28.5,+17.4,+17.0,+15.6,+14.6,+13.9,+13.3
2024-07-12 02:34,1,+20.8,+24.0,+28.5,+17.3,+16.9,+15.6,+14.6,+13.9,+13.3
2024-07-12 03:34,1,+20.7,+23.9,+28.5,+17.1,+16.9,+15.6,+14.6,+14.0,+13.4
2024-07-12 04:34,1,+20.7,+23.9,+28.4,+16.9,+16.8,+15.6,+14.6,+14.0,+13.4
2024-07-12 05:34,1,+20.7,+23.9,+28.4,+16.8,+16.8,+15.6,+14.6,+14.0,+13.4
2024-07-12 06:34,1,+20.7,+23.9,+28.4,+16.6,+16.6,+15.5,+14.6,+14.0,+13.4
2024-07-12 07:34,1,+20.7,+23.9,+28.4,+16.5,+16.5,+15.5,+14.6,+14.0,+13.4
2024-07-12 08:34,1,+20.7,+23.9,+28.4,+16.6,+16.5,+15.5,+14.6,+14.0,+13.4
2024-07-12 09:34,1,+20.7,+23.9,+28.4,+16.8,+16.5,+15.4,+14.6,+14.0,+13.4
2024-07-12 10:34,1,+20.6,+23.9,+28.3,+17.0,+16.5,+15.4,+14.6,+14.0,+13.4
2024-07-12 11:34,1,+20.6,+23.9,+28.3,+17.3,+16.6,+15.4,+14.6,+14.0,+13.4
2024-07-12 12:34,1,+20.6,+23.9,+28.3,+17.5,+16.8,+15.4,+14.6,+14.0,+13.4
2024-07-12 13:34,1,+20.6,+23.9,+28.3,+17.9,+16.9,+15.5,+14.6,+14.0,+13.4
2024-07-12 14:34,1,+20.6,+23.8,+28.3,+18.1,+17.0,+15.6,+14.6,+14.0,+13.4
2024-07-12 15:34,1,+20.6,+23.8,+28.2,+18.4,+17.3,+15.6,+14.8,+14.0,+13.4
2024-07-12 16:34,1,+20.6,+23.8,+28.2,+18.5,+17.4,+15.8,+14.6,+14.1,+13.4
2024-07-12 17:34,1,+20.5,+23.8,+28.2,+18.5,+17.5,+15.9,+14.8,+14.0,+13.4
2024-07-12 18:34,1,+20.5,+23.8,+28.2,+18.5,+17.5,+15.9,+14.8,+14.1,+13.4
2024-07-12 19:34,1,+20.5,+23.8,+28.2,+18.5,+17.6,+15.9,+14.9,+14.1,+13.4
2024-07-12 20:34,1,+20.5,+23.8,+28.2,+18.4,+17.6,+16.0,+14.9,+14.1,+13.4
2024-07-12 21:34,1,+20.4,+23.7,+28.1,+18.3,+17.6,+16.0,+14.9,+14.1,+13.5
2024-07-12 22:34,1,+20.4,+23.7,+28.1,+18.0,+17.5,+16.0,+14.9,+14.1,+13.5
2024-07-12 23:34,1,+20.4,+23.7,+28.1,+17.9,+17.5,+16.0,+15.0,+14.1,+13.5
2024-07-13 00:34,1,+20.4,+23.7,+28.1,+17.8,+17.4,+16.0,+15.0,+14.3,+13.5
2024-07-13 01:34,1,+20.4,+23.7,+28.1,+17.6,+17.4,+16.0,+15.0,+14.3,+13.6
2024-07-13 02:34,1,+20.4,+23.7,+28.0,+17.4,+17.3,+16.0,+15.0,+14.3,+13.6
2024-07-13 03:34,1,+20.4,+23.7,+28.0,+17.3,+17.1,+15.9,+15.0,+14.3,+13.6
2024-07-13 04:34,1,+20.3,+23.7,+28.0,+17.1,+17.0,+15.9,+15.0,+14.3,+13.6
2024-07-13 05:34,1,+20.4,+23.6,+28.0,+17.1,+17.0,+15.9,+15.0,+14.3,+13.6
2024-07-13 06:34,1,+20.3,+23.6,+28.0,+17.0,+16.9,+15.8,+15.0,+14.4,+13.6
2024-07-13 07:34,1,+20.3,+23.6,+28.0,+17.0,+16.9,+15.8,+15.0,+14.3,+13.6
2024-07-13 08:34,1,+20.3,+23.6,+28.0,+17.1,+16.9,+15.8,+14.9,+14.4,+13.6
2024-07-13 09:34,1,+20.3,+23.6,+27.9,+17.3,+16.9,+15.8,+15.0,+14.4,+13.6
2024-07-13 10:34,1,+20.3,+23.6,+27.9,+17.5,+17.0,+15.8,+14.9,+14.4,+13.6
2024-07-13 11:34,1,+20.3,+23.6,+27.9,+17.8,+17.0,+15.8,+15.0,+14.3,+13.6
2024-07-13 12:34,1,+20.3,+23.6,+27.9,+18.0,+17.1,+15.8,+15.0,+14.3,+13.6
2024-07-13 13:34,1,+20.4,+23.6,+27.9,+17.8,+17.3,+15.9,+15.0,+14.3,+13.6
2024-07-13 14:34,1,+20.4,+23.6,+27.9,+17.9,+17.3,+15.9,+15.0,+14.3,+13.6
2024-07-13 15:34,1,+20.5,+23.6,+27.9,+18.3,+17.4,+15.9,+15.0,+14.4,+13.6
2024-07-13 16:34,1,+20.5,+23.6,+27.8,+18.4,+17.5,+16.0,+15.0,+14.4,+13.6
2024-07-13 17:34,1,+20.5,+23.6,+27.8,+18.5,+17.6,+16.0,+15.0,+14.4,+13.6
2024-07-13 18:34,1,+20.5,+23.6,+27.8,+18.5,+17.6,+16.1,+15.0,+14.4,+13.6
2024-07-13 19:34,1,+20.5,+23.6,+27.8,+18.8,+17.8,+16.1,+15.1,+14.4,+13.8
2024-07-13 20:34,1,+20.5,+23.6,+27.8,+18.8,+17.9,+16.1,+15.1,+14.4,+13.8
2024-07-13 21:34,1,+20.4,+23.6,+27.7,+18.6,+17.9,+16.3,+15.1,+14.4,+13.8
2024-07-13 22:34,1,+20.5,+23.6,+27.7,+18.5,+17.9,+16.3,+15.1,+14.4,+13.8
2024-07-13 23:34,1,+20.4,+23.6,+27.7,+18.3,+17.9,+16.3,+15.3,+14.4,+13.8
2024-07-14 00:34,1,+20.4,+23.6,+27.7,+18.0,+17.8,+16.3,+15.3,+14.5,+13.8
2024-07-14 01:34,1,+20.4,+23.6,+27.7,+17.9,+17.6,+16.3,+15.3,+14.5,+13.9
2024-07-14 02:34,1,+20.4,+23.5,+27.7,+17.6,+17.5,+16.3,+15.3,+14.5,+13.8
2024-07-14 03:34,1,+20.4,+23.6,+27.7,+17.5,+17.5,+16.3,+15.3,+14.5,+13.9
2024-07-14 04:34,1,+20.4,+23.5,+27.6,+17.4,+17.4,+16.3,+15.3,+14.5,+13.9
2024-07-14 05:34,1,+20.3,+23.5,+27.6,+17.3,+17.3,+16.1,+15.3,+14.5,+13.9
2024-07-14 06:34,1,+20.3,+23.5,+27.6,+17.1,+17.1,+16.1,+15.3,+14.6,+13.9
2024-07-14 07:34,1,+20.3,+23.5,+27.6,+17.0,+17.1,+16.0,+15.3,+14.6,+13.9
2024-07-14 08:34,1,+20.3,+23.5,+27.6,+17.1,+17.0,+16.0,+15.3,+14.6,+13.9
2024-07-14 09:34,1,+20.3,+23.5,+27.6,+17.1,+17.0,+15.9,+15.3,+14.6,+13.9
2024-07-14 10:34,1,+20.3,+23.5,+27.5,+17.4,+17.0,+16.0,+15.3,+14.5,+13.9
2024-07-14 11:34,1,+20.3,+23.5,+27.5,+17.6,+17.1,+15.9,+15.1,+14.5,+13.9
2024-07-14 12:34,1,+20.3,+23.5,+27.5,+18.0,+17.3,+16.0,+15.1,+14.5,+13.9
2024-07-14 13:34,1,+20.3,+23.5,+27.5,+18.3,+17.4,+16.0,+15.1,+14.5,+13.9
2024-07-14 14:34,1,+20.3,+23.5,+27.5,+18.6,+17.5,+16.0,+15.1,+14.5,+13.9
2024-07-14 15:34,1,+20.3,+23.5,+27.5,+18.9,+17.8,+16.1,+15.1,+14.5,+13.9
2024-07-14 16:34,1,+20.2,+23.4,+27.5,+19.0,+17.9,+16.3,+15.3,+14.5,+13.9
2024-07-14 17:34,1,+20.2,+23.4,+27.4,+18.9,+18.0,+16.3,+15.3,+14.5,+13.9
2024-07-14 18:34,1,+20.2,+23.4,+27.4,+18.8,+18.0,+16.4,+15.3,+14.6,+13.9
2024-07-14 19:34,1,+20.1,+23.4,+27.4,+18.8,+18.0,+16.4,+15.4,+14.5,+13.9
2024-07-14 20:34,1,+20.1,+23.4,+27.4,+18.6,+18.0,+16.4,+15.4,+14.5,+13.9
2024-07-14 21:34,1,+20.1,+23.4,+27.4,+18.4,+18.0,+16.5,+15.4,+14.6,+14.0
2024-07-14 22:34,1,+20.0,+23.4,+27.4,+18.3,+17.9,+16.5,+15.4,+14.6,+14.0
2024-07-14 23:34,1,+20.0,+23.4,+27.4,+17.9,+17.8,+16.5,+15.4,+14.6,+14.0
2024-07-15 00:34,1,+20.0,+23.4,+27.3,+17.8,+17.6,+16.4,+15.4,+14.8,+14.0
2024-07-15 01:34,1,+20.0,+23.3,+27.3,+17.5,+17.5,+16.4,+15.4,+14.8,+14.0
2024-07-15 02:34,1,+20.0,+23.3,+27.3,+17.3,+17.4,+16.4,+15.4,+14.8,+14.0
2024-07-15 03:34,1,+19.9,+23.3,+27.3,+17.1,+17.3,+16.3,+15.5,+14.8,+14.1
2024-07-15 04:34,1,+19.9,+23.3,+27.2,+17.0,+17.1,+16.3,+15.4,+14.8,+14.0
2024-07-15 05:34,1,+19.9,+23.2,+27.2,+16.9,+17.0,+16.1,+15.4,+14.8,+14.0
2024-07-15 06:34,1,+19.9,+23.3,+27.2,+16.8,+16.9,+16.1,+15.4,+14.8,+14.0
2024-07-15 07:34,1,+19.9,+23.2,+27.2,+16.8,+16.9,+16.0,+15.4,+14.6,+14.0
2024-07-15 08:34,1,+19.9,+23.2,+27.2,+16.8,+16.8,+16.0,+15.4,+14.8,+14.0
2024-07-15 09:34,1,+19.9,+23.2,+27.2,+16.8,+16.8,+15.9,+15.3,+14.6,+14.0
2024-07-15 10:34,1,+19.9,+23.2,+27.1,+16.9,+16.8,+15.9,+15.3,+14.8,+14.1
2024-07-15 11:34,1,+19.9,+23.2,+27.1,+17.0,+16.8,+15.8,+15.3,+14.6,+14.0
2024-07-15 12:34,1,+19.9,+23.2,+27.1,+17.3,+16.9,+15.9,+15.3,+14.6,+14.0
2024-07-15 13:34,1,+19.9,+23.2,+27.1,+17.6,+17.0,+15.9,+15.3,+14.6,+14.0
2024-07-15 14:34,1,+19.9,+23.2,+27.1,+17.9,+17.1,+15.9,+15.3,+14.6,+14.0
2024-07-15 15:34,1,+19.9,+23.2,+27.1,+18.1,+17.3,+15.9,+15.1,+14.6,+14.0
2024-07-15 16:34,1,+19.9,+23.2,+27.1,+18.1,+17.4,+16.0,+15.1,+14.6,+14.0
2024-07-15 17:34,1,+19.8,+23.2,+27.0,+18.1,+17.5,+16.0,+15.3,+14.6,+14.0
2024-07-15 18:34,1,+19.8,+23.2,+27.0,+18.0,+17.5,+16.0,+15.3,+14.6,+14.0
2024-07-15 19:34,1,+19.8,+23.2,+27.0,+18.0,+17.5,+16.1,+15.3,+14.6,+14.0
2024-07-15 20:34,1,+19.8,+23.2,+27.0,+17.8,+17.5,+16.1,+15.3,+14.6,+14.0
2024-07-15 21:34,1,+19.7,+23.2,+27.0,+17.5,+17.4,+16.1,+15.3,+14.6,+14.0
2024-07-15 22:34,1,+19.7,+23.1,+27.0,+17.3,+17.3,+16.1,+15.4,+14.6,+14.0
2024-07-15 23:34,1,+19.7,+23.1,+27.0,+17.1,+17.3,+16.1,+15.4,+14.6,+14.0
2024-07-16 00:34,1,+19.6,+23.1,+26.9,+16.9,+17.0,+16.0,+15.3,+14.6,+14.0
2024-07-16 01:34,1,+19.6,+23.1,+26.9,+16.5,+17.0,+16.0,+15.4,+14.8,+14.0
2024-07-16 02:34,1,+19.6,+23.1,+26.9,+16.4,+16.8,+16.0,+15.3,+14.6,+14.0
2024-07-16 03:34,1,+19.6,+23.1,+26.9,+16.4,+16.6,+15.9,+15.3,+14.6,+14.0
2024-07-16 04:34,1,+19.6,+23.0,+26.9,+16.3,+16.5,+15.8,+15.3,+14.8,+14.1
2024-07-16 05:34,1,+19.6,+23.0,+26.8,+16.1,+16.5,+15.8,+15.3,+14.6,+14.0
2024-07-16 06:34,1,+19.6,+23.0,+26.8,+16.0,+16.4,+15.8,+15.1,+14.6,+14.0
2024-07-16 07:34,1,+19.5,+23.0,+26.8,+15.9,+16.3,+15.6,+15.1,+14.6,+14.0
2024-07-16 08:34,1,+19.5,+23.0,+26.8,+15.8,+16.1,+15.6,+15.1,+14.6,+14.0
2024-07-16 09:34,1,+19.4,+23.0,+26.8,+15.8,+16.0,+15.5,+15.1,+14.6,+14.0
2024-07-16 10:34,1,+19.4,+23.0,+26.7,+15.8,+16.0,+15.4,+15.0,+14.6,+14.0
2024-07-16 11:34,1,+19.3,+22.9,+26.7,+15.8,+16.0,+15.4,+15.0,+14.5,+14.0
2024-07-16 12:34,1,+19.3,+22.9,+26.7,+16.0,+16.0,+15.4,+15.0,+14.5,+14.0
2024-07-16 13:34,1,+19.3,+22.9,+26.7,+16.1,+16.0,+15.4,+15.0,+14.5,+13.9
2024-07-16 14:34,1,+19.2,+22.9,+26.7,+16.4,+16.1,+15.4,+14.9,+14.5,+13.9
2024-07-16 15:34,1,+19.2,+22.9,+26.6,+16.5,+16.1,+15.4,+14.9,+14.5,+13.9
2024-07-16 16:34,1,+19.2,+22.8,+26.6,+16.5,+16.3,+15.4,+14.9,+14.4,+13.9
2024-07-16 17:34,1,+19.1,+22.9,+26.6,+16.4,+16.4,+15.4,+14.9,+14.5,+13.9
2024-07-16 18:34,1,+19.1,+22.8,+26.6,+16.3,+16.3,+15.4,+14.9,+14.4,+13.9
2024-07-16 19:34,1,+19.1,+22.8,+26.5,+16.1,+16.3,+15.4,+14.9,+14.4,+13.9
2024-07-16 20:34,1,+19.1,+22.8,+26.5,+15.9,+16.1,+15.4,+14.9,+14.4,+13.9
2024-07-16 21:34,1,+19.0,+22.8,+26.5,+15.8,+16.1,+15.4,+14.9,+14.4,+13.9
2024-07-16 22:34,1,+19.0,+22.7,+26.5,+15.5,+16.0,+15.3,+14.9,+14.4,+13.9
2024-07-16 23:34,1,+19.0,+22.7,+26.5,+15.4,+15.9,+15.3,+14.9,+14.4,+13.8
2024-07-17 00:34,1,+19.0,+22.7,+26.5,+15.1,+15.8,+15.3,+14.8,+14.4,+13.9
2024-07-17 01:34,1,+19.0,+22.7,+26.5,+15.0,+15.6,+15.1,+14.8,+14.4,+13.8
2024-07-17 02:34,1,+19.0,+22.7,+26.5,+14.9,+15.5,+15.0,+14.8,+14.4,+13.9
2024-07-17 03:34,1,+19.0,+22.7,+26.4,+14.6,+15.4,+15.0,+14.8,+14.4,+13.8
2024-07-17 04:34,1,+18.9,+22.7,+26.4,+14.4,+15.3,+15.0,+14.6,+14.3,+13.8
2024-07-17 05:34,1,+18.9,+22.6,+26.4,+14.3,+15.0,+14.9,+14.6,+14.3,+13.8
2024-07-17 06:34,1,+18.9,+22.6,+26.4,+14.1,+14.9,+14.8,+14.6,+14.3,+13.8
2024-07-17 07:34,1,+18.9,+22.6,+26.4,+14.0,+14.8,+14.6,+14.5,+14.3,+13.8
2024-07-17 08:34,1,+18.9,+22.6,+26.3,+13.9,+14.6,+14.6,+14.5,+14.3,+13.8
2024-07-17 09:34,1,+18.9,+22.5,+26.3,+14.0,+14.6,+14.5,+14.5,+14.1,+13.6
2024-07-17 10:34,1,+18.9,+22.5,+26.3,+14.1,+14.6,+14.4,+14.4,+14.1,+13.6
2024-07-17 11:34,1,+18.9,+22.5,+26.2,+14.3,+14.6,+14.4,+14.4,+14.1,+13.6
2024-07-17 12:34,1,+18.9,+22.5,+26.2,+14.5,+14.6,+14.4,+14.4,+14.1,+13.6
2024-07-17 13:34,1,+18.9,+22.5,+26.2,+14.9,+14.8,+14.3,+14.3,+14.1,+13.6
2024-07-17 14:34,1,+18.8,+22.5,+26.2,+15.1,+14.9,+14.4,+14.3,+14.0,+13.5
2024-07-17 15:34,1,+18.8,+22.5,+26.2,+15.1,+15.0,+14.4,+14.3,+14.0,+13.5
2024-07-17 16:34,1,+18.8,+22.5,+26.2,+15.3,+15.1,+14.4,+14.1,+14.0,+13.5
2024-07-17 17:34,1,+18.8,+22.5,+26.1,+15.3,+15.3,+14.5,+14.3,+14.0,+13.5
2024-07-17 18:34,1,+18.7,+22.5,+26.1,+15.4,+15.3,+14.5,+14.3,+14.0,+13.5
2024-07-17 19:34,1,+18.7,+22.4,+26.1,+15.3,+15.3,+14.5,+14.1,+14.0,+13.4
2024-07-17 20:34,1,+18.7,+22.4,+26.1,+15.3,+15.3,+14.5,+14.3,+13.9,+13.5
2024-07-17 21:34,1,+18.7,+22.4,+26.1,+15.1,+15.3,+14.5,+14.3,+13.9,+13.4
2024-07-17 22:34,1,+18.7,+22.4,+26.1,+15.0,+15.3,+14.5,+14.3,+13.9,+13.4
2024-07-17 23:34,1,+18.7,+22.4,+26.0,+14.8,+15.1,+14.5,+14.3,+14.0,+13.4
2024-07-18 00:34,1,+18.6,+22.4,+26.0,+14.5,+15.0,+14.5,+14.3,+13.9,+13.4
2024-07-18 01:34,1,+18.6,+22.3,+26.0,+14.3,+14.9,+14.5,+14.3,+13.9,+13.4
2024-07-18 02:34,1,+18.6,+22.3,+26.0,+14.1,+14.8,+14.4,+14.1,+13.9,+13.4
2024-07-18 03:34,1,+18.6,+22.3,+26.0,+14.0,+14.6,+14.3,+14.1,+13.9,+13.4
2024-07-18 04:34,1,+18.6,+22.3,+25.9,+13.8,+14.5,+14.3,+14.1,+13.9,+13.4
2024-07-18 05:34,1,+18.5,+22.3,+25.9,+13.6,+14.5,+14.1,+14.1,+13.9,+13.4
2024-07-18 06:34,1,+18.5,+22.3,+25.9,+13.5,+14.3,+14.1,+14.0,+13.9,+13.4
2024-07-18 07:34,1,+18.5,+22.3,+25.9,+13.4,+14.3,+14.0,+14.0,+13.9,+13.3
2024-07-18 08:34,1,+18.5,+22.2,+25.9,+13.5,+14.1,+14.0,+14.0,+13.8,+13.4
2024-07-18 09:34,1,+18.5,+22.2,+25.9,+13.8,+14.1,+13.9,+14.0,+13.8,+13.3
2024-07-18 10:34,1,+18.5,+22.2,+25.8,+13.9,+14.1,+13.9,+13.9,+13.8,+13.3
2024-07-18 11:34,1,+18.5,+22.2,+25.8,+14.3,+14.3,+13.9,+13.9,+13.8,+13.3
2024-07-18 12:34,1,+18.5,+22.2,+25.8,+14.6,+14.4,+13.9,+13.9,+13.8,+13.3
2024-07-18 13:34,1,+18.5,+22.2,+25.8,+14.9,+14.6,+13.9,+13.9,+13.6,+13.3
2024-07-18 14:34,1,+18.5,+22.2,+25.8,+15.3,+14.8,+14.0,+13.9,+13.6,+13.3
2024-07-18 15:34,1,+18.4,+22.2,+25.7,+15.6,+15.0,+14.0,+13.8,+13.6,+13.1
2024-07-18 16:34,1,+18.4,+22.2,+25.7,+15.8,+15.1,+14.0,+13.9,+13.6,+13.1
2024-07-18 17:34,1,+18.4,+22.2,+25.7,+15.8,+15.4,+14.3,+13.8,+13.6,+13.1
2024-07-18 18:34,1,+18.4,+22.2,+25.7,+15.9,+15.4,+14.3,+13.9,+13.6,+13.1
2024-07-18 19:34,1,+18.3,+22.2,+25.7,+15.9,+15.5,+14.4,+13.9,+13.6,+13.1
2024-07-18 20:34,1,+18.3,+22.1,+25.7,+15.9,+15.5,+14.4,+13.9,+13.6,+13.1
2024-07-18 21:34,1,+18.3,+22.1,+25.7,+15.8,+15.5,+14.5,+14.0,+13.6,+13.1
2024-07-18 22:34,1,+18.3,+22.1,+25.7,+15.6,+15.5,+14.5,+14.0,+13.6,+13.1
2024-07-18 23:34,1,+18.3,+22.1,+25.7,+15.4,+15.5,+14.5,+14.0,+13.6,+13.1
2024-07-19 00:34,1,+18.2,+22.1,+25.6,+15.3,+15.4,+14.5,+14.0,+13.6,+13.1
2024-07-19 01:34,1,+18.2,+22.1,+25.6,+15.1,+15.4,+14.5,+14.0,+13.6,+13.1
2024-07-19 02:34,1,+18.2,+22.1,+25.6,+14.9,+15.3,+14.5,+14.0,+13.6,+13.1
2024-07-19 03:34,1,+18.2,+22.0,+25.6,+14.8,+15.1,+14.4,+14.0,+13.8,+13.1
2024-07-19 04:34,1,+18.2,+22.0,+25.6,+14.5,+15.0,+14.4,+14.0,+13.8,+13.1
2024-07-19 05:34,1,+18.2,+22.0,+25.6,+14.4,+14.9,+14.4,+14.0,+13.6,+13.1
2024-07-19 06:34,1,+18.1,+22.0,+25.5,+14.3,+14.8,+14.3,+14.0,+13.8,+13.1
2024-07-19 07:34,1,+18.1,+22.0,+25.5,+14.3,+14.8,+14.3,+14.0,+13.6,+13.1
2024-07-19 08:34,1,+18.1,+22.0,+25.5,+14.4,+14.6,+14.3,+14.0,+13.6,+13.1
2024-07-19 09:34,1,+18.1,+22.0,+25.5,+14.6,+14.8,+14.1,+14.0,+13.6,+13.1
2024-07-19 10:34,1,+18.1,+21.9,+25.5,+14.9,+14.8,+14.1,+14.0,+13.6,+13.1
2024-07-19 11:34,1,+18.1,+21.9,+25.5,+15.3,+14.9,+14.1,+13.9,+13.6,+13.1
2024-07-19 12:34,1,+18.1,+21.9,+25.5,+15.6,+15.0,+14.3,+13.9,+13.6,+13.1
2024-07-19 13:34,1,+18.1,+21.9,+25.5,+16.3,+15.3,+14.3,+13.9,+13.6,+13.1
2024-07-19 14:34,1,+18.1,+21.9,+25.4,+16.8,+15.6,+14.4,+13.9,+13.6,+13.1
2024-07-19 15:34,1,+18.1,+21.9,+25.4,+17.1,+15.9,+14.4,+13.9,+13.6,+13.1
2024-07-19 16:34,1,+18.1,+21.9,+25.4,+17.1,+16.1,+14.6,+14.0,+13.6,+13.1
2024-07-19 17:34,1,+18.0,+21.9,+25.4,+17.3,+16.3,+14.6,+14.0,+13.6,+13.1
2024-07-19 18:34,1,+18.0,+21.9,+25.4,+17.3,+16.4,+14.9,+14.0,+13.6,+13.1
2024-07-19 19:34,1,+18.0,+21.9,+25.4,+17.4,+16.5,+14.9,+14.1,+13.8,+13.1
2024-07-19 20:34,1,+18.0,+21.9,+25.4,+17.4,+16.6,+15.0,+14.1,+13.8,+13.1
2024-07-19 21:34,1,+17.9,+21.9,+25.4,+17.1,+16.6,+15.1,+14.3,+13.8,+13.1
2024-07-19 22:34,1,+18.0,+21.9,+25.4,+17.1,+16.5,+15.1,+14.3,+13.8,+13.3
2024-07-19 23:34,1,+17.9,+21.9,+25.4,+16.9,+16.5,+15.1,+14.3,+13.8,+13.3
2024-07-20 00:34,1,+17.9,+21.9,+25.4,+16.8,+16.4,+15.3,+14.4,+13.9,+13.3
2024-07-20 01:34,1,+17.8,+21.8,+25.3,+16.6,+16.4,+15.3,+14.4,+13.9,+13.3
2024-07-20 02:34,1,+17.9,+21.8,+25.3,+16.4,+16.4,+15.3,+14.4,+13.9,+13.4
2024-07-20 03:34,1,+17.8,+21.8,+25.3,+16.3,+16.3,+15.1,+14.5,+13.9,+13.3
2024-07-20 04:34,1,+17.8,+21.8,+25.3,+16.1,+16.1,+15.1,+14.5,+13.9,+13.4
2024-07-20 05:34,1,+17.8,+21.8,+25.3,+16.0,+16.1,+15.1,+14.5,+14.0,+13.4
2024-07-20 06:34,1,+17.8,+21.8,+25.3,+15.9,+16.0,+15.1,+14.5,+14.0,+13.4
2024-07-20 07:34,1,+17.8,+21.8,+25.3,+15.9,+16.0,+15.0,+14.5,+14.0,+13.4
2024-07-20 08:34,1,+17.8,+21.8,+25.3,+15.9,+15.9,+15.0,+14.5,+14.0,+13.4
2024-07-20 09:34,1,+17.8,+21.8,+25.2,+16.1,+15.9,+15.0,+14.5,+13.9,+13.4
2024-07-20 10:34,1,+17.8,+21.8,+25.2,+16.4,+16.0,+14.9,+14.4,+14.0,+13.4
2024-07-20 11:34,1,+17.8,+21.7,+25.2,+16.8,+16.0,+15.0,+14.4,+14.0,+13.4
2024-07-20 12:34,1,+17.8,+21.7,+25.2,+17.1,+16.3,+15.0,+14.4,+14.0,+13.4
2024-07-20 13:34,1,+17.8,+21.7,+25.2,+17.5,+16.5,+15.1,+14.4,+14.0,+13.4
2024-07-20 14:34,1,+17.8,+21.7,+25.2,+18.0,+16.8,+15.3,+14.4,+14.0,+13.4
2024-07-20 15:34,1,+17.8,+21.7,+25.2,+18.3,+17.0,+15.3,+14.5,+14.0,+13.4
2024-07-20 16:34,1,+17.8,+21.7,+25.2,+18.4,+17.3,+15.4,+14.5,+14.0,+13.4
2024-07-20 17:34,1,+17.8,+21.7,+25.2,+18.4,+17.3,+15.5,+14.5,+14.0,+13.4
2024-07-20 18:34,1,+17.7,+21.7,+25.2,+18.3,+17.4,+15.6,+14.6,+14.0,+13.4
2024-07-20 19:34,1,+17.7,+21.7,+25.2,+18.1,+17.4,+15.8,+14.6,+14.0,+13.5
2024-07-20 20:34,1,+17.7,+21.7,+25.2,+18.0,+17.4,+15.8,+14.8,+14.1,+13.5
2024-07-20 21:34,1,+17.7,+21.7,+25.2,+17.9,+17.4,+15.9,+14.8,+14.1,+13.5
2024-07-20 22:34,1,+17.7,+21.7,+25.1,+17.8,+17.4,+15.9,+14.8,+14.1,+13.5
2024-07-20 23:34,1,+17.6,+21.7,+25.1,+17.6,+17.3,+15.9,+14.9,+14.3,+13.5
2024-07-21 00:34,1,+17.6,+21.7,+25.1,+17.4,+17.1,+15.8,+14.9,+14.3,+13.6
2024-07-21 01:34,1,+17.6,+21.7,+25.1,+17.3,+17.1,+15.9,+14.9,+14.3,+13.6
2024-07-21 02:34,1,+17.6,+21.7,+25.1,+17.1,+17.0,+15.8,+15.0,+14.3,+13.6
2024-07-21 03:34,1,+17.6,+21.6,+25.1,+17.0,+16.9,+15.8,+15.0,+14.3,+13.8
2024-07-21 04:34,1,+17.6,+21.6,+25.1,+16.9,+16.9,+15.8,+14.9,+14.3,+13.6
2024-07-21 05:34,1,+17.6,+21.6,+25.1,+16.8,+16.8,+15.8,+14.9,+14.3,+13.6
2024-07-21 06:34,1,+17.5,+21.6,+25.0,+16.6,+16.6,+15.6,+14.9,+14.4,+13.8
2024-07-21 07:34,1,+17.5,+21.6,+25.1,+16.5,+16.6,+15.6,+14.9,+14.4,+13.8
2024-07-21 08:34,1,+17.5,+21.6,+25.0,+16.5,+16.5,+15.6,+14.9,+14.3,+13.8
2024-07-21 09:34,1,+17.5,+21.5,+25.0,+16.5,+16.4,+15.5,+14.9,+14.4,+13.6
2024-07-21 10:34,1,+17.5,+21.5,+25.0,+16.5,+16.5,+15.5,+14.9,+14.3,+13.8
2024-07-21 11:34,1,+17.5,+21.5,+25.0,+16.6,+16.4,+15.5,+14.9,+14.3,+13.8
2024-07-21 12:34,1,+17.4,+21.5,+25.0,+17.0,+16.5,+15.5,+14.9,+14.3,+13.6
2024-07-21 13:34,1,+17.4,+21.5,+25.0,+17.1,+16.6,+15.5,+14.9,+14.4,+13.6
2024-07-21 14:34,1,+17.4,+21.5,+24.9,+17.5,+16.8,+15.5,+14.9,+14.4,+13.8
2024-07-21 15:34,1,+17.4,+21.5,+24.9,+17.9,+16.9,+15.6,+14.9,+14.3,+13.6
2024-07-21 16:34,1,+17.4,+21.5,+24.9,+17.9,+17.0,+15.6,+14.8,+14.4,+13.8
2024-07-21 17:34,1,+17.4,+21.5,+24.9,+18.0,+17.1,+15.8,+14.9,+14.3,+13.6
2024-07-21 18:34,1,+17.4,+21.5,+24.9,+18.0,+17.3,+15.8,+14.9,+14.4,+13.8
2024-07-21 19:34,1,+17.3,+21.5,+24.9,+18.0,+17.3,+15.8,+14.9,+14.4,+13.6
2024-07-21 20:34,1,+17.3,+21.5,+24.9,+18.0,+17.4,+15.9,+15.0,+14.4,+13.8
2024-07-21 21:34,1,+17.3,+21.4,+24.9,+17.9,+17.4,+15.9,+15.0,+14.4,+13.8
2024-07-21 22:34,1,+17.3,+21.4,+24.9,+17.8,+17.4,+16.0,+15.0,+14.4,+13.8
2024-07-21 23:34,1,+17.2,+21.4,+24.9,+17.6,+17.3,+15.9,+15.0,+14.4,+13.8
2024-07-22 00:34,1,+17.2,+21.4,+24.9,+17.5,+17.1,+16.0,+15.1,+14.4,+13.9
2024-07-22 01:34,1,+17.2,+21.4,+24.8,+17.3,+17.1,+16.0,+15.0,+14.5,+13.8
2024-07-22 02:34,1,+17.2,+21.4,+24.8,+17.1,+17.0,+15.9,+15.1,+14.5,+13.9
2024-07-22 03:34,1,+17.2,+21.3,+24.8,+16.9,+17.0,+15.9,+15.1,+14.5,+13.9
2024-07-22 04:34,1,+17.1,+21.3,+24.8,+16.8,+16.8,+15.9,+15.1,+14.5,+13.9
2024-07-22 05:34,1,+17.1,+21.3,+24.8,+16.5,+16.8,+15.8,+15.0,+14.5,+13.9
2024-07-22 06:34,1,+17.1,+21.3,+24.8,+16.4,+16.6,+15.8,+15.1,+14.5,+13.9
2024-07-22 07:34,1,+17.1,+21.3,+24.8,+16.5,+16.5,+15.6,+15.0,+14.5,+13.9
2024-07-22 08:34,1,+17.1,+21.3,+24.7,+16.5,+16.5,+15.6,+15.0,+14.5,+13.9
2024-07-22 09:34,1,+17.1,+21.3,+24.7,+16.6,+16.5,+15.6,+15.0,+14.5,+13.9
2024-07-22 10:34,1,+17.1,+21.3,+24.7,+16.6,+16.5,+15.5,+15.0,+14.5,+13.9
2024-07-22 11:34,1,+17.0,+21.2,+24.7,+16.8,+16.5,+15.6,+15.0,+14.5,+13.9
2024-07-22 12:34,1,+17.0,+21.2,+24.7,+16.8,+16.6,+15.5,+15.0,+14.5,+13.9
2024-07-22 13:34,1,+17.0,+21.2,+24.7,+16.8,+16.5,+15.5,+15.0,+14.5,+13.9
2024-07-22 14:34,1,+17.0,+21.2,+24.6,+16.9,+16.6,+15.5,+15.0,+14.5,+13.9
2024-07-22 15:34,1,+17.0,+21.2,+24.6,+17.0,+16.6,+15.6,+15.0,+14.5,+13.9
2024-07-22 16:34,1,+17.0,+21.2,+24.6,+17.1,+16.8,+15.6,+15.0,+14.5,+13.9
2024-07-22 17:34,1,+17.0,+21.2,+24.6,+17.3,+16.8,+15.6,+15.0,+14.5,+13.9
2024-07-22 18:34,1,+16.9,+21.2,+24.6,+17.3,+16.8,+15.6,+14.9,+14.5,+13.9
2024-07-22 19:34,1,+16.9,+21.2,+24.6,+17.3,+16.9,+15.6,+15.0,+14.5,+13.9
2024-07-22 20:34,1,+16.9,+21.1,+24.6,+17.1,+16.8,+15.6,+15.0,+14.5,+13.9
2024-07-22 21:34,1,+16.9,+21.1,+24.6,+17.0,+16.9,+15.6,+15.0,+14.5,+13.9
2024-07-22 22:34,1,+16.9,+21.1,+24.6,+16.9,+16.8,+15.8,+14.9,+14.5,+13.9
2024-07-22 23:34,1,+16.8,+21.1,+24.5,+16.8,+16.6,+15.6,+15.0,+14.5,+13.9
2024-07-23 00:34,1,+16.8,+21.1,+24.5,+16.6,+16.6,+15.6,+15.0,+14.5,+13.9
2024-07-23 01:34,1,+16.8,+21.1,+24.5,+16.5,+16.5,+15.6,+15.0,+14.5,+13.9
2024-07-23 02:34,1,+16.8,+21.1,+24.5,+16.4,+16.5,+15.6,+15.0,+14.5,+13.9
2024-07-23 03:34,1,+16.8,+21.0,+24.5,+16.4,+16.5,+15.6,+15.0,+14.5,+13.9
2024-07-23 04:34,1,+16.7,+21.0,+24.5,+16.1,+16.4,+15.5,+15.0,+14.5,+13.9
2024-07-23 05:34,1,+16.7,+21.0,+24.5,+16.0,+16.3,+15.5,+14.9,+14.5,+13.9
2024-07-23 06:34,1,+16.7,+21.0,+24.5,+15.9,+16.1,+15.5,+14.9,+14.5,+13.9
2024-07-23 07:34,1,+16.7,+21.0,+24.5,+15.9,+16.1,+15.4,+14.9,+14.5,+13.9
2024-07-23 08:34,1,+16.7,+21.0,+24.5,+15.8,+16.0,+15.4,+14.9,+14.5,+13.9
2024-07-23 09:34,1,+16.7,+21.0,+24.4,+15.8,+15.9,+15.3,+14.9,+14.5,+13.9
2024-07-23 10:34,1,+16.7,+21.0,+24.4,+15.8,+15.9,+15.3,+14.9,+14.4,+13.9
2024-07-23 11:34,1,+16.7,+21.0,+24.4,+15.9,+15.9,+15.3,+14.9,+14.5,+13.9
2024-07-23 12:34,1,+16.7,+21.0,+24.4,+16.0,+16.0,+15.3,+14.8,+14.4,+13.9
2024-07-23 13:34,1,+16.7,+20.9,+24.4,+16.3,+16.0,+15.1,+14.9,+14.4,+13.9
2024-07-23 14:34,1,+16.7,+20.9,+24.3,+16.5,+16.1,+15.1,+14.8,+14.4,+13.8
2024-07-23 15:34,1,+16.7,+20.9,+24.3,+16.6,+16.3,+15.3,+14.8,+14.4,+13.8
2024-07-23 16:34,1,+16.7,+20.9,+24.3,+16.6,+16.3,+15.3,+14.8,+14.4,+13.8
2024-07-23 17:34,1,+16.6,+20.9,+24.3,+16.5,+16.4,+15.3,+14.8,+14.4,+13.8
2024-07-23 18:34,1,+16.6,+20.9,+24.3,+16.5,+16.3,+15.3,+14.8,+14.4,+13.8
2024-07-23 19:34,1,+16.6,+20.9,+24.3,+16.5,+16.3,+15.3,+14.8,+14.4,+13.8
2024-07-23 20:34,1,+16.6,+20.9,+24.3,+16.3,+16.3,+15.4,+14.8,+14.4,+13.8
2024-07-23 21:34,1,+16.6,+20.8,+24.3,+16.3,+16.3,+15.3,+14.8,+14.4,+13.8
2024-07-23 22:34,1,+16.5,+20.8,+24.3,+16.1,+16.1,+15.3,+14.8,+14.4,+13.8
2024-07-23 23:34,1,+16.5,+20.8,+24.3,+16.0,+16.1,+15.3,+14.8,+14.3,+13.8
2024-07-24 00:34,1,+16.5,+20.8,+24.3,+15.9,+16.1,+15.3,+14.8,+14.4,+13.8
2024-07-24 01:34,1,+16.5,+20.8,+24.3,+15.6,+15.9,+15.3,+14.8,+14.4,+13.8
2024-07-24 02:34,1,+16.5,+20.8,+24.2,+15.5,+15.9,+15.3,+14.8,+14.4,+13.8
2024-07-24 03:34,1,+16.5,+20.8,+24.2,+15.1,+15.8,+15.1,+14.8,+14.4,+13.8
2024-07-24 04:34,1,+16.5,+20.8,+24.2,+15.0,+15.6,+15.1,+14.8,+14.4,+13.8
2024-07-24 05:34,1,+16.4,+20.7,+24.2,+14.8,+15.5,+15.0,+14.6,+14.4,+13.8
2024-07-24 06:34,1,+16.4,+20.7,+24.2,+14.5,+15.3,+15.0,+14.6,+14.3,+13.8
2024-07-24 07:34,1,+16.4,+20.7,+24.2,+14.4,+15.1,+14.9,+14.6,+14.3,+13.8
2024-07-24 08:34,1,+16.4,+20.7,+24.2,+14.4,+15.1,+14.8,+14.6,+14.3,+13.8
2024-07-24 09:34,1,+16.3,+20.7,+24.1,+14.5,+15.0,+14.6,+14.5,+14.3,+13.8
2024-07-24 10:34,1,+16.3,+20.7,+24.1,+14.8,+15.0,+14.6,+14.5,+14.3,+13.8
2024-07-24 11:34,1,+16.3,+20.6,+24.1,+15.0,+15.0,+14.6,+14.5,+14.1,+13.6
2024-07-24 12:34,1,+16.3,+20.6,+24.1,+15.3,+15.1,+14.6,+14.4,+14.1,+13.6
2024-07-24 13:34,1,+16.3,+20.6,+24.0,+15.8,+15.3,+14.6,+14.4,+14.1,+13.6
2024-07-24 14:34,1,+16.3,+20.6,+24.0,+16.4,+15.5,+14.6,+14.4,+14.1,+13.6
2024-07-24 15:34,1,+16.3,+20.6,+24.0,+16.8,+15.9,+14.6,+14.4,+14.1,+13.6
2024-07-24 16:34,1,+16.3,+20.6,+24.0,+16.6,+16.0,+14.9,+14.4,+14.1,+13.5
2024-07-24 17:34,1,+16.3,+20.6,+24.0,+16.5,+16.0,+14.9,+14.4,+14.1,+13.5
2024-07-24 18:34,1,+16.2,+20.6,+24.0,+16.5,+16.1,+15.0,+14.4,+14.1,+13.5
2024-07-24 19:34,1,+16.2,+20.5,+24.0,+16.5,+16.1,+15.0,+14.5,+14.1,+13.5
2024-07-24 20:34,1,+16.2,+20.5,+24.0,+16.4,+16.1,+15.0,+14.5,+14.1,+13.5
2024-07-24 21:34,1,+16.1,+20.5,+24.0,+16.3,+16.1,+15.0,+14.5,+14.1,+13.5
2024-07-24 22:34,1,+16.1,+20.5,+24.0,+16.1,+16.0,+15.1,+14.5,+14.1,+13.6
2024-07-24 23:34,1,+16.1,+20.5,+23.9,+15.8,+16.0,+15.1,+14.5,+14.1,+13.6
2024-07-25 00:34,1,+16.1,+20.5,+23.9,+15.5,+15.9,+15.0,+14.5,+14.1,+13.6
2024-07-25 01:34,1,+16.0,+20.5,+23.9,+15.4,+15.8,+15.0,+14.5,+14.1,+13.6
2024-07-25 02:34,1,+16.0,+20.5,+23.9,+15.3,+15.6,+15.0,+14.5,+14.1,+13.6
2024-07-25 03:34,1,+16.0,+20.4,+23.9,+15.1,+15.5,+15.0,+14.5,+14.1,+13.6
2024-07-25 04:34,1,+15.9,+20.4,+23.9,+14.9,+15.4,+14.9,+14.5,+14.1,+13.6
2024-07-25 05:34,1,+15.9,+20.4,+23.9,+14.8,+15.4,+14.8,+14.5,+14.1,+13.6
2024-07-25 06:34,1,+15.9,+20.4,+23.8,+14.5,+15.1,+14.8,+14.5,+14.1,+13.6
2024-07-25 07:34,1,+15.9,+20.4,+23.8,+14.5,+15.1,+14.8,+14.5,+14.1,+13.6
2024-07-25 08:34,1,+15.9,+20.4,+23.8,+14.5,+15.0,+14.6,+14.4,+14.1,+13.5
2024-07-25 09:34,1,+15.9,+20.3,+23.8,+14.6,+15.0,+14.6,+14.4,+14.1,+13.5
2024-07-25 10:34,1,+15.9,+20.3,+23.8,+15.0,+15.0,+14.5,+14.4,+14.1,+13.5
2024-07-25 11:34,1,+15.9,+20.3,+23.8,+15.3,+15.1,+14.5,+14.4,+14.0,+13.5
2024-07-25 12:34,1,+15.9,+20.3,+23.7,+15.6,+15.3,+14.5,+14.4,+14.0,+13.5
2024-07-25 13:34,1,+15.8,+20.3,+23.7,+16.0,+15.4,+14.5,+14.3,+14.0,+13.5
2024-07-25 14:34,1,+15.8,+20.2,+23.7,+16.5,+15.6,+14.6,+14.3,+14.0,+13.5
2024-07-25 15:34,1,+15.8,+20.2,+23.7,+17.0,+15.9,+14.6,+14.3,+14.0,+13.5
2024-07-25 16:34,1,+15.8,+20.2,+23.7,+17.1,+16.1,+14.8,+14.3,+14.0,+13.5
2024-07-25 17:34,1,+15.8,+20.2,+23.7,+17.1,+16.3,+14.9,+14.3,+14.0,+13.5
2024-07-25 18:34,1,+15.7,+20.2,+23.7,+17.0,+16.4,+15.0,+14.4,+14.0,+13.4
2024-07-25 19:34,1,+15.7,+20.2,+23.7,+17.0,+16.4,+15.1,+14.4,+14.0,+13.4
2024-07-25 20:34,1,+15.6,+20.2,+23.7,+16.9,+16.5,+15.1,+14.5,+14.0,+13.5
2024-07-25 21:34,1,+15.6,+20.2,+23.6,+16.9,+16.4,+15.1,+14.5,+14.0,+13.5
2024-07-25 22:34,1,+15.6,+20.2,+23.7,+16.6,+16.4,+15.3,+14.5,+14.0,+13.5
2024-07-25 23:34,1,+15.6,+20.2,+23.6,+16.5,+16.4,+15.3,+14.5,+14.1,+13.5
2024-07-26 00:34,1,+15.6,+20.2,+23.6,+16.4,+16.3,+15.3,+14.5,+14.0,+13.5
2024-07-26 01:34,1,+15.6,+20.2,+23.6,+16.3,+16.3,+15.3,+14.5,+14.1,+13.5
2024-07-26 02:34,1,+15.5,+20.1,+23.6,+16.1,+16.1,+15.3,+14.6,+14.1,+13.5
2024-07-26 03:34,1,+15.5,+20.1,+23.6,+16.1,+16.1,+15.1,+14.5,+14.1,+13.6
2024-07-26 04:34,1,+15.5,+20.1,+23.6,+16.0,+16.0,+15.1,+14.6,+14.1,+13.6
2024-07-26 05:34,1,+15.5,+20.1,+23.6,+15.9,+16.0,+15.1,+14.5,+14.1,+13.6
2024-07-26 06:34,1,+15.5,+20.1,+23.6,+15.9,+15.9,+15.1,+14.6,+14.1,+13.6
2024-07-26 07:34,1,+15.5,+20.1,+23.6,+15.9,+15.9,+15.1,+14.5,+14.1,+13.6
2024-07-26 08:34,1,+15.5,+20.0,+23.6,+15.9,+15.9,+15.0,+14.5,+14.1,+13.6
2024-07-26 09:34,1,+15.5,+20.0,+23.5,+16.1,+15.9,+15.0,+14.5,+14.1,+13.6
2024-07-26 10:34,1,+15.5,+20.0,+23.5,+16.4,+15.9,+15.0,+14.5,+14.1,+13.6
2024-07-26 11:34,1,+15.5,+20.0,+23.5,+16.8,+16.1,+15.0,+14.6,+14.1,+13.6
2024-07-26 12:34,1,+15.5,+20.0,+23.5,+17.0,+16.3,+15.1,+14.6,+14.1,+13.6
2024-07-26 13:34,1,+15.5,+20.0,+23.5,+17.4,+16.4,+15.1,+14.5,+14.1,+13.6
2024-07-26 14:34,1,+15.5,+20.0,+23.5,+17.9,+16.6,+15.3,+14.6,+14.1,+13.5
2024-07-26 15:34,1,+15.6,+20.0,+23.5,+18.4,+17.0,+15.3,+14.6,+14.1,+13.5
2024-07-26 16:34,1,+15.5,+20.0,+23.5,+18.6,+17.1,+15.4,+14.6,+14.1,+13.6
2024-07-26 17:34,1,+15.5,+20.0,+23.4,+18.9,+17.5,+15.6,+14.8,+14.1,+13.5
2024-07-26 18:34,1,+15.5,+20.0,+23.4,+19.0,+17.6,+15.8,+14.8,+14.3,+13.6
2024-07-26 19:34,1,+15.5,+20.0,+23.4,+19.0,+17.8,+15.9,+14.9,+14.3,+13.6
2024-07-26 20:34,1,+15.5,+20.0,+23.4,+19.1,+17.9,+16.0,+14.9,+14.3,+13.6
2024-07-26 21:34,1,+15.5,+20.0,+23.4,+19.1,+17.9,+16.0,+15.0,+14.3,+13.6
2024-07-26 22:34,1,+15.5,+20.0,+23.4,+19.0,+18.0,+16.1,+15.0,+14.4,+13.6
2024-07-26 23:34,1,+15.5,+20.0,+23.4,+19.0,+18.0,+16.1,+15.0,+14.4,+13.8
2024-07-27 00:34,1,+15.5,+20.0,+23.4,+18.9,+18.0,+16.4,+15.1,+14.4,+13.8
2024-07-27 01:34,1,+15.5,+20.0,+23.4,+18.9,+18.0,+16.3,+15.1,+14.5,+13.9
2024-07-27 02:34,1,+15.5,+20.0,+23.4,+18.8,+18.0,+16.4,+15.3,+14.5,+13.9
2024-07-27 03:34,1,+15.5,+20.0,+23.5,+18.8,+18.0,+16.4,+15.3,+14.5,+13.9
2024-07-27 04:34,1,+15.5,+20.0,+23.4,+18.9,+18.0,+16.4,+15.3,+14.5,+13.9
2024-07-27 05:34,1,+15.5,+20.0,+23.5,+18.8,+18.1,+16.5,+15.3,+14.6,+14.0
2024-07-27 06:34,1,+15.4,+20.0,+23.4,+18.8,+18.0,+16.5,+15.4,+14.6,+14.0
2024-07-27 07:34,1,+15.5,+20.0,+23.4,+18.6,+18.0,+16.5,+15.4,+14.6,+14.0
2024-07-27 08:34,1,+15.4,+20.0,+23.4,+18.8,+18.0,+16.5,+15.4,+14.8,+14.0
2024-07-27 09:34,1,+15.5,+20.0,+23.4,+19.0,+18.1,+16.5,+15.4,+14.6,+14.0
2024-07-27 10:34,1,+15.4,+20.0,+23.4,+19.1,+18.1,+16.5,+15.5,+14.6,+14.0
2024-07-27 11:34,1,+15.4,+20.0,+23.4,+19.4,+18.3,+16.5,+15.5,+14.8,+14.1
2024-07-27 12:34,1,+15.4,+19.9,+23.4,+19.8,+18.4,+16.6,+15.5,+14.8,+14.1
2024-07-27 13:34,1,+15.4,+19.9,+23.4,+20.1,+18.6,+16.8,+15.5,+14.8,+14.1
2024-07-27 14:34,1,+15.4,+19.9,+23.3,+20.4,+18.9,+16.8,+15.6,+14.8,+14.1
2024-07-27 15:34,1,+15.4,+19.9,+23.3,+20.9,+19.1,+16.9,+15.6,+14.8,+14.1
2024-07-27 16:34,1,+15.3,+19.9,+23.3,+20.9,+19.3,+17.0,+15.8,+14.9,+14.1
2024-07-27 17:34,1,+15.3,+19.8,+23.3,+20.9,+19.4,+17.1,+15.8,+14.9,+14.3
2024-07-27 18:34,1,+15.2,+19.8,+23.3,+20.9,+19.5,+17.3,+15.9,+14.9,+14.3
2024-07-27 19:34,1,+15.2,+19.8,+23.3,+20.8,+19.5,+17.3,+15.9,+15.0,+14.3
2024-07-27 20:34,1,+15.1,+19.8,+23.3,+20.6,+19.5,+17.4,+15.9,+15.0,+14.3
2024-07-27 21:34,1,+15.1,+19.8,+23.3,+20.4,+19.5,+17.4,+16.0,+15.1,+14.4
2024-07-27 22:34,1,+15.1,+19.8,+23.3,+20.3,+19.4,+17.5,+16.0,+15.1,+14.4
2024-07-27 23:34,1,+15.0,+19.8,+23.3,+20.3,+19.4,+17.5,+16.0,+15.1,+14.4
2024-07-28 00:34,1,+15.0,+19.8,+23.3,+20.1,+19.4,+17.5,+16.1,+15.1,+14.5
2024-07-28 01:34,1,+15.0,+19.8,+23.3,+20.1,+19.3,+17.5,+16.1,+15.3,+14.5
2024-07-28 02:34,1,+15.0,+19.8,+23.3,+19.9,+19.3,+17.4,+16.3,+15.3,+14.5
2024-07-28 03:34,1,+15.0,+19.7,+23.3,+19.9,+19.1,+17.5,+16.1,+15.3,+14.6
2024-07-28 04:34,1,+15.0,+19.7,+23.3,+19.8,+19.1,+17.5,+16.1,+15.4,+14.6
2024-07-28 05:34,1,+15.0,+19.7,+23.3,+19.6,+19.0,+17.5,+16.3,+15.4,+14.6
2024-07-28 06:34,1,+15.0,+19.7,+23.3,+19.6,+19.0,+17.4,+16.3,+15.4,+14.6
2024-07-28 07:34,1,+15.0,+19.7,+23.2,+19.5,+19.0,+17.4,+16.3,+15.4,+14.6
2024-07-28 08:34,1,+15.0,+19.7,+23.3,+19.5,+18.9,+17.4,+16.3,+15.4,+14.6
2024-07-28 09:34,1,+15.0,+19.7,+23.2,+19.5,+19.0,+17.4,+16.3,+15.4,+14.6
2024-07-28 10:34,1,+14.9,+19.7,+23.2,+19.6,+19.0,+17.4,+16.3,+15.4,+14.6
2024-07-28 11:34,1,+14.9,+19.7,+23.2,+19.6,+19.0,+17.4,+16.3,+15.4,+14.8
2024-07-28 12:34,1,+14.9,+19.7,+23.2,+19.8,+19.0,+17.4,+16.3,+15.4,+14.8
2024-07-28 13:34,1,+14.9,+19.6,+23.2,+19.6,+19.0,+17.4,+16.3,+15.5,+14.8
2024-07-28 14:34,1,+14.9,+19.6,+23.2,+19.8,+19.0,+17.4,+16.3,+15.5,+14.8
2024-07-28 15:34,1,+14.9,+19.6,+23.2,+19.8,+19.0,+17.4,+16.3,+15.5,+14.8
2024-07-28 16:34,1,+14.9,+19.6,+23.2,+19.8,+19.1,+17.4,+16.3,+15.5,+14.8
2024-07-28 17:34,1,+14.9,+19.6,+23.1,+19.9,+19.1,+17.5,+16.3,+15.5,+14.8
2024-07-28 18:34,1,+14.9,+19.6,+23.1,+19.9,+19.1,+17.5,+16.4,+15.5,+14.8
2024-07-28 19:34,1,+14.8,+19.6,+23.1,+19.8,+19.1,+17.4,+16.4,+15.5,+14.8
2024-07-28 20:34,1,+14.8,+19.6,+23.1,+19.6,+19.0,+17.5,+16.4,+15.5,+14.9
2024-07-28 21:34,1,+14.8,+19.5,+23.1,+19.4,+19.0,+17.4,+16.4,+15.6,+14.9
2024-07-28 22:34,1,+14.8,+19.5,+23.1,+19.1,+18.9,+17.5,+16.4,+15.6,+14.9
2024-07-28 23:34,1,+14.8,+19.5,+23.1,+19.1,+18.8,+17.4,+16.4,+15.6,+14.9
2024-07-29 00:34,1,+14.7,+19.5,+23.1,+18.9,+18.6,+17.4,+16.4,+15.6,+14.9
2024-07-29 01:34,1,+14.7,+19.5,+23.1,+18.9,+18.6,+17.4,+16.4,+15.6,+14.9
2024-07-29 02:34,1,+14.7,+19.5,+23.1,+18.9,+18.5,+17.4,+16.4,+15.6,+14.9
2024-07-29 03:34,1,+14.7,+19.5,+23.1,+18.8,+18.4,+17.3,+16.3,+15.6,+14.9
2024-07-29 04:34,1,+14.7,+19.5,+23.1,+18.6,+18.5,+17.3,+16.4,+15.5,+14.9
2024-07-29 05:34,1,+14.7,+19.5,+23.1,+18.6,+18.4,+17.1,+16.4,+15.5,+14.9
2024-07-29 06:34,1,+14.7,+19.4,+23.0,+18.5,+18.4,+17.3,+16.3,+15.6,+15.0
2024-07-29 07:34,1,+14.7,+19.5,+23.0,+18.4,+18.3,+17.1,+16.3,+15.6,+14.9
2024-07-29 08:34,1,+14.7,+19.4,+23.0,+18.4,+18.3,+17.1,+16.3,+15.6,+15.0
2024-07-29 09:34,1,+14.7,+19.4,+23.0,+18.4,+18.1,+17.1,+16.3,+15.6,+14.9
2024-07-29 10:34,1,+14.7,+19.4,+23.0,+18.5,+18.1,+17.0,+16.3,+15.6,+14.9
2024-07-29 11:34,1,+14.6,+19.4,+23.0,+18.8,+18.3,+17.0,+16.3,+15.6,+14.9
2024-07-29 12:34,1,+14.6,+19.3,+23.0,+19.0,+18.3,+17.0,+16.3,+15.5,+14.9
2024-07-29 13:34,1,+14.6,+19.3,+22.9,+19.3,+18.4,+17.0,+16.1,+15.5,+14.9
2024-07-29 14:34,1,+14.5,+19.3,+22.9,+19.5,+18.5,+17.1,+16.3,+15.6,+14.9
2024-07-29 15:34,1,+14.5,+19.3,+22.9,+19.8,+18.8,+17.1,+16.1,+15.5,+14.9
2024-07-29 16:34,1,+14.5,+19.3,+22.9,+19.9,+18.9,+17.3,+16.3,+15.5,+14.9
2024-07-29 17:34,1,+14.4,+19.2,+22.8,+19.8,+18.9,+17.3,+16.3,+15.5,+14.9
2024-07-29 18:34,1,+14.4,+19.2,+22.8,+19.8,+19.0,+17.4,+16.3,+15.5,+14.9
2024-07-29 19:34,1,+14.3,+19.2,+22.8,+19.5,+18.9,+17.4,+16.3,+15.6,+14.9
2024-07-29 20:34,1,+14.3,+19.2,+22.8,+19.4,+18.9,+17.4,+16.3,+15.6,+14.9
2024-07-29 21:34,1,+14.3,+19.1,+22.8,+19.1,+18.9,+17.4,+16.4,+15.6,+15.0
2024-07-29 22:34,1,+14.2,+19.1,+22.8,+18.9,+18.8,+17.4,+16.4,+15.6,+14.9
2024-07-29 23:34,1,+14.2,+19.1,+22.8,+18.6,+18.5,+17.4,+16.4,+15.6,+15.0
2024-07-30 00:34,1,+14.1,+19.1,+22.8,+18.3,+18.4,+17.3,+16.4,+15.6,+14.9
2024-07-30 01:34,1,+14.1,+19.1,+22.7,+18.1,+18.3,+17.3,+16.4,+15.6,+15.0
2024-07-30 02:34,1,+14.1,+19.1,+22.7,+17.9,+18.1,+17.1,+16.4,+15.6,+15.0
2024-07-30 03:34,1,+14.1,+19.1,+22.7,+17.8,+18.0,+17.1,+16.4,+15.6,+15.0
2024-07-30 04:34,1,+14.0,+19.0,+22.7,+17.6,+17.9,+17.0,+16.3,+15.6,+15.0
2024-07-30 05:34,1,+14.0,+19.0,+22.7,+17.6,+17.8,+16.9,+16.3,+15.6,+15.0
2024-07-30 06:34,1,+14.0,+19.0,+22.7,+17.5,+17.6,+16.9,+16.3,+15.6,+15.0
2024-07-30 07:34,1,+14.5,+19.0,+22.7,+17.5,+17.6,+16.8,+16.1,+15.6,+15.0
2024-07-30 08:34,1,+14.4,+19.0,+22.7,+17.4,+17.6,+16.8,+16.1,+15.6,+15.0
2024-07-30 09:34,1,+14.2,+19.0,+22.7,+17.4,+17.5,+16.8,+16.1,+15.6,+14.9
2024-07-30 10:34,1,+14.2,+19.0,+22.7,+17.5,+17.5,+16.6,+16.1,+15.6,+15.0
2024-07-30 11:34,1,+14.2,+19.0,+22.7,+17.6,+17.5,+16.6,+16.1,+15.5,+15.0
2024-07-30 12:34,1,+14.2,+18.9,+22.6,+18.0,+17.6,+16.6,+16.0,+15.5,+14.9
2024-07-30 13:34,1,+14.2,+18.9,+22.6,+18.4,+17.8,+16.6,+16.0,+15.5,+14.9
2024-07-30 14:34,1,+14.2,+18.9,+22.6,+18.8,+17.9,+16.6,+16.0,+15.5,+14.9
2024-07-30 15:34,1,+14.2,+18.9,+22.6,+19.3,+18.1,+16.8,+16.0,+15.5,+14.9
2024-07-30 16:34,1,+14.2,+18.9,+22.5,+19.4,+18.4,+16.8,+16.0,+15.5,+14.9
2024-07-30 17:34,1,+14.1,+18.9,+22.5,+19.4,+18.5,+16.9,+16.0,+15.5,+14.9
2024-07-30 18:34,1,+14.2,+18.8,+22.5,+19.3,+18.5,+17.0,+16.1,+15.5,+14.9
2024-07-30 19:34,1,+14.1,+18.9,+22.5,+19.3,+18.6,+17.0,+16.1,+15.5,+14.9
2024-07-30 20:34,1,+14.1,+18.8,+22.5,+19.3,+18.5,+17.0,+16.1,+15.5,+14.9
2024-07-30 21:34,1,+14.1,+18.8,+22.5,+19.1,+18.6,+17.1,+16.1,+15.5,+14.9
2024-07-30 22:34,1,+14.1,+18.8,+22.5,+18.9,+18.5,+17.1,+16.3,+15.5,+14.9
2024-07-30 23:34,1,+14.1,+18.8,+22.5,+18.6,+18.4,+17.1,+16.1,+15.5,+14.9
2024-07-31 00:34,1,+14.1,+18.8,+22.5,+18.5,+18.4,+17.1,+16.3,+15.5,+15.0
2024-07-31 01:34,1,+14.1,+18.8,+22.5,+18.4,+18.3,+17.1,+16.3,+15.6,+14.9
2024-07-31 02:34,1,+14.1,+18.8,+22.5,+18.3,+18.1,+17.0,+16.3,+15.6,+14.9
2024-07-31 03:34,1,+14.1,+18.8,+22.5,+18.0,+18.0,+17.0,+16.3,+15.6,+14.9
2024-07-31 04:34,1,+14.0,+18.8,+22.5,+17.9,+18.0,+17.0,+16.3,+15.6,+15.0
2024-07-31 05:34,1,+14.0,+18.7,+22.4,+17.8,+17.9,+17.0,+16.3,+15.5,+15.0
2024-07-31 06:34,1,+14.0,+18.7,+22.4,+17.6,+17.8,+16.9,+16.1,+15.6,+14.9
2024-07-31 07:34,1,+14.0,+18.7,+22.4,+17.6,+17.8,+16.9,+16.1,+15.6,+15.0
2024-07-31 08:34,1,+14.0,+18.7,+22.4,+17.8,+17.8,+16.9,+16.1,+15.6,+15.0
2024-07-31 09:34,1,+14.0,+18.7,+22.4,+18.0,+17.6,+16.8,+16.1,+15.5,+15.0
2024-07-31 10:34,1,+14.1,+18.7,+22.4,+18.4,+17.8,+16.8,+16.1,+15.5,+15.0
2024-07-31 11:34,1,+14.1,+18.7,+22.4,+18.8,+17.9,+16.8,+16.1,+15.5,+14.9
2024-07-31 12:34,1,+14.1,+18.7,+22.4,+19.4,+18.3,+16.8,+16.1,+15.5,+14.9
2024-07-31 13:34,1,+14.1,+18.6,+22.4,+19.8,+18.4,+16.9,+16.1,+15.5,+14.9
2024-07-31 14:34,1,+14.0,+18.6,+22.3,+20.0,+18.6,+17.0,+16.1,+15.5,+14.9
2024-07-31 15:34,1,+14.1,+18.6,+22.3,+20.3,+18.9,+17.1,+16.1,+15.5,+14.9
2024-07-31 16:34,1,+14.1,+18.7,+22.4,+20.3,+19.0,+17.3,+16.1,+15.5,+14.9