
2024-06-19 07:53,1,+14.8,+17.2,+15.3,+13.8,+13.8,+13.8,+13.0,+12.5,+12.1
2024-06-19 08:53,1,+15.4,+17.4,+16.0,+13.8,+13.8,+13.5,+12.8,+12.1,+11.9
2024-06-19 09:53,1,+15.6,+17.6,+16.5,+13.6,+13.6,+13.5,+12.6,+12.1,+11.9
2024-06-19 10:53,1,+15.7,+17.8,+16.9,+13.5,+13.5,+13.5,+12.8,+12.1,+11.9
2024-06-19 11:53,1,+15.7,+17.9,+17.2,+13.5,+13.5,+13.4,+12.6,+12.1,+11.9
2024-06-19 12:53,1,+15.6,+18.1,+17.5,+14.0,+13.5,+13.4,+12.6,+12.1,+11.9
2024-06-19 13:53,1,+15.6,+18.2,+17.7,+14.1,+13.5,+13.4,+12.6,+12.1,+11.9
2024-06-19 14:53,1,+15.6,+18.3,+18.0,+14.1,+13.5,+13.4,+12.6,+12.1,+11.9
2024-06-19 15:53,1,+15.4,+18.4,+18.1,+14.1,+13.5,+13.3,+12.5,+12.1,+11.9
2024-06-19 16:53,1,+15.4,+18.5,+18.3,+14.3,+13.6,+13.3,+12.5,+12.1,+11.9
2024-06-19 17:53,1,+15.2,+18.6,+18.5,+14.1,+13.5,+13.3,+12.5,+12.0,+11.9
2024-06-19 18:53,1,+15.2,+18.7,+18.6,+14.1,+13.5,+13.3,+12.5,+12.1,+11.9
2024-06-19 19:53,1,+15.2,+18.7,+18.8,+14.1,+13.5,+13.3,+12.5,+12.1,+11.9
2024-06-19 20:53,1,+15.2,+18.8,+18.9,+14.0,+13.5,+13.3,+12.5,+12.0,+11.9
2024-06-19 21:53,1,+15.2,+18.9,+19.0,+13.9,+13.5,+13.3,+12.5,+12.0,+11.9
2024-06-19 22:53,1,+15.2,+18.9,+19.2,+13.6,+13.5,+13.3,+12.5,+12.0,+11.9
2024-06-19 23:53,1,+15.3,+19.0,+19.3,+13.5,+13.5,+13.3,+12.5,+12.0,+11.8
2024-06-20 00:53,1,+15.3,+19.0,+19.4,+13.4,+13.4,+13.3,+12.5,+12.0,+11.9
2024-06-20 01:53,1,+15.3,+19.1,+19.5,+13.3,+13.3,+13.1,+12.5,+12.0,+11.9
2024-06-20 02:53,1,+15.4,+19.1,+19.6,+13.1,+13.3,+13.1,+12.4,+12.0,+11.9
2024-06-20 03:53,1,+15.4,+19.1,+19.7,+12.9,+13.1,+13.0,+12.4,+12.0,+11.9
2024-06-20 04:53,1,+15.4,+19.2,+19.8,+12.9,+13.1,+13.1,+12.5,+12.0,+11.9
2024-06-20 05:53,1,+15.4,+19.2,+19.9,+12.9,+13.0,+13.0,+12.4,+12.0,+11.8
2024-06-20 06:53,1,+15.4,+19.2,+20.0,+12.8,+12.9,+13.0,+12.4,+12.0,+11.9
2024-06-20 07:53,1,+15.4,+19.3,+20.0,+12.8,+12.9,+12.9,+12.3,+12.0,+11.9
2024-06-20 08:53,1,+15.4,+19.3,+20.1,+12.8,+12.8,+12.9,+12.3,+12.0,+11.8
2024-06-20 09:53,1,+15.4,+19.3,+20.2,+12.9,+12.8,+12.9,+12.4,+12.0,+11.8
2024-06-20 10:53,1,+15.4,+19.3,+20.2,+12.9,+12.8,+12.8,+12.3,+12.0,+11.8
2024-06-20 11:53,1,+15.3,+19.4,+20.3,+13.1,+12.8,+12.8,+12.3,+11.9,+11.8
2024-06-20 12:53,1,+15.3,+19.4,+20.3,+13.3,+12.8,+12.8,+12.3,+11.9,+11.8
2024-06-20 13:53,1,+15.2,+19.4,+20.4,+13.4,+12.9,+12.8,+12.1,+11.9,+11.8
2024-06-20 14:53,1,+15.2,+19.4,+20.5,+13.5,+12.9,+12.8,+12.1,+11.9,+11.8
2024-06-20 15:53,1,+15.1,+19.4,+20.5,+13.6,+12.9,+12.8,+12.1,+11.9,+11.8
2024-06-20 16:53,1,+15.1,+19.4,+20.6,+13.8,+13.0,+12.8,+12.1,+11.9,+11.6
2024-06-20 17:53,1,+15.1,+19.4,+20.6,+13.8,+13.0,+12.8,+12.1,+11.9,+11.6
2024-06-20 18:53,1,+15.1,+19.4,+20.7,+13.8,+13.1,+12.8,+12.1,+11.8,+11.6
2024-06-20 19:53,1,+15.1,+19.5,+20.7,+13.8,+13.1,+12.8,+12.1,+11.8,+11.6
2024-06-20 20:53,1,+15.1,+19.5,+20.7,+13.6,+13.1,+12.8,+12.1,+11.8,+11.6
2024-06-20 21:53,1,+15.1,+19.5,+20.8,+13.6,+13.1,+12.9,+12.1,+11.9,+11.6
2024-06-20 22:53,1,+15.1,+19.5,+20.8,+13.4,+13.0,+12.9,+12.1,+11.8,+11.6
2024-06-20 23:53,1,+15.2,+19.5,+20.9,+13.3,+13.1,+12.9,+12.1,+11.8,+11.6
2024-06-21 00:53,1,+15.2,+19.6,+20.9,+13.1,+13.0,+12.9,+12.1,+11.8,+11.6
2024-06-21 01:53,1,+15.2,+19.6,+21.0,+13.0,+13.0,+12.8,+12.1,+11.8,+11.6
2024-06-21 02:53,1,+15.3,+19.6,+21.0,+12.9,+12.9,+12.8,+12.1,+11.8,+11.6
2024-06-21 03:53,1,+15.3,+19.6,+21.1,+12.9,+12.9,+12.8,+12.1,+11.8,+11.6
2024-06-21 04:53,1,+15.3,+19.6,+21.1,+12.8,+12.8,+12.8,+12.1,+11.8,+11.6
2024-06-21 05:53,1,+15.3,+19.6,+21.2,+12.6,+12.8,+12.8,+12.1,+11.8,+11.6
2024-06-21 06:53,1,+15.4,+19.6,+21.2,+12.5,+12.6,+12.6,+12.1,+11.8,+11.6
2024-06-21 07:53,1,+15.7,+19.6,+21.2,+12.5,+12.6,+12.6,+12.0,+11.8,+11.6
2024-06-21 08:53,1,+15.4,+19.6,+21.3,+12.6,+12.5,+12.6,+12.0,+11.8,+11.6
2024-06-21 09:53,1,+15.2,+19.7,+21.3,+12.6,+12.5,+12.6,+12.0,+11.8,+11.6
2024-06-21 10:53,1,+15.1,+19.7,+21.4,+12.8,+12.5,+12.5,+12.0,+11.8,+11.5
2024-06-21 11:53,1,+15.0,+19.7,+21.4,+13.0,+12.5,+12.5,+12.0,+11.6,+11.6
2024-06-21 12:53,1,+14.9,+19.7,+21.4,+13.4,+12.6,+12.5,+12.0,+11.8,+11.5
2024-06-21 13:53,1,+14.9,+19.7,+21.5,+13.8,+12.6,+12.5,+11.9,+11.6,+11.5
2024-06-21 14:53,1,+14.9,+19.7,+21.5,+13.9,+12.8,+12.5,+11.9,+11.6,+11.5
2024-06-21 15:53,1,+14.8,+19.7,+21.5,+14.0,+12.9,+12.5,+12.0,+11.6,+11.5
2024-06-21 16:53,1,+14.8,+19.7,+21.5,+14.1,+13.0,+12.6,+11.9,+11.6,+11.5
2024-06-21 17:53,1,+14.8,+19.7,+21.6,+14.3,+13.1,+12.6,+11.9,+11.6,+11.5
2024-06-21 18:53,1,+14.8,+19.7,+21.6,+14.3,+13.1,+12.6,+11.9,+11.6,+11.5
2024-06-21 19:53,1,+14.9,+19.7,+21.6,+14.3,+13.3,+12.8,+12.0,+11.6,+11.5
2024-06-21 20:53,1,+15.1,+19.8,+21.7,+14.3,+13.3,+12.8,+12.0,+11.6,+11.5
2024-06-21 21:53,1,+15.0,+19.8,+21.6,+14.1,+13.3,+12.9,+12.0,+11.6,+11.5
2024-06-21 22:53,1,+15.3,+19.8,+21.7,+14.0,+13.3,+12.8,+12.1,+11.6,+11.5
2024-06-21 23:53,1,+15.3,+19.8,+21.7,+13.9,+13.3,+12.9,+12.0,+11.6,+11.5
2024-06-22 00:53,1,+15.4,+19.8,+21.7,+13.9,+13.3,+12.9,+12.1,+11.6,+11.5
2024-06-22 01:53,1,+15.4,+19.8,+21.8,+13.9,+13.3,+12.9,+12.1,+11.6,+11.5
2024-06-22 02:53,1,+15.4,+19.8,+21.8,+13.6,+13.3,+12.9,+12.1,+11.6,+11.5
2024-06-22 03:53,1,+15.4,+19.8,+21.8,+13.6,+13.3,+12.9,+12.1,+11.8,+11.5
2024-06-22 04:53,1,+15.5,+19.8,+21.8,+13.6,+13.1,+13.0,+12.1,+11.8,+11.5
2024-06-22 05:53,1,+15.5,+19.9,+21.9,+13.5,+13.1,+12.9,+12.1,+11.8,+11.5
2024-06-22 06:53,1,+15.6,+19.9,+21.9,+13.5,+13.1,+12.9,+12.1,+11.8,+11.6
2024-06-22 07:53,1,+15.5,+19.9,+22.0,+13.5,+13.1,+12.9,+12.1,+11.8,+11.5
2024-06-22 08:53,1,+15.4,+19.9,+22.0,+13.5,+13.1,+12.9,+12.1,+11.8,+11.5
2024-06-22 09:53,1,+15.4,+19.9,+22.0,+13.5,+13.1,+12.9,+12.1,+11.8,+11.6
2024-06-22 10:53,1,+15.4,+19.9,+22.0,+13.6,+13.1,+12.9,+12.1,+11.8,+11.6
2024-06-22 11:53,1,+15.5,+19.9,+22.0,+13.9,+13.1,+12.9,+12.1,+11.8,+11.6
2024-06-22 12:53,1,+15.6,+20.0,+22.0,+13.9,+13.1,+12.9,+12.1,+11.8,+11.6
2024-06-22 13:53,1,+15.4,+20.0,+22.0,+14.0,+13.1,+12.9,+12.1,+11.8,+11.6
2024-06-22 14:53,1,+15.4,+20.0,+22.1,+14.0,+13.3,+12.9,+12.1,+11.8,+11.6
2024-06-22 15:53,1,+15.4,+20.0,+22.1,+14.0,+13.3,+12.9,+12.1,+11.8,+11.6
2024-06-22 16:53,1,+15.6,+20.0,+22.1,+14.0,+13.3,+12.9,+12.1,+11.8,+11.6
2024-06-22 17:53,1,+15.6,+20.0,+22.2,+14.0,+13.4,+12.9,+12.1,+11.8,+11.6
2024-06-22 18:53,1,+15.8,+20.0,+22.2,+14.0,+13.4,+12.9,+12.1,+11.8,+11.6
2024-06-22 19:53,1,+15.8,+20.0,+22.2,+14.0,+13.3,+13.0,+12.1,+11.8,+11.6
2024-06-22 20:53,1,+15.8,+20.0,+22.2,+13.9,+13.4,+13.0,+12.1,+11.9,+11.6
2024-06-22 21:53,1,+15.8,+20.0,+22.2,+13.9,+13.4,+13.0,+12.1,+11.8,+11.6
2024-06-22 22:53,1,+15.8,+20.0,+22.2,+13.9,+13.4,+13.0,+12.1,+11.8,+11.6
2024-06-22 23:53,1,+15.8,+20.1,+22.2,+13.6,+13.4,+13.0,+12.1,+11.9,+11.6
2024-06-23 00:53,1,+16.0,+20.1,+22.3,+13.6,+13.3,+13.0,+12.3,+11.8,+11.6
2024-06-23 01:53,1,+16.0,+20.1,+22.3,+13.5,+13.3,+13.0,+12.3,+11.9,+11.6
2024-06-23 02:53,1,+16.2,+20.1,+22.3,+13.4,+13.1,+13.0,+12.3,+11.9,+11.6
2024-06-23 03:53,1,+16.1,+20.1,+22.3,+13.4,+13.1,+13.0,+12.1,+11.9,+11.6
2024-06-23 04:53,1,+17.3,+20.1,+22.4,+13.1,+13.0,+12.9,+12.3,+11.9,+11.6
2024-06-23 05:53,1,+17.5,+20.1,+22.4,+13.0,+13.0,+12.9,+12.3,+11.9,+11.6
2024-06-23 06:53,1,+17.5,+20.2,+22.4,+12.9,+13.0,+12.9,+12.3,+11.9,+11.6
2024-06-23 07:53,1,+17.4,+20.2,+22.4,+12.9,+12.9,+12.9,+12.3,+11.9,+11.6
2024-06-23 08:53,1,+17.4,+20.2,+22.4,+13.0,+12.9,+12.9,+12.1,+11.9,+11.6
2024-06-23 09:53,1,+17.3,+20.2,+22.5,+13.0,+12.9,+12.8,+12.1,+11.9,+11.6
2024-06-23 10:53,1,+17.2,+20.2,+22.5,+13.1,+12.8,+12.8,+12.1,+11.9,+11.6
2024-06-23 11:53,1,+17.1,+20.2,+22.5,+13.3,+12.8,+12.6,+12.1,+11.9,+11.6
2024-06-23 12:53,1,+17.0,+20.2,+22.5,+13.8,+12.9,+12.8,+12.1,+11.9,+11.6
2024-06-23 13:53,1,+16.9,+20.2,+22.5,+14.0,+13.0,+12.8,+12.1,+11.8,+11.6
2024-06-23 14:53,1,+16.8,+20.2,+22.5,+14.1,+13.1,+12.8,+12.1,+11.8,+11.6
2024-06-23 15:53,1,+17.1,+20.2,+22.5,+14.3,+13.1,+12.8,+12.1,+11.8,+11.6
2024-06-23 16:53,1,+17.0,+20.2,+22.5,+14.4,+13.3,+12.9,+12.1,+11.8,+11.6
2024-06-23 17:53,1,+16.9,+20.2,+22.5,+14.5,+13.4,+12.9,+12.1,+11.8,+11.6
2024-06-23 18:53,1,+16.8,+20.2,+22.5,+14.5,+13.4,+12.9,+12.1,+11.9,+11.6
2024-06-23 19:53,1,+16.7,+20.2,+22.5,+14.5,+13.5,+13.0,+12.1,+11.8,+11.6
2024-06-23 20:53,1,+16.8,+20.2,+22.6,+14.5,+13.5,+13.0,+12.1,+11.8,+11.6
2024-06-23 21:53,1,+16.7,+20.3,+22.6,+14.4,+13.5,+13.0,+12.3,+11.9,+11.6
2024-06-23 22:53,1,+16.7,+20.3,+22.6,+14.3,+13.5,+13.1,+12.1,+11.8,+11.6
2024-06-23 23:53,1,+16.7,+20.3,+22.6,+14.1,+13.6,+13.1,+12.3,+11.9,+11.6
2024-06-24 00:53,1,+16.7,+20.3,+22.6,+13.9,+13.5,+13.1,+12.3,+11.9,+11.6
2024-06-24 01:53,1,+16.8,+20.3,+22.7,+13.9,+13.5,+13.1,+12.3,+11.9,+11.6
2024-06-24 02:53,1,+16.7,+20.3,+22.6,+13.6,+13.4,+13.1,+12.4,+11.9,+11.6
2024-06-24 03:53,1,+16.9,+20.3,+22.7,+13.5,+13.4,+13.1,+12.3,+11.9,+11.6
2024-06-24 04:53,1,+16.7,+20.3,+22.7,+13.4,+13.3,+13.1,+12.4,+11.9,+11.8
2024-06-24 05:53,1,+16.9,+20.3,+22.7,+13.3,+13.3,+13.0,+12.3,+11.9,+11.8
2024-06-24 06:53,1,+17.0,+20.3,+22.7,+13.3,+13.1,+13.0,+12.3,+11.9,+11.8
2024-06-24 07:53,1,+17.0,+20.3,+22.7,+13.3,+13.1,+13.0,+12.3,+11.9,+11.8
2024-06-24 08:53,1,+17.0,+20.3,+22.7,+13.3,+13.1,+13.0,+12.4,+11.9,+11.6
2024-06-24 09:53,1,+17.0,+20.3,+22.7,+13.4,+13.0,+12.9,+12.3,+11.9,+11.8
2024-06-24 10:53,1,+16.9,+20.3,+22.7,+13.6,+13.0,+12.9,+12.3,+11.9,+11.8
2024-06-24 11:53,1,+16.8,+20.3,+22.7,+13.8,+13.1,+12.9,+12.3,+11.9,+11.8
2024-06-24 12:53,1,+16.8,+20.3,+22.7,+13.9,+13.1,+13.0,+12.3,+11.9,+11.8
2024-06-24 13:53,1,+16.7,+20.3,+22.8,+14.1,+13.1,+13.0,+12.3,+11.9,+11.8
2024-06-24 14:53,1,+16.7,+20.3,+22.8,+14.3,+13.3,+12.9,+12.1,+11.9,+11.8
2024-06-24 15:53,1,+16.7,+20.3,+22.8,+14.5,+13.4,+13.0,+12.1,+11.9,+11.6
2024-06-24 16:53,1,+16.8,+20.3,+22.8,+14.8,+13.5,+13.0,+12.3,+11.9,+11.8
2024-06-24 17:53,1,+16.8,+20.3,+22.8,+14.9,+13.6,+13.0,+12.3,+11.9,+11.8
2024-06-24 18:53,1,+16.8,+20.3,+22.8,+15.0,+13.6,+13.0,+12.3,+11.9,+11.8
2024-06-24 19:53,1,+16.9,+20.3,+22.8,+15.1,+13.8,+13.1,+12.3,+11.9,+11.8
2024-06-24 20:53,1,+17.1,+20.3,+22.8,+15.1,+13.9,+13.3,+12.4,+11.9,+11.8
2024-06-24 21:53,1,+17.2,+20.3,+22.8,+15.1,+13.9,+13.3,+12.3,+11.9,+11.8
2024-06-24 22:53,1,+17.3,+20.4,+22.9,+15.0,+14.0,+13.3,+12.4,+11.9,+11.8
2024-06-24 23:53,1,+17.6,+20.4,+22.9,+14.9,+14.0,+13.4,+12.4,+11.9,+11.8
2024-06-25 00:53,1,+17.6,+20.4,+22.9,+14.9,+14.0,+13.4,+12.4,+12.0,+11.8
2024-06-25 01:53,1,+17.7,+20.4,+22.9,+14.8,+14.0,+13.5,+12.5,+12.0,+11.8
2024-06-25 02:53,1,+17.4,+20.4,+22.9,+14.5,+14.0,+13.5,+12.5,+12.0,+11.9
2024-06-25 03:53,1,+17.3,+20.4,+22.9,+14.5,+13.9,+13.5,+12.5,+12.0,+11.9
2024-06-25 04:53,1,+17.2,+20.4,+22.9,+14.3,+13.9,+13.5,+12.5,+12.1,+11.9
2024-06-25 05:53,1,+17.3,+20.4,+22.9,+14.3,+13.9,+13.4,+12.6,+12.0,+11.9
2024-06-25 06:53,1,+17.3,+20.4,+22.9,+14.0,+13.8,+13.5,+12.5,+12.1,+11.9
2024-06-25 07:53,1,+17.3,+20.4,+23.0,+14.0,+13.8,+13.4,+12.6,+12.0,+11.9
2024-06-25 08:53,1,+17.2,+20.5,+23.0,+14.0,+13.6,+13.4,+12.5,+12.1,+11.9
2024-06-25 09:53,1,+17.4,+20.5,+23.0,+14.1,+13.6,+13.4,+12.6,+12.1,+11.9
2024-06-25 10:53,1,+17.4,+20.5,+23.0,+14.3,+13.6,+13.4,+12.6,+12.1,+11.9
2024-06-25 11:53,1,+17.6,+20.5,+23.0,+14.3,+13.6,+13.4,+12.5,+12.1,+11.9
2024-06-25 12:53,1,+17.5,+20.4,+23.0,+14.9,+13.6,+13.4,+12.6,+12.1,+12.0
2024-06-25 13:53,1,+17.4,+20.4,+23.0,+15.1,+13.8,+13.4,+12.6,+12.1,+11.9
2024-06-25 14:53,1,+17.5,+20.4,+23.0,+15.3,+13.9,+13.4,+12.5,+12.1,+11.9
2024-06-25 15:53,1,+17.5,+20.4,+23.0,+15.3,+14.0,+13.4,+12.6,+12.1,+11.9
2024-06-25 16:53,1,+17.4,+20.4,+23.0,+15.4,+14.0,+13.4,+12.6,+12.1,+11.9
2024-06-25 17:53,1,+17.5,+20.4,+23.0,+15.3,+14.1,+13.5,+12.6,+12.1,+12.0
2024-06-25 18:53,1,+17.5,+20.4,+23.0,+15.3,+14.1,+13.5,+12.6,+12.1,+11.9
2024-06-25 19:53,1,+17.4,+20.3,+23.0,+15.3,+14.1,+13.5,+12.6,+12.1,+12.0
2024-06-25 20:53,1,+17.4,+20.3,+23.0,+15.1,+14.1,+13.6,+12.6,+12.1,+12.0
2024-06-25 21:53,1,+17.4,+20.3,+23.0,+15.0,+14.1,+13.6,+12.6,+12.1,+12.0
2024-06-25 22:53,1,+17.4,+20.3,+23.1,+14.9,+14.1,+13.6,+12.8,+12.3,+12.0
2024-06-25 23:53,1,+17.3,+20.3,+23.0,+14.8,+14.1,+13.6,+12.8,+12.1,+12.0
2024-06-26 00:53,1,+17.2,+20.3,+23.1,+14.6,+14.1,+13.6,+12.8,+12.3,+12.0
2024-06-26 01:53,1,+17.3,+20.3,+23.1,+14.6,+14.1,+13.6,+12.8,+12.3,+12.0
2024-06-26 02:53,1,+17.3,+20.3,+23.1,+14.5,+14.0,+13.6,+12.8,+12.3,+12.1
2024-06-26 03:53,1,+17.3,+20.3,+23.0,+14.4,+14.0,+13.6,+12.8,+12.3,+12.0
2024-06-26 04:53,1,+17.3,+20.3,+23.1,+14.3,+13.9,+13.6,+12.8,+12.3,+12.1
2024-06-26 05:53,1,+17.3,+20.3,+23.1,+14.3,+13.9,+13.6,+12.8,+12.3,+12.1
2024-06-26 06:53,1,+17.3,+20.3,+23.1,+14.1,+13.9,+13.6,+12.8,+12.4,+12.1
2024-06-26 07:53,1,+17.3,+20.3,+23.1,+14.0,+13.8,+13.5,+12.8,+12.4,+12.1
2024-06-26 08:53,1,+17.3,+20.3,+23.1,+14.0,+13.8,+13.5,+12.8,+12.3,+12.1
2024-06-26 09:53,1,+17.3,+20.3,+23.1,+13.9,+13.8,+13.5,+12.8,+12.4,+12.1
2024-06-26 10:53,1,+17.3,+20.3,+23.1,+13.9,+13.6,+13.5,+12.8,+12.3,+12.1
2024-06-26 11:53,1,+17.3,+20.3,+23.1,+14.0,+13.6,+13.5,+12.8,+12.4,+12.1
2024-06-26 12:53,1,+17.6,+20.2,+23.1,+14.0,+13.6,+13.5,+12.8,+12.3,+12.1
2024-06-26 13:53,1,+17.5,+20.2,+23.1,+14.0,+13.6,+13.4,+12.8,+12.3,+12.1
2024-06-26 14:53,1,+17.4,+20.2,+23.1,+14.0,+13.6,+13.4,+12.8,+12.4,+12.1
2024-06-26 15:53,1,+17.3,+20.2,+23.1,+14.1,+13.6,+13.4,+12.8,+12.4,+12.1
2024-06-26 16:53,1,+17.3,+20.2,+23.1,+14.0,+13.6,+13.4,+12.6,+12.4,+12.1
2024-06-26 17:53,1,+17.3,+20.2,+23.1,+14.0,+13.6,+13.4,+12.6,+12.3,+12.1
2024-06-26 18:53,1,+17.3,+20.2,+23.1,+14.0,+13.6,+13.4,+12.6,+12.4,+12.1
2024-06-26 19:53,1,+17.3,+20.2,+23.1,+14.0,+13.5,+13.4,+12.8,+12.3,+12.1
2024-06-26 20:53,1,+17.5,+20.2,+23.1,+14.0,+13.6,+13.4,+12.6,+12.3,+12.1
2024-06-26 21:53,1,+17.6,+20.2,+23.1,+13.8,+13.6,+13.4,+12.6,+12.3,+12.1
2024-06-26 22:53,1,+17.6,+20.1,+23.1,+13.6,+13.5,+13.4,+12.6,+12.3,+12.1
2024-06-26 23:53,1,+17.7,+20.1,+23.1,+13.4,+13.5,+13.4,+12.6,+12.3,+12.1
2024-06-27 00:53,1,+17.6,+20.2,+23.1,+13.3,+13.4,+13.4,+12.6,+12.3,+12.1
2024-06-27 01:53,1,+17.7,+20.1,+23.1,+13.0,+13.3,+13.3,+12.6,+12.3,+12.0
2024-06-27 02:53,1,+17.8,+20.1,+23.1,+12.9,+13.3,+13.1,+12.6,+12.3,+12.1
2024-06-27 03:53,1,+17.8,+20.1,+23.1,+12.8,+13.1,+13.1,+12.6,+12.3,+12.1
2024-06-27 04:53,1,+17.7,+20.1,+23.1,+12.6,+13.0,+13.1,+12.5,+12.3,+12.1
2024-06-27 05:53,1,+17.7,+20.1,+23.1,+12.4,+13.0,+13.1,+12.5,+12.3,+12.1
2024-06-27 06:53,1,+17.8,+20.1,+23.1,+12.4,+12.9,+13.0,+12.5,+12.3,+12.1
2024-06-27 07:53,1,+17.7,+20.1,+23.1,+12.3,+12.8,+12.9,+12.5,+12.3,+12.0
2024-06-27 08:53,1,+17.6,+20.1,+23.1,+12.4,+12.8,+12.9,+12.5,+12.3,+12.0
2024-06-27 09:53,1,+17.6,+20.0,+23.1,+12.5,+12.6,+12.9,+12.4,+12.3,+12.0
2024-06-27 10:53,1,+17.6,+20.0,+23.1,+12.5,+12.6,+12.9,+12.4,+12.3,+12.0
2024-06-27 11:53,1,+17.5,+20.0,+23.1,+12.8,+12.6,+12.8,+12.4,+12.1,+12.0
2024-06-27 12:53,1,+17.4,+20.0,+23.1,+13.0,+12.8,+12.8,+12.4,+12.1,+12.0
2024-06-27 13:53,1,+17.5,+19.9,+23.1,+13.3,+12.8,+12.8,+12.3,+12.1,+12.0
2024-06-27 14:53,1,+17.3,+19.9,+23.1,+13.4,+12.8,+12.8,+12.3,+12.1,+12.0
2024-06-27 15:53,1,+17.3,+19.9,+23.1,+13.5,+12.9,+12.8,+12.3,+12.0,+12.0
2024-06-27 16:53,1,+17.3,+19.9,+23.1,+13.6,+12.9,+12.8,+12.3,+12.0,+11.9
2024-06-27 17:53,1,+17.2,+19.9,+23.1,+13.6,+13.0,+12.8,+12.3,+12.0,+11.9
2024-06-27 18:53,1,+17.3,+19.8,+23.1,+13.8,+13.0,+12.9,+12.3,+12.0,+11.9
2024-06-27 19:53,1,+17.1,+19.9,+23.1,+13.8,+13.0,+12.9,+12.3,+12.0,+11.9
2024-06-27 20:53,1,+17.3,+19.8,+23.1,+13.6,+13.1,+12.9,+12.3,+12.0,+11.9
2024-06-27 21:53,1,+17.2,+19.9,+23.1,+13.6,+13.1,+12.9,+12.3,+12.0,+11.9
2024-06-27 22:53,1,+17.2,+19.8,+23.1,+13.6,+13.1,+12.9,+12.3,+12.0,+11.9
2024-06-27 23:53,1,+17.5,+19.9,+23.1,+13.6,+13.1,+12.9,+12.3,+12.0,+11.9
2024-06-28 00:53,1,+17.4,+19.9,+23.1,+13.5,+13.1,+12.9,+12.3,+12.0,+11.9
2024-06-28 01:53,1,+17.4,+19.9,+23.1,+13.5,+13.1,+12.9,+12.3,+12.0,+11.9
2024-06-28 02:53,1,+17.4,+19.9,+23.1,+13.5,+13.1,+12.9,+12.3,+12.0,+11.9
2024-06-28 03:53,1,+17.4,+19.9,+23.1,+13.4,+13.1,+12.9,+12.3,+12.0,+11.9
2024-06-28 04:53,1,+17.4,+19.9,+23.1,+13.4,+13.1,+12.9,+12.3,+12.0,+11.9
2024-06-28 05:53,1,+17.5,+19.9,+23.1,+13.5,+13.1,+13.0,+12.3,+12.0,+11.9
2024-06-28 06:53,1,+17.7,+19.9,+23.1,+13.5,+13.1,+13.0,+12.3,+12.0,+11.9
2024-06-28 07:53,1,+17.9,+19.9,+23.1,+13.5,+13.1,+12.9,+12.3,+12.0,+11.9
2024-06-28 08:53,1,+25.0,+22.0,+25.6,+13.8,+13.1,+12.9,+12.3,+12.0,+11.9
2024-06-28 09:53,1,+24.3,+21.9,+26.8,+13.8,+13.1,+13.0,+12.3,+12.0,+11.9
2024-06-28 10:53,1,+23.4,+21.5,+26.8,+13.8,+13.3,+12.9,+12.3,+12.0,+11.9
2024-06-28 11:53,1,+22.8,+21.1,+26.5,+13.9,+13.3,+13.0,+12.3,+12.0,+11.9
2024-06-28 12:53,1,+22.5,+20.8,+26.3,+14.0,+13.3,+13.0,+12.3,+12.0,+11.9
2024-06-28 13:53,1,+22.2,+20.7,+26.2,+14.0,+13.4,+13.0,+12.3,+12.0,+11.9
2024-06-28 14:53,1,+22.0,+20.6,+26.2,+14.1,+13.4,+13.0,+12.4,+12.0,+11.9
2024-06-28 15:53,1,+21.8,+20.6,+26.1,+14.4,+13.4,+13.0,+12.4,+12.0,+11.9
2024-06-28 16:53,1,+21.8,+20.6,+26.1,+14.5,+13.5,+13.0,+12.4,+12.0,+11.9
2024-06-28 17:53,1,+21.4,+20.5,+26.1,+14.6,+13.6,+13.1,+12.4,+12.0,+11.9
2024-06-28 18:53,1,+21.5,+20.5,+26.1,+14.8,+13.6,+13.1,+12.4,+12.0,+11.9
2024-06-28 19:53,1,+21.3,+20.5,+26.0,+14.8,+13.8,+13.3,+12.4,+12.0,+11.9
2024-06-28 20:53,1,+21.3,+20.5,+26.0,+14.8,+13.9,+13.3,+12.4,+12.0,+11.9
2024-06-28 21:53,1,+21.0,+20.5,+25.9,+14.8,+13.9,+13.3,+12.5,+12.0,+11.9
2024-06-28 22:53,1,+21.1,+20.5,+25.9,+14.6,+13.9,+13.4,+12.5,+12.1,+12.0
2024-06-28 23:53,1,+21.1,+20.5,+25.8,+14.6,+13.9,+13.4,+12.5,+12.0,+11.9
2024-06-29 00:53,1,+21.1,+20.5,+25.8,+14.5,+13.9,+13.4,+12.5,+12.1,+11.9
2024-06-29 01:53,1,+21.2,+20.5,+25.7,+14.4,+13.9,+13.4,+12.5,+12.1,+11.9
2024-06-29 02:53,1,+21.3,+20.5,+25.7,+14.3,+13.9,+13.5,+12.6,+12.1,+11.9
2024-06-29 03:53,1,+21.3,+20.5,+25.7,+14.1,+13.8,+13.5,+12.6,+12.1,+12.0
2024-06-29 04:53,1,+21.4,+20.5,+25.6,+14.0,+13.8,+13.4,+12.6,+12.1,+12.0
2024-06-29 05:53,1,+21.3,+20.5,+25.5,+13.9,+13.8,+13.4,+12.6,+12.1,+12.0
2024-06-29 06:53,1,+21.3,+20.5,+25.5,+13.9,+13.6,+13.4,+12.6,+12.3,+12.0
2024-06-29 07:53,1,+21.3,+20.5,+25.5,+13.9,+13.6,+13.4,+12.6,+12.3,+12.0
2024-06-29 08:53,1,+21.3,+20.6,+25.4,+13.8,+13.6,+13.4,+12.6,+12.3,+12.1
2024-06-29 09:53,1,+21.3,+20.6,+25.4,+13.6,+13.5,+13.4,+12.6,+12.3,+12.1
2024-06-29 10:53,1,+21.6,+20.6,+25.3,+13.6,+13.5,+13.4,+12.6,+12.3,+12.0
2024-06-29 11:53,1,+21.6,+20.6,+25.3,+13.5,+13.4,+13.4,+12.6,+12.3,+12.0
2024-06-29 12:53,1,+21.7,+20.6,+25.3,+13.6,+13.4,+13.3,+12.6,+12.3,+12.1
2024-06-29 13:53,1,+21.7,+20.6,+25.2,+13.6,+13.4,+13.3,+12.6,+12.3,+12.1
2024-06-29 14:53,1,+21.7,+20.5,+25.2,+13.6,+13.4,+13.3,+12.6,+12.3,+12.1
2024-06-29 15:53,1,+21.6,+20.6,+25.2,+13.6,+13.4,+13.1,+12.5,+12.3,+12.1
2024-06-29 16:53,1,+21.5,+20.6,+25.1,+13.6,+13.3,+13.1,+12.5,+12.3,+12.0
2024-06-29 17:53,1,+21.5,+20.5,+25.1,+13.6,+13.3,+13.1,+12.5,+12.3,+12.0
2024-06-29 18:53,1,+21.4,+20.5,+25.1,+13.6,+13.3,+13.1,+12.5,+12.3,+12.1
2024-06-29 19:53,1,+21.3,+20.5,+25.1,+13.5,+13.3,+13.1,+12.5,+12.3,+12.1
2024-06-29 20:53,1,+21.3,+20.5,+25.1,+13.5,+13.3,+13.1,+12.6,+12.3,+12.1
2024-06-29 21:53,1,+21.2,+20.5,+25.1,+13.4,+13.3,+13.1,+12.5,+12.3,+12.1
2024-06-29 22:53,1,+21.2,+20.5,+25.1,+13.1,+13.3,+13.1,+12.5,+12.3,+12.0
2024-06-29 23:53,1,+21.2,+20.5,+25.1,+13.0,+13.1,+13.1,+12.5,+12.3,+12.0
2024-06-30 00:53,1,+21.3,+20.5,+25.0,+12.9,+13.1,+13.1,+12.5,+12.3,+12.1
2024-06-30 01:53,1,+21.3,+20.5,+25.0,+12.6,+13.0,+13.1,+12.5,+12.3,+12.0
2024-06-30 02:53,1,+21.3,+20.5,+25.0,+12.5,+12.9,+13.0,+12.5,+12.3,+12.0
2024-06-30 03:53,1,+21.1,+20.5,+25.0,+12.4,+12.8,+13.0,+12.4,+12.3,+12.0
2024-06-30 04:53,1,+21.1,+20.5,+24.9,+12.1,+12.8,+12.9,+12.5,+12.3,+12.0
2024-06-30 05:53,1,+21.1,+20.5,+24.9,+12.0,+12.6,+12.9,+12.4,+12.1,+12.0
2024-06-30 06:53,1,+21.1,+20.5,+24.9,+11.9,+12.5,+12.8,+12.4,+12.1,+12.0
2024-06-30 07:53,1,+21.2,+20.5,+24.9,+11.9,+12.5,+12.8,+12.4,+12.1,+12.0
2024-06-30 08:53,1,+21.2,+20.5,+24.9,+11.9,+12.4,+12.6,+12.3,+12.1,+12.0
2024-06-30 09:53,1,+21.0,+20.5,+24.9,+12.0,+12.3,+12.6,+12.3,+12.1,+12.0
2024-06-30 10:53,1,+21.0,+20.5,+24.9,+12.1,+12.3,+12.5,+12.3,+12.0,+11.9
2024-06-30 11:53,1,+20.9,+20.5,+24.9,+12.3,+12.4,+12.5,+12.1,+12.0,+11.9
2024-06-30 12:53,1,+20.8,+20.5,+24.9,+12.9,+12.4,+12.5,+12.1,+12.0,+11.9
2024-06-30 13:53,1,+20.7,+20.4,+24.9,+13.1,+12.4,+12.5,+12.1,+12.0,+12.0
2024-06-30 14:53,1,+20.7,+20.4,+24.9,+13.3,+12.5,+12.5,+12.1,+12.0,+11.9
2024-06-30 15:53,1,+20.6,+20.4,+24.9,+13.4,+12.6,+12.5,+12.0,+12.0,+11.9
2024-06-30 16:53,1,+20.5,+20.4,+24.9,+13.5,+12.8,+12.6,+12.1,+11.9,+11.9
2024-06-30 17:53,1,+20.4,+20.4,+24.9,+13.5,+12.8,+12.6,+12.0,+11.9,+11.9
2024-06-30 18:53,1,+20.4,+20.4,+24.8,+13.5,+12.8,+12.6,+12.1,+12.0,+11.9
2024-06-30 19:53,1,+20.3,+20.4,+24.8,+13.6,+12.9,+12.6,+12.1,+11.9,+11.8
2024-06-30 20:53,1,+20.3,+20.4,+24.8,+13.5,+13.0,+12.6,+12.1,+11.9,+11.8
2024-06-30 21:53,1,+20.3,+20.4,+24.8,+13.5,+12.9,+12.8,+12.1,+11.9,+11.8
2024-06-30 22:53,1,+20.3,+20.4,+24.8,+13.3,+13.0,+12.8,+12.1,+11.9,+11.8
2024-06-30 23:53,1,+20.3,+20.4,+24.8,+13.1,+13.0,+12.8,+12.1,+11.9,+11.9
2024-07-01 00:53,1,+20.3,+20.4,+24.8,+12.9,+12.9,+12.8,+12.1,+11.9,+11.8
2024-07-01 01:53,1,+20.3,+20.4,+24.8,+12.9,+12.9,+12.8,+12.1,+12.0,+11.8
2024-07-01 02:53,1,+20.3,+20.4,+24.8,+12.8,+12.8,+12.8,+12.1,+12.0,+11.8
2024-07-01 03:53,1,+20.3,+20.4,+24.8,+12.6,+12.8,+12.8,+12.1,+11.9,+11.8
2024-07-01 04:53,1,+20.3,+20.4,+24.8,+12.5,+12.6,+12.6,+12.1,+11.9,+11.8
2024-07-01 05:53,1,+20.3,+20.4,+24.8,+12.4,+12.6,+12.6,+12.1,+11.9,+11.8
2024-07-01 06:53,1,+20.3,+20.4,+24.8,+12.4,+12.5,+12.6,+12.1,+11.9,+11.8
2024-07-01 07:53,1,+20.3,+20.4,+24.8,+12.4,+12.5,+12.6,+12.1,+11.9,+11.8
2024-07-01 08:53,1,+20.2,+20.4,+24.8,+12.4,+12.5,+12.5,+12.1,+11.9,+11.9
2024-07-01 09:53,1,+20.2,+20.4,+24.8,+12.5,+12.5,+12.6,+12.1,+11.9,+11.8
2024-07-01 10:53,1,+20.1,+20.3,+24.8,+12.6,+12.4,+12.5,+12.1,+11.9,+11.8
2024-07-01 11:53,1,+20.1,+20.3,+24.8,+12.8,+12.5,+12.5,+12.0,+11.9,+11.8
2024-07-01 12:53,1,+20.0,+20.3,+24.8,+13.1,+12.5,+12.5,+12.0,+11.9,+11.8
2024-07-01 13:53,1,+19.9,+20.3,+24.9,+13.5,+12.6,+12.5,+12.0,+11.9,+11.8
2024-07-01 14:53,1,+19.9,+20.3,+24.8,+13.6,+12.8,+12.5,+12.0,+11.9,+11.8
2024-07-01 15:53,1,+19.9,+20.3,+24.8,+13.8,+12.9,+12.5,+12.0,+11.9,+11.8
2024-07-01 16:53,1,+19.9,+20.3,+24.8,+13.8,+12.9,+12.6,+12.0,+11.8,+11.8
2024-07-01 17:53,1,+19.9,+20.3,+24.8,+13.8,+13.0,+12.6,+12.0,+11.9,+11.8
2024-07-01 18:53,1,+19.9,+20.3,+24.8,+13.6,+13.0,+12.6,+12.0,+11.8,+11.8
2024-07-01 19:53,1,+20.0,+20.3,+24.8,+13.6,+13.0,+12.8,+12.0,+11.9,+11.8
2024-07-01 20:53,1,+19.9,+20.3,+24.8,+13.5,+13.0,+12.8,+12.1,+11.9,+11.8
2024-07-01 21:53,1,+20.0,+20.3,+24.8,+13.5,+13.0,+12.8,+12.1,+11.9,+11.8
2024-07-01 22:53,1,+19.9,+20.3,+24.8,+13.5,+13.0,+12.8,+12.1,+11.9,+11.8
2024-07-01 23:53,1,+19.9,+20.3,+24.8,+13.4,+13.0,+12.8,+12.1,+11.9,+11.8
2024-07-02 00:53,1,+19.8,+20.3,+24.8,+13.5,+13.0,+12.8,+12.1,+11.9,+11.8
2024-07-02 01:53,1,+19.8,+20.3,+24.9,+13.4,+12.9,+12.8,+12.1,+11.9,+11.8
2024-07-02 02:53,1,+19.8,+20.3,+24.9,+13.3,+13.0,+12.8,+12.1,+11.9,+11.8
2024-07-02 03:53,1,+19.9,+20.3,+24.9,+13.3,+13.0,+12.9,+12.1,+11.9,+11.8
2024-07-02 04:53,1,+20.0,+20.3,+24.9,+13.1,+13.0,+12.8,+12.1,+11.9,+11.8
2024-07-02 05:53,1,+20.0,+20.3,+24.9,+13.0,+12.9,+12.8,+12.1,+11.9,+11.8
2024-07-02 06:53,1,+20.1,+20.3,+24.9,+13.0,+12.9,+12.8,+12.1,+11.9,+11.8
2024-07-02 07:53,1,+20.1,+20.3,+24.9,+12.9,+12.9,+12.8,+12.1,+11.9,+11.8
2024-07-02 08:53,1,+20.1,+20.3,+24.9,+12.9,+12.9,+12.8,+12.1,+11.9,+11.8
2024-07-02 09:53,1,+20.1,+20.3,+24.9,+13.0,+12.8,+12.8,+12.1,+11.9,+11.8
2024-07-02 10:53,1,+20.1,+20.3,+24.9,+13.0,+12.8,+12.8,+12.1,+11.9,+11.8
2024-07-02 11:53,1,+20.1,+20.3,+24.9,+13.1,+12.8,+12.8,+12.1,+11.9,+11.8
2024-07-02 12:53,1,+20.1,+20.3,+24.9,+13.4,+12.8,+12.8,+12.1,+11.9,+11.8
2024-07-02 13:53,1,+20.1,+20.3,+24.9,+13.6,+12.9,+12.6,+12.1,+11.9,+11.8
2024-07-02 14:53,1,+20.1,+20.3,+24.9,+13.9,+12.9,+12.8,+12.1,+11.9,+11.8
2024-07-02 15:53,1,+20.1,+20.3,+24.9,+14.0,+13.0,+12.8,+12.1,+11.9,+11.8
2024-07-02 16:53,1,+20.1,+20.3,+24.9,+14.3,+13.1,+12.8,+12.1,+11.9,+11.8
2024-07-02 17:53,1,+20.1,+20.3,+24.9,+14.4,+13.3,+12.9,+12.1,+11.9,+11.8
2024-07-02 18:53,1,+20.1,+20.3,+24.9,+14.5,+13.4,+12.9,+12.3,+11.9,+11.8
2024-07-02 19:53,1,+20.1,+20.3,+24.9,+14.5,+13.5,+13.0,+12.3,+11.9,+11.8
2024-07-02 20:53,1,+20.1,+20.3,+24.9,+14.5,+13.5,+13.0,+12.3,+11.9,+11.8
2024-07-02 21:53,1,+20.1,+20.3,+24.9,+14.5,+13.6,+13.0,+12.3,+11.9,+11.8
2024-07-02 22:53,1,+20.1,+20.3,+24.9,+14.4,+13.6,+13.0,+12.3,+12.0,+11.8
2024-07-02 23:53,1,+20.1,+20.3,+24.9,+14.4,+13.6,+13.1,+12.3,+11.9,+11.8
2024-07-03 00:53,1,+20.1,+20.3,+24.9,+14.4,+13.6,+13.3,+12.4,+12.0,+11.9
2024-07-03 01:53,1,+20.1,+20.3,+24.9,+14.3,+13.6,+13.3,+12.4,+12.0,+11.9
2024-07-03 02:53,1,+20.1,+20.3,+24.9,+14.1,+13.6,+13.3,+12.4,+12.0,+11.9
2024-07-03 03:53,1,+20.1,+20.3,+24.9,+14.0,+13.6,+13.3,+12.5,+12.0,+11.9
2024-07-03 04:53,1,+20.1,+20.3,+25.0,+14.0,+13.6,+13.3,+12.4,+12.0,+11.9
2024-07-03 05:53,1,+20.1,+20.3,+25.0,+13.9,+13.6,+13.3,+12.4,+12.1,+11.9
2024-07-03 06:53,1,+20.1,+20.4,+25.0,+13.9,+13.5,+13.3,+12.4,+12.1,+11.9
2024-07-03 07:53,1,+20.1,+20.3,+25.0,+13.9,+13.5,+13.3,+12.5,+12.1,+11.9
2024-07-03 08:53,1,+20.1,+20.3,+24.9,+13.9,+13.4,+13.1,+12.5,+12.1,+11.9
2024-07-03 09:53,1,+20.1,+20.3,+25.0,+13.9,+13.5,+13.1,+12.5,+12.1,+11.9
2024-07-03 10:53,1,+20.0,+20.3,+25.0,+14.0,+13.5,+13.1,+12.5,+12.1,+11.9
2024-07-03 11:53,1,+20.0,+20.3,+25.0,+14.3,+13.5,+13.3,+12.5,+12.1,+12.0
2024-07-03 12:53,1,+19.9,+20.3,+25.1,+14.6,+13.5,+13.3,+12.5,+12.1,+12.0
2024-07-03 13:53,1,+19.9,+20.3,+25.0,+14.9,+13.6,+13.3,+12.5,+12.1,+12.0
2024-07-03 14:53,1,+19.9,+20.3,+25.0,+14.9,+13.6,+13.3,+12.5,+12.1,+12.0
2024-07-03 15:53,1,+19.8,+20.3,+24.9,+14.9,+13.8,+13.3,+12.5,+12.1,+12.0
2024-07-03 16:53,1,+19.8,+20.3,+25.0,+15.0,+13.9,+13.3,+12.5,+12.1,+12.0
2024-07-03 17:53,1,+19.7,+20.2,+25.0,+15.0,+13.9,+13.4,+12.5,+12.1,+12.0
2024-07-03 18:53,1,+19.7,+20.2,+24.9,+15.0,+14.0,+13.5,+12.5,+12.1,+12.0
2024-07-03 19:53,1,+19.7,+20.2,+24.9,+14.9,+14.0,+13.4,+12.6,+12.3,+12.0
2024-07-03 20:53,1,+19.7,+20.2,+24.9,+14.9,+14.0,+13.5,+12.6,+12.3,+12.0
2024-07-03 21:53,1,+19.7,+20.2,+24.9,+14.8,+14.0,+13.5,+12.6,+12.3,+12.0
2024-07-03 22:53,1,+19.7,+20.2,+24.9,+14.5,+14.0,+13.5,+12.8,+12.3,+12.0
2024-07-03 23:53,1,+19.7,+20.2,+24.9,+14.4,+14.0,+13.6,+12.8,+12.3,+12.0
2024-07-04 00:53,1,+19.7,+20.3,+24.9,+14.3,+13.9,+13.5,+12.6,+12.3,+12.0
2024-07-04 01:53,1,+19.7,+20.3,+24.9,+14.1,+13.9,+13.5,+12.8,+12.3,+12.1
2024-07-04 02:53,1,+19.7,+20.3,+25.0,+13.9,+13.8,+13.6,+12.8,+12.3,+12.1
2024-07-04 03:53,1,+19.7,+20.3,+24.9,+13.8,+13.8,+13.5,+12.8,+12.4,+12.1
2024-07-04 04:53,1,+19.7,+20.2,+25.0,+13.6,+13.6,+13.5,+12.8,+12.4,+12.1
2024-07-04 05:53,1,+19.7,+20.3,+25.0,+13.5,+13.6,+13.5,+12.8,+12.4,+12.3
2024-07-04 06:53,1,+19.7,+20.3,+25.0,+13.4,+13.5,+13.5,+12.8,+12.4,+12.1
2024-07-04 07:53,1,+19.6,+20.2,+25.0,+13.4,+13.4,+13.4,+12.8,+12.4,+12.3
2024-07-04 08:53,1,+19.6,+20.2,+25.0,+13.4,+13.4,+13.4,+12.8,+12.4,+12.3
2024-07-04 09:53,1,+19.6,+20.2,+25.0,+13.5,+13.4,+13.4,+12.8,+12.4,+12.1
2024-07-04 10:53,1,+19.5,+20.2,+25.0,+13.6,+13.4,+13.3,+12.6,+12.4,+12.3
2024-07-04 11:53,1,+19.5,+20.2,+25.0,+13.9,+13.4,+13.3,+12.6,+12.4,+12.3
2024-07-04 12:53,1,+19.5,+20.2,+25.0,+14.5,+13.4,+13.3,+12.6,+12.4,+12.3
2024-07-04 13:53,1,+19.5,+20.2,+25.0,+14.8,+13.5,+13.3,+12.6,+12.4,+12.1
2024-07-04 14:53,1,+19.4,+20.2,+25.0,+14.9,+13.6,+13.3,+12.6,+12.4,+12.3
2024-07-04 15:53,1,+19.4,+20.2,+25.0,+15.0,+13.8,+13.4,+12.6,+12.4,+12.1
2024-07-04 16:53,1,+19.3,+20.2,+25.0,+15.0,+13.9,+13.4,+12.6,+12.4,+12.1
2024-07-04 17:53,1,+19.3,+20.1,+25.0,+15.0,+13.9,+13.4,+12.6,+12.3,+12.1
2024-07-04 18:53,1,+19.3,+20.1,+25.0,+15.1,+14.0,+13.5,+12.6,+12.4,+12.1
2024-07-04 19:53,1,+19.3,+20.1,+25.0,+15.0,+14.0,+13.5,+12.8,+12.4,+12.1
2024-07-04 20:53,1,+19.3,+20.1,+24.9,+15.0,+14.1,+13.5,+12.6,+12.4,+12.1
2024-07-04 21:53,1,+19.3,+20.1,+25.0,+15.0,+14.1,+13.6,+12.8,+12.4,+12.3
2024-07-04 22:53,1,+19.3,+20.2,+25.0,+14.8,+14.1,+13.6,+12.8,+12.4,+12.3
2024-07-04 23:53,1,+19.3,+20.2,+25.0,+14.6,+14.0,+13.8,+12.8,+12.4,+12.3
2024-07-05 00:53,1,+19.3,+20.1,+25.0,+14.6,+14.1,+13.6,+12.9,+12.4,+12.3
2024-07-05 01:53,1,+19.3,+20.2,+25.0,+14.4,+14.0,+13.6,+12.9,+12.4,+12.3
2024-07-05 02:53,1,+19.3,+20.2,+25.0,+14.3,+14.0,+13.6,+12.9,+12.5,+12.3
2024-07-05 03:53,1,+19.3,+20.1,+25.0,+14.1,+13.9,+13.6,+12.8,+12.5,+12.3
2024-07-05 04:53,1,+19.3,+20.2,+25.0,+14.0,+13.9,+13.6,+12.9,+12.5,+12.3
2024-07-05 05:53,1,+19.3,+20.1,+25.0,+13.9,+13.9,+13.6,+12.9,+12.5,+12.3
2024-07-05 06:53,1,+19.3,+20.1,+25.0,+13.8,+13.8,+13.6,+12.9,+12.5,+12.4
2024-07-05 07:53,1,+19.3,+20.1,+25.0,+13.8,+13.6,+13.6,+12.9,+12.5,+12.3
2024-07-05 08:53,1,+19.2,+20.1,+25.0,+13.8,+13.6,+13.5,+12.9,+12.5,+12.4
2024-07-05 09:53,1,+19.2,+20.1,+25.0,+13.9,+13.6,+13.6,+12.9,+12.5,+12.4
2024-07-05 10:53,1,+19.1,+20.1,+25.0,+13.9,+13.5,+13.5,+12.9,+12.5,+12.3
2024-07-05 11:53,1,+19.1,+20.0,+25.0,+14.1,+13.6,+13.5,+12.9,+12.5,+12.4
2024-07-05 12:53,1,+19.1,+20.0,+25.0,+14.8,+13.6,+13.4,+12.9,+12.5,+12.3
2024-07-05 13:53,1,+19.0,+20.0,+25.0,+15.0,+13.8,+13.4,+12.8,+12.5,+12.4
2024-07-05 14:53,1,+19.0,+20.0,+25.0,+15.1,+13.9,+13.5,+12.8,+12.5,+12.4
2024-07-05 15:53,1,+19.0,+20.0,+25.0,+15.3,+14.0,+13.5,+12.8,+12.5,+12.4
2024-07-05 16:53,1,+18.9,+19.9,+25.0,+15.3,+14.0,+13.5,+12.8,+12.5,+12.3
2024-07-05 17:53,1,+18.9,+19.9,+25.0,+15.1,+14.1,+13.6,+12.9,+12.5,+12.4
2024-07-05 18:53,1,+18.9,+19.9,+25.0,+15.1,+14.1,+13.6,+12.9,+12.5,+12.3
2024-07-05 19:53,1,+18.9,+19.9,+25.0,+15.1,+14.1,+13.6,+12.9,+12.5,+12.4
2024-07-05 20:53,1,+18.9,+19.9,+25.0,+15.0,+14.1,+13.8,+12.9,+12.5,+12.3
2024-07-05 21:53,1,+18.9,+19.9,+25.0,+14.9,+14.3,+13.8,+12.9,+12.5,+12.4
2024-07-05 22:53,1,+18.9,+19.9,+25.0,+14.8,+14.3,+13.8,+13.0,+12.5,+12.3
2024-07-05 23:53,1,+18.9,+19.9,+25.0,+14.6,+14.1,+13.8,+12.9,+12.5,+12.4
2024-07-06 00:53,1,+18.9,+19.9,+25.0,+14.5,+14.1,+13.8,+13.0,+12.6,+12.4
2024-07-06 01:53,1,+18.9,+19.9,+25.0,+14.3,+14.1,+13.8,+13.0,+12.6,+12.4
2024-07-06 02:53,1,+18.9,+19.9,+25.0,+14.1,+14.0,+13.8,+13.0,+12.6,+12.4
2024-07-06 03:53,1,+18.9,+19.9,+25.0,+14.1,+13.9,+13.8,+13.0,+12.6,+12.4
2024-07-06 04:53,1,+18.9,+19.9,+25.0,+14.0,+13.9,+13.6,+13.0,+12.6,+12.4
2024-07-06 05:53,1,+18.9,+19.9,+25.0,+13.9,+13.9,+13.8,+13.0,+12.6,+12.4
2024-07-06 06:53,1,+18.9,+19.9,+25.0,+13.8,+13.8,+13.6,+13.0,+12.6,+12.5
2024-07-06 07:53,1,+18.9,+19.8,+25.0,+13.8,+13.6,+13.6,+12.9,+12.6,+12.5
2024-07-06 08:53,1,+18.9,+19.8,+25.0,+13.9,+13.6,+13.6,+13.0,+12.6,+12.5
2024-07-06 09:53,1,+18.9,+19.8,+25.0,+13.9,+13.6,+13.6,+12.9,+12.6,+12.4
2024-07-06 10:53,1,+18.8,+19.8,+25.0,+14.1,+13.6,+13.5,+13.0,+12.6,+12.4
2024-07-06 11:53,1,+18.8,+19.8,+25.0,+14.3,+13.6,+13.5,+12.9,+12.5,+12.4
2024-07-06 12:53,1,+18.7,+19.8,+25.0,+14.4,+13.8,+13.5,+12.9,+12.6,+12.4
2024-07-06 13:53,1,+18.7,+19.8,+25.0,+14.4,+13.8,+13.5,+12.9,+12.6,+12.4
2024-07-06 14:53,1,+18.7,+19.8,+25.0,+14.4,+13.9,+13.5,+12.9,+12.6,+12.5
2024-07-06 15:53,1,+18.7,+19.8,+25.0,+14.6,+13.9,+13.6,+12.9,+12.6,+12.4
2024-07-06 16:53,1,+18.7,+19.8,+25.0,+14.8,+13.9,+13.6,+12.9,+12.6,+12.4
2024-07-06 17:53,1,+18.7,+19.7,+25.0,+14.8,+14.0,+13.6,+12.9,+12.6,+12.4
2024-07-06 18:53,1,+18.7,+19.7,+25.0,+14.9,+14.0,+13.6,+12.9,+12.5,+12.4
2024-07-06 19:53,1,+18.7,+19.7,+25.0,+14.9,+14.1,+13.6,+12.9,+12.6,+12.4
2024-07-06 20:53,1,+18.6,+19.7,+25.0,+14.9,+14.1,+13.6,+12.9,+12.5,+12.4
2024-07-06 21:53,1,+18.6,+19.7,+25.0,+14.8,+14.1,+13.8,+12.9,+12.6,+12.4
2024-07-06 22:53,1,+18.6,+19.7,+25.0,+14.6,+14.0,+13.8,+12.9,+12.6,+12.5
2024-07-06 23:53,1,+18.6,+19.7,+25.0,+14.6,+14.1,+13.8,+13.0,+12.6,+12.5
2024-07-07 00:53,1,+18.6,+19.7,+25.0,+14.5,+14.0,+13.8,+13.0,+12.6,+12.4
2024-07-07 01:53,1,+18.6,+19.7,+25.0,+14.4,+14.0,+13.8,+13.0,+12.6,+12.5
2024-07-07 02:53,1,+18.6,+19.7,+25.1,+14.4,+14.0,+13.8,+13.0,+12.6,+12.5
2024-07-07 03:53,1,+18.6,+19.7,+25.1,+14.3,+13.9,+13.8,+13.0,+12.6,+12.4
2024-07-07 04:53,1,+18.6,+19.7,+25.0,+14.3,+14.0,+13.8,+13.0,+12.6,+12.5
2024-07-07 05:53,1,+18.6,+19.7,+25.1,+14.3,+13.9,+13.8,+13.0,+12.6,+12.5
2024-07-07 06:53,1,+18.6,+19.7,+25.0,+14.3,+13.9,+13.6,+13.0,+12.6,+12.5
2024-07-07 07:53,1,+18.5,+19.7,+25.0,+14.3,+13.9,+13.8,+13.0,+12.6,+12.5
2024-07-07 08:53,1,+18.5,+19.7,+25.1,+14.1,+13.9,+13.6,+13.0,+12.6,+12.5
2024-07-07 09:53,1,+18.5,+19.7,+25.1,+14.3,+13.9,+13.6,+13.0,+12.6,+12.5
2024-07-07 10:53,1,+18.5,+19.7,+25.0,+14.3,+13.9,+13.6,+13.0,+12.6,+12.5
2024-07-07 11:53,1,+18.5,+19.7,+25.0,+14.4,+13.9,+13.6,+13.0,+12.6,+12.5
2024-07-07 12:53,1,+18.5,+19.7,+25.0,+14.6,+13.9,+13.6,+13.0,+12.6,+12.5
2024-07-07 13:53,1,+18.5,+19.7,+25.0,+14.8,+14.0,+13.6,+13.0,+12.6,+12.5
2024-07-07 14:53,1,+18.4,+19.7,+25.1,+14.9,+14.0,+13.6,+13.0,+12.6,+12.4
2024-07-07 15:53,1,+18.4,+19.7,+25.1,+15.0,+14.1,+13.6,+13.0,+12.6,+12.5
2024-07-07 16:53,1,+18.4,+19.6,+25.0,+15.1,+14.1,+13.8,+13.0,+12.8,+12.5
2024-07-07 17:53,1,+18.3,+19.6,+25.0,+15.0,+14.3,+13.8,+13.0,+12.6,+12.5
2024-07-07 18:53,1,+18.3,+19.6,+25.0,+15.0,+14.3,+13.8,+13.0,+12.6,+12.5
2024-07-07 19:53,1,+18.4,+19.6,+25.1,+15.0,+14.3,+13.8,+13.0,+12.6,+12.5
2024-07-07 20:53,1,+18.4,+19.6,+25.0,+15.0,+14.3,+13.9,+13.1,+12.6,+12.5
2024-07-07 21:53,1,+18.4,+19.6,+25.0,+14.9,+14.3,+13.9,+13.0,+12.6,+12.5
2024-07-07 22:53,1,+18.4,+19.6,+25.0,+14.8,+14.3,+13.9,+13.1,+12.6,+12.5
2024-07-07 23:53,1,+18.4,+19.6,+25.0,+14.6,+14.3,+13.9,+13.0,+12.6,+12.5
2024-07-08 00:53,1,+18.4,+19.6,+25.0,+14.5,+14.3,+13.9,+13.1,+12.8,+12.5
2024-07-08 01:53,1,+18.4,+19.6,+25.1,+14.5,+14.1,+13.9,+13.1,+12.8,+12.5
2024-07-08 02:53,1,+18.3,+19.6,+25.1,+14.3,+14.1,+13.9,+13.1,+12.8,+12.5
2024-07-08 03:53,1,+18.1,+19.6,+25.1,+14.1,+14.0,+13.9,+13.1,+12.8,+12.6
2024-07-08 04:53,1,+18.2,+19.6,+25.1,+14.1,+14.0,+13.9,+13.1,+12.8,+12.5
2024-07-08 05:53,1,+18.2,+19.6,+25.1,+14.0,+13.9,+13.9,+13.1,+12.8,+12.6
2024-07-08 06:53,1,+18.1,+19.5,+25.1,+14.0,+13.9,+13.8,+13.1,+12.8,+12.6
2024-07-08 07:53,1,+18.2,+19.5,+25.1,+13.9,+13.9,+13.8,+13.1,+12.8,+12.6
2024-07-08 08:53,1,+18.2,+19.5,+25.1,+14.0,+13.8,+13.8,+13.1,+12.8,+12.6
2024-07-08 09:53,1,+18.1,+19.5,+25.1,+14.1,+13.8,+13.8,+13.0,+12.8,+12.6
2024-07-08 10:53,1,+18.1,+19.5,+25.1,+14.3,+13.8,+13.6,+13.0,+12.8,+12.6
2024-07-08 11:53,1,+18.1,+19.5,+25.1,+14.4,+13.9,+13.6,+13.0,+12.8,+12.6
2024-07-08 12:53,1,+18.1,+19.5,+25.1,+15.0,+13.9,+13.6,+13.0,+12.8,+12.6
2024-07-08 13:53,1,+18.0,+19.5,+25.1,+15.4,+14.0,+13.6,+13.0,+12.8,+12.6
2024-07-08 14:53,1,+18.0,+19.4,+25.1,+15.5,+14.1,+13.6,+13.0,+12.8,+12.6
2024-07-08 15:53,1,+17.9,+19.4,+25.1,+15.6,+14.3,+13.8,+13.0,+12.8,+12.5
2024-07-08 16:53,1,+17.9,+19.4,+25.1,+15.8,+14.4,+13.9,+13.0,+12.6,+12.6
2024-07-08 17:53,1,+17.8,+19.4,+25.1,+15.8,+14.5,+13.9,+13.0,+12.8,+12.5
2024-07-08 18:53,1,+17.8,+19.4,+25.0,+15.8,+14.5,+14.0,+13.1,+12.8,+12.5
2024-07-08 19:53,1,+17.8,+19.3,+25.0,+15.6,+14.6,+14.0,+13.1,+12.8,+12.6
2024-07-08 20:53,1,+17.8,+19.3,+25.0,+15.5,+14.6,+14.0,+13.1,+12.8,+12.6
2024-07-08 21:53,1,+17.8,+19.3,+25.0,+15.5,+14.6,+14.1,+13.1,+12.9,+12.6
2024-07-08 22:53,1,+17.8,+19.3,+25.0,+15.4,+14.6,+14.1,+13.3,+12.8,+12.6
2024-07-08 23:53,1,+17.8,+19.3,+25.0,+15.3,+14.6,+14.1,+13.3,+12.9,+12.6
2024-07-09 00:53,1,+17.7,+19.3,+25.0,+15.1,+14.6,+14.1,+13.4,+12.9,+12.6
2024-07-09 01:53,1,+17.8,+19.3,+25.0,+14.9,+14.6,+14.1,+13.3,+12.9,+12.6
2024-07-09 02:53,1,+17.7,+19.3,+25.1,+14.9,+14.5,+14.1,+13.3,+12.9,+12.8
2024-07-09 03:53,1,+17.7,+19.3,+25.1,+14.8,+14.5,+14.1,+13.4,+12.9,+12.6
2024-07-09 04:53,1,+17.7,+19.3,+25.0,+14.6,+14.4,+14.1,+13.4,+12.9,+12.6
2024-07-09 05:53,1,+17.7,+19.3,+25.0,+14.5,+14.3,+14.1,+13.4,+12.9,+12.8
2024-07-09 06:53,1,+17.7,+19.3,+25.1,+14.4,+14.3,+14.0,+13.3,+12.9,+12.8
2024-07-09 07:53,1,+17.7,+19.3,+25.0,+14.4,+14.3,+14.0,+13.4,+12.9,+12.6
2024-07-09 08:53,1,+17.7,+19.3,+25.1,+14.4,+14.1,+14.0,+13.4,+12.9,+12.8
2024-07-09 09:53,1,+17.7,+19.3,+25.1,+14.6,+14.1,+14.0,+13.3,+12.9,+12.8
2024-07-09 10:53,1,+17.7,+19.2,+25.1,+14.8,+14.1,+14.0,+13.3,+13.0,+12.8
2024-07-09 11:53,1,+17.7,+19.2,+25.1,+14.9,+14.3,+14.0,+13.3,+12.9,+12.8
2024-07-09 12:53,1,+17.6,+19.2,+25.1,+15.6,+14.3,+14.0,+13.3,+12.9,+12.8
2024-07-09 13:53,1,+17.6,+19.2,+25.1,+16.0,+14.4,+14.0,+13.3,+13.0,+12.8
2024-07-09 14:53,1,+17.5,+19.1,+25.0,+16.1,+14.5,+14.1,+13.3,+13.0,+12.8
2024-07-09 15:53,1,+17.4,+19.1,+25.0,+16.1,+14.6,+14.1,+13.3,+12.9,+12.8
2024-07-09 16:53,1,+17.4,+19.0,+25.0,+16.3,+14.8,+14.1,+13.3,+13.0,+12.8
2024-07-09 17:53,1,+17.3,+19.0,+25.0,+16.3,+14.9,+14.1,+13.4,+13.0,+12.8
2024-07-09 18:53,1,+17.3,+19.0,+25.0,+16.3,+14.9,+14.3,+13.4,+13.0,+12.8
2024-07-09 19:53,1,+17.2,+19.0,+25.0,+16.3,+15.0,+14.3,+13.4,+13.0,+12.8
2024-07-09 20:53,1,+17.2,+19.0,+25.0,+16.1,+15.0,+14.4,+13.4,+13.0,+12.8
2024-07-09 21:53,1,+17.2,+19.0,+25.0,+16.0,+15.0,+14.4,+13.4,+13.0,+12.8
2024-07-09 22:53,1,+17.1,+19.0,+25.0,+16.0,+15.0,+14.5,+13.5,+13.0,+12.9
2024-07-09 23:53,1,+17.1,+19.0,+25.0,+15.8,+15.0,+14.5,+13.5,+13.0,+12.8
2024-07-10 00:53,1,+17.1,+18.9,+25.0,+15.6,+15.1,+14.5,+13.5,+13.0,+12.9
2024-07-10 01:53,1,+17.1,+19.0,+24.9,+15.6,+15.0,+14.5,+13.5,+13.1,+12.9
2024-07-10 02:53,1,+17.1,+18.9,+25.0,+15.4,+15.0,+14.5,+13.6,+13.1,+12.9
2024-07-10 03:53,1,+17.1,+19.0,+24.9,+15.3,+14.9,+14.5,+13.6,+13.1,+12.9
2024-07-10 04:53,1,+17.1,+18.9,+25.0,+15.1,+14.8,+14.5,+13.6,+13.1,+12.9
2024-07-10 05:53,1,+17.1,+18.9,+25.0,+15.0,+14.8,+14.5,+13.6,+13.1,+13.0
2024-07-10 06:53,1,+17.1,+18.9,+25.0,+14.9,+14.8,+14.4,+13.6,+13.1,+12.9
2024-07-10 07:53,1,+17.1,+18.9,+25.0,+14.9,+14.6,+14.4,+13.6,+13.1,+13.0
2024-07-10 08:53,1,+17.1,+18.9,+25.0,+14.9,+14.6,+14.4,+13.6,+13.1,+12.9
2024-07-10 09:53,1,+17.0,+18.9,+25.0,+15.0,+14.6,+14.4,+13.6,+13.1,+13.0
2024-07-10 10:53,1,+17.0,+18.9,+25.0,+15.1,+14.6,+14.3,+13.6,+13.1,+13.0
2024-07-10 11:53,1,+16.9,+18.9,+25.0,+15.4,+14.6,+14.3,+13.5,+13.1,+13.0
2024-07-10 12:53,1,+16.9,+18.8,+25.0,+16.3,+14.6,+14.4,+13.6,+13.1,+13.0
2024-07-10 13:53,1,+16.8,+18.8,+25.0,+16.5,+14.8,+14.4,+13.5,+13.1,+13.0
2024-07-10 14:53,1,+16.8,+18.8,+25.0,+16.6,+15.0,+14.4,+13.5,+13.1,+13.0
2024-07-10 15:53,1,+16.7,+18.7,+24.9,+16.6,+15.1,+14.4,+13.6,+13.1,+13.0
2024-07-10 16:53,1,+16.7,+18.7,+24.9,+16.6,+15.1,+14.5,+13.6,+13.1,+13.0
2024-07-10 17:53,1,+16.6,+18.7,+24.9,+16.6,+15.3,+14.5,+13.6,+13.3,+12.9
2024-07-10 18:53,1,+16.5,+18.7,+24.9,+16.6,+15.3,+14.6,+13.6,+13.3,+13.0
2024-07-10 19:53,1,+16.5,+18.6,+24.9,+16.6,+15.4,+14.6,+13.6,+13.1,+13.0
2024-07-10 20:53,1,+16.5,+18.6,+24.9,+16.5,+15.4,+14.8,+13.8,+13.3,+13.0
2024-07-10 21:53,1,+16.4,+18.6,+24.9,+16.4,+15.4,+14.8,+13.8,+13.3,+13.0
2024-07-10 22:53,1,+16.4,+18.6,+24.9,+16.3,+15.4,+14.8,+13.8,+13.3,+13.0
2024-07-10 23:53,1,+16.4,+18.6,+24.9,+16.0,+15.4,+14.8,+13.8,+13.3,+13.1
2024-07-11 00:53,1,+16.4,+18.6,+24.9,+15.9,+15.4,+14.8,+13.9,+13.3,+13.1
2024-07-11 01:53,1,+16.4,+18.6,+24.9,+15.9,+15.3,+14.9,+13.9,+13.4,+13.1
2024-07-11 02:53,1,+16.4,+18.6,+24.9,+15.8,+15.3,+14.8,+13.9,+13.4,+13.1
2024-07-11 03:53,1,+16.4,+18.6,+24.9,+15.6,+15.1,+14.8,+13.9,+13.4,+13.1
2024-07-11 04:53,1,+16.4,+18.6,+24.9,+15.5,+15.1,+14.8,+13.9,+13.4,+13.1
2024-07-11 05:53,1,+16.4,+18.6,+24.9,+15.3,+15.0,+14.8,+13.9,+13.4,+13.3
2024-07-11 06:53,1,+16.4,+18.6,+24.9,+15.3,+15.0,+14.8,+13.9,+13.4,+13.1
2024-07-11 07:53,1,+16.4,+18.6,+24.9,+15.1,+14.9,+14.8,+13.9,+13.4,+13.1
2024-07-11 08:53,1,+16.4,+18.6,+24.9,+15.1,+14.9,+14.6,+13.9,+13.4,+13.3
2024-07-11 09:53,1,+16.3,+18.5,+24.9,+15.3,+14.9,+14.6,+13.9,+13.4,+13.3
2024-07-11 10:53,1,+16.3,+18.5,+24.9,+15.4,+14.9,+14.6,+13.9,+13.4,+13.1
2024-07-11 11:53,1,+16.3,+18.5,+24.9,+15.6,+14.9,+14.6,+13.9,+13.4,+13.1
2024-07-11 12:53,1,+16.2,+18.5,+24.9,+16.4,+14.9,+14.6,+13.9,+13.4,+13.3
2024-07-11 13:53,1,+16.2,+18.4,+24.9,+16.8,+15.0,+14.6,+13.9,+13.4,+13.3
2024-07-11 14:53,1,+16.1,+18.4,+24.9,+16.9,+15.3,+14.6,+13.9,+13.4,+13.3
2024-07-11 15:53,1,+16.1,+18.4,+24.9,+17.0,+15.4,+14.6,+13.9,+13.4,+13.1
2024-07-11 16:53,1,+16.0,+18.3,+24.9,+17.1,+15.4,+14.8,+13.9,+13.4,+13.1
2024-07-11 17:53,1,+16.0,+18.3,+24.9,+17.1,+15.5,+14.8,+13.9,+13.4,+13.3
2024-07-11 18:53,1,+15.9,+18.3,+24.9,+17.1,+15.6,+14.9,+13.9,+13.4,+13.3
2024-07-11 19:53,1,+15.9,+18.3,+24.9,+17.1,+15.6,+14.9,+13.9,+13.4,+13.1
2024-07-11 20:53,1,+16.0,+18.3,+24.9,+17.1,+15.8,+15.0,+13.9,+13.5,+13.3
2024-07-11 21:53,1,+15.7,+18.3,+24.8,+16.9,+15.8,+15.0,+14.0,+13.5,+13.3
2024-07-11 22:53,1,+15.5,+18.2,+24.8,+16.8,+15.8,+15.0,+14.0,+13.5,+13.3
2024-07-11 23:53,1,+15.6,+18.3,+24.8,+16.6,+15.8,+15.0,+14.1,+13.5,+13.4
2024-07-12 00:53,1,+15.7,+18.3,+24.8,+16.5,+15.6,+15.1,+14.0,+13.5,+13.4
2024-07-12 01:53,1,+15.6,+18.2,+24.8,+16.3,+15.6,+15.1,+14.1,+13.5,+13.3
2024-07-12 02:53,1,+15.6,+18.2,+24.8,+16.1,+15.6,+15.1,+14.1,+13.6,+13.4
2024-07-12 03:53,1,+16.0,+18.2,+24.8,+16.0,+15.5,+15.1,+14.1,+13.6,+13.4
2024-07-12 04:53,1,+15.9,+18.2,+24.8,+15.9,+15.5,+15.1,+14.1,+13.6,+13.4
2024-07-12 05:53,1,+16.0,+18.2,+24.8,+15.8,+15.4,+15.0,+14.1,+13.6,+13.4
2024-07-12 06:53,1,+16.3,+18.2,+24.8,+15.6,+15.4,+15.0,+14.1,+13.6,+13.4
2024-07-12 07:53,1,+16.3,+18.2,+24.8,+15.6,+15.3,+15.0,+14.1,+13.6,+13.4
2024-07-12 08:53,1,+16.3,+18.2,+24.8,+15.8,+15.3,+15.0,+14.1,+13.6,+13.4
2024-07-12 09:53,1,+15.6,+18.2,+24.8,+15.9,+15.3,+15.0,+14.1,+13.6,+13.5
2024-07-12 10:53,1,+15.5,+18.2,+24.8,+16.0,+15.3,+14.9,+14.1,+13.6,+13.5
2024-07-12 11:53,1,+15.4,+18.1,+24.8,+16.3,+15.3,+15.0,+14.1,+13.8,+13.5
2024-07-12 12:53,1,+15.4,+18.1,+24.8,+16.9,+15.4,+14.9,+14.1,+13.6,+13.5
2024-07-12 13:53,1,+15.3,+18.1,+24.7,+17.1,+15.5,+15.0,+14.1,+13.8,+13.5
2024-07-12 14:53,1,+15.2,+18.1,+24.7,+17.3,+15.6,+15.0,+14.1,+13.6,+13.5
2024-07-12 15:53,1,+15.2,+18.0,+24.7,+17.3,+15.6,+15.0,+14.1,+13.6,+13.4
2024-07-12 16:53,1,+15.1,+18.0,+24.7,+17.4,+15.8,+15.1,+14.1,+13.6,+13.5
2024-07-12 17:53,1,+15.0,+18.0,+24.7,+17.4,+15.9,+15.1,+14.1,+13.6,+13.5
2024-07-12 18:53,1,+15.0,+18.0,+24.7,+17.4,+15.9,+15.1,+14.1,+13.6,+13.5
2024-07-12 19:53,1,+14.9,+17.9,+24.7,+17.4,+15.9,+15.3,+14.3,+13.8,+13.5
2024-07-12 20:53,1,+14.9,+17.9,+24.6,+17.3,+16.0,+15.3,+14.3,+13.8,+13.5
2024-07-12 21:53,1,+14.9,+17.9,+24.6,+17.1,+16.0,+15.3,+14.3,+13.8,+13.5
2024-07-12 22:53,1,+14.9,+17.9,+24.6,+17.0,+16.0,+15.3,+14.4,+13.8,+13.5
2024-07-12 23:53,1,+14.9,+17.9,+24.6,+16.8,+16.0,+15.4,+14.4,+13.8,+13.5
2024-07-13 00:53,1,+14.8,+17.9,+24.6,+16.6,+15.9,+15.4,+14.4,+13.8,+13.5
2024-07-13 01:53,1,+14.8,+17.9,+24.6,+16.5,+15.9,+15.4,+14.4,+13.9,+13.5
2024-07-13 02:53,1,+14.8,+17.9,+24.6,+16.3,+15.9,+15.4,+14.4,+13.9,+13.6
2024-07-13 03:53,1,+14.8,+17.9,+24.6,+16.3,+15.8,+15.4,+14.4,+13.9,+13.6
2024-07-13 04:53,1,+14.8,+17.9,+24.6,+16.3,+15.8,+15.3,+14.4,+13.9,+13.6
2024-07-13 05:53,1,+14.8,+17.9,+24.6,+16.1,+15.6,+15.3,+14.4,+13.9,+13.6
2024-07-13 06:53,1,+14.8,+17.9,+24.6,+16.1,+15.6,+15.3,+14.4,+13.9,+13.6
2024-07-13 07:53,1,+14.7,+17.9,+24.6,+16.1,+15.6,+15.3,+14.4,+13.9,+13.6
2024-07-13 08:53,1,+14.7,+17.8,+24.6,+16.3,+15.6,+15.3,+14.4,+13.9,+13.6
2024-07-13 09:53,1,+14.7,+17.8,+24.6,+16.4,+15.6,+15.3,+14.4,+13.9,+13.6
2024-07-13 10:53,1,+14.6,+17.8,+24.6,+16.6,+15.6,+15.3,+14.4,+13.9,+13.6
2024-07-13 11:53,1,+14.6,+17.8,+24.6,+16.8,+15.8,+15.3,+14.4,+13.9,+13.6
2024-07-13 12:53,1,+14.7,+17.8,+24.6,+16.9,+15.8,+15.3,+14.4,+13.9,+13.6
2024-07-13 13:53,1,+14.7,+17.8,+24.6,+16.8,+15.8,+15.3,+14.4,+13.9,+13.8
2024-07-13 14:53,1,+14.6,+17.8,+24.6,+16.8,+15.8,+15.3,+14.4,+14.0,+13.8
2024-07-13 15:53,1,+14.6,+17.8,+24.6,+17.0,+15.9,+15.3,+14.4,+13.9,+13.6
2024-07-13 16:53,1,+14.6,+17.8,+24.6,+17.1,+15.9,+15.4,+14.5,+13.9,+13.6
2024-07-13 17:53,1,+14.6,+17.8,+24.5,+17.3,+15.9,+15.4,+14.4,+13.9,+13.8
2024-07-13 18:53,1,+14.5,+17.7,+24.5,+17.4,+16.0,+15.4,+14.5,+13.9,+13.8
2024-07-13 19:53,1,+14.5,+17.7,+24.5,+17.4,+16.1,+15.4,+14.5,+13.9,+13.8
2024-07-13 20:53,1,+14.5,+17.7,+24.5,+17.4,+16.1,+15.5,+14.4,+14.0,+13.8
2024-07-13 21:53,1,+14.5,+17.7,+24.5,+17.4,+16.1,+15.5,+14.5,+14.0,+13.8
2024-07-13 22:53,1,+14.5,+17.7,+24.5,+17.1,+16.3,+15.5,+14.5,+14.0,+13.8
2024-07-13 23:53,1,+14.5,+17.7,+24.5,+17.0,+16.3,+15.5,+14.5,+14.0,+13.8
2024-07-14 00:53,1,+14.5,+17.7,+24.5,+16.9,+16.1,+15.5,+14.6,+14.0,+13.8
2024-07-14 01:53,1,+14.5,+17.7,+24.5,+16.8,+16.1,+15.6,+14.6,+14.0,+13.8
2024-07-14 02:53,1,+14.5,+17.7,+24.5,+16.6,+16.0,+15.5,+14.6,+14.0,+13.9
2024-07-14 03:53,1,+14.5,+17.7,+24.5,+16.5,+16.0,+15.6,+14.6,+14.0,+13.8
2024-07-14 04:53,1,+14.5,+17.7,+24.5,+16.5,+16.0,+15.6,+14.6,+14.1,+13.8
2024-07-14 05:53,1,+14.5,+17.7,+24.5,+16.4,+16.0,+15.5,+14.6,+14.1,+13.9
2024-07-14 06:53,1,+14.5,+17.7,+24.5,+16.3,+15.9,+15.6,+14.6,+14.1,+13.9
2024-07-14 07:53,1,+14.4,+17.7,+24.5,+16.3,+15.9,+15.5,+14.6,+14.1,+13.9
2024-07-14 08:53,1,+14.4,+17.7,+24.5,+16.3,+15.8,+15.5,+14.6,+14.1,+13.9
2024-07-14 09:53,1,+14.4,+17.7,+24.5,+16.3,+15.8,+15.5,+14.6,+14.1,+13.9
2024-07-14 10:53,1,+14.4,+17.7,+24.5,+16.5,+15.8,+15.4,+14.6,+14.1,+13.9
2024-07-14 11:53,1,+14.4,+17.7,+24.5,+16.6,+15.8,+15.5,+14.6,+14.1,+13.9
2024-07-14 12:53,1,+14.4,+17.6,+24.5,+17.1,+15.9,+15.4,+14.6,+14.1,+13.9
2024-07-14 13:53,1,+14.3,+17.6,+24.5,+17.5,+16.0,+15.4,+14.6,+14.1,+13.9
2024-07-14 14:53,1,+14.3,+17.6,+24.4,+17.6,+16.1,+15.5,+14.6,+14.1,+13.9
2024-07-14 15:53,1,+14.2,+17.6,+24.4,+17.6,+16.1,+15.5,+14.6,+14.1,+13.9
2024-07-14 16:53,1,+14.2,+17.6,+24.4,+17.8,+16.3,+15.5,+14.6,+14.1,+13.9
2024-07-14 17:53,1,+14.1,+17.5,+24.4,+17.8,+16.3,+15.6,+14.6,+14.1,+13.9
2024-07-14 18:53,1,+14.1,+17.5,+24.4,+17.6,+16.4,+15.6,+14.6,+14.1,+13.9
2024-07-14 19:53,1,+14.0,+17.5,+24.3,+17.6,+16.4,+15.6,+14.6,+14.1,+13.9
2024-07-14 20:53,1,+14.0,+17.5,+24.3,+17.5,+16.5,+15.6,+14.6,+14.1,+13.9
2024-07-14 21:53,1,+14.0,+17.5,+24.3,+17.4,+16.4,+15.8,+14.8,+14.3,+14.0
2024-07-14 22:53,1,+14.0,+17.5,+24.3,+17.1,+16.5,+15.8,+14.8,+14.1,+14.0
2024-07-14 23:53,1,+14.0,+17.5,+24.3,+17.0,+16.4,+15.9,+14.8,+14.3,+14.0
2024-07-15 00:53,1,+14.0,+17.5,+24.3,+16.8,+16.3,+15.8,+14.8,+14.3,+14.0
2024-07-15 01:53,1,+14.0,+17.5,+24.3,+16.6,+16.3,+15.8,+14.9,+14.3,+14.0
2024-07-15 02:53,1,+13.9,+17.5,+24.3,+16.5,+16.1,+15.8,+14.9,+14.3,+14.1
2024-07-15 03:53,1,+13.9,+17.5,+24.3,+16.3,+16.0,+15.8,+14.9,+14.3,+14.0
2024-07-15 04:53,1,+13.9,+17.5,+24.3,+16.3,+16.0,+15.6,+14.9,+14.3,+14.0
2024-07-15 05:53,1,+13.9,+17.5,+24.3,+16.1,+15.9,+15.8,+14.8,+14.3,+14.0
2024-07-15 06:53,1,+13.9,+17.5,+24.3,+16.0,+15.9,+15.6,+14.8,+14.3,+14.1
2024-07-15 07:53,1,+13.9,+17.4,+24.3,+16.0,+15.8,+15.6,+14.9,+14.3,+14.0
2024-07-15 08:53,1,+13.9,+17.5,+24.2,+16.0,+15.8,+15.6,+14.8,+14.3,+14.0
2024-07-15 09:53,1,+13.9,+17.4,+24.3,+16.1,+15.8,+15.5,+14.8,+14.3,+14.0
2024-07-15 10:53,1,+13.9,+17.4,+24.2,+16.3,+15.8,+15.5,+14.8,+14.4,+14.1
2024-07-15 11:53,1,+13.9,+17.4,+24.2,+16.4,+15.8,+15.5,+14.8,+14.4,+14.1
2024-07-15 12:53,1,+13.8,+17.4,+24.2,+16.8,+15.8,+15.5,+14.8,+14.3,+14.0
2024-07-15 13:53,1,+13.8,+17.4,+24.2,+17.0,+15.9,+15.5,+14.6,+14.3,+14.1
2024-07-15 14:53,1,+13.8,+17.4,+24.2,+17.0,+15.9,+15.5,+14.8,+14.3,+14.0
2024-07-15 15:53,1,+13.8,+17.4,+24.2,+17.1,+16.0,+15.5,+14.6,+14.3,+14.1
2024-07-15 16:53,1,+13.8,+17.3,+24.2,+17.3,+16.1,+15.5,+14.8,+14.3,+14.0
2024-07-15 17:53,1,+13.7,+17.3,+24.2,+17.1,+16.1,+15.6,+14.8,+14.3,+14.1
2024-07-15 18:53,1,+13.7,+17.3,+24.1,+17.3,+16.1,+15.6,+14.8,+14.3,+14.1
2024-07-15 19:53,1,+13.6,+17.3,+24.1,+17.1,+16.1,+15.6,+14.8,+14.3,+14.1
2024-07-15 20:53,1,+13.6,+17.3,+24.1,+17.0,+16.1,+15.6,+14.8,+14.3,+14.1
2024-07-15 21:53,1,+13.6,+17.3,+24.1,+16.9,+16.3,+15.6,+14.8,+14.3,+14.1
2024-07-15 22:53,1,+13.6,+17.3,+24.0,+16.5,+16.1,+15.8,+14.8,+14.3,+14.1
2024-07-15 23:53,1,+13.6,+17.3,+24.0,+16.4,+16.1,+15.8,+14.8,+14.3,+14.1
2024-07-16 00:53,1,+13.6,+17.3,+24.0,+16.1,+16.0,+15.6,+14.8,+14.4,+14.1
2024-07-16 01:53,1,+13.6,+17.3,+24.0,+16.0,+15.9,+15.6,+14.8,+14.3,+14.1
2024-07-16 02:53,1,+13.6,+17.3,+24.0,+15.9,+15.9,+15.6,+14.8,+14.4,+14.1
2024-07-16 03:53,1,+13.5,+17.3,+24.0,+15.9,+15.8,+15.5,+14.8,+14.4,+14.1
2024-07-16 04:53,1,+13.5,+17.2,+24.0,+15.8,+15.6,+15.5,+14.8,+14.4,+14.1
2024-07-16 05:53,1,+13.5,+17.2,+24.0,+15.6,+15.6,+15.5,+14.8,+14.4,+14.1
2024-07-16 06:53,1,+13.5,+17.2,+24.0,+15.5,+15.6,+15.5,+14.8,+14.4,+14.1
2024-07-16 07:53,1,+13.5,+17.2,+24.0,+15.5,+15.5,+15.4,+14.8,+14.4,+14.1
2024-07-16 08:53,1,+13.5,+17.2,+24.0,+15.4,+15.4,+15.4,+14.8,+14.3,+14.1
2024-07-16 09:53,1,+13.4,+17.2,+24.0,+15.4,+15.4,+15.4,+14.6,+14.3,+14.1
2024-07-16 10:53,1,+13.4,+17.1,+24.0,+15.4,+15.4,+15.3,+14.8,+14.3,+14.1
2024-07-16 11:53,1,+13.3,+17.1,+23.9,+15.5,+15.3,+15.3,+14.8,+14.3,+14.1
2024-07-16 12:53,1,+13.3,+17.1,+23.9,+15.9,+15.3,+15.3,+14.6,+14.3,+14.1
2024-07-16 13:53,1,+13.2,+17.0,+23.9,+16.0,+15.4,+15.1,+14.6,+14.3,+14.1
2024-07-16 14:53,1,+13.2,+17.0,+23.8,+16.0,+15.4,+15.3,+14.5,+14.3,+14.0
2024-07-16 15:53,1,+13.2,+17.0,+23.8,+16.1,+15.4,+15.3,+14.5,+14.3,+14.1
2024-07-16 16:53,1,+13.1,+17.0,+23.8,+16.0,+15.5,+15.3,+14.6,+14.3,+14.1
2024-07-16 17:53,1,+13.1,+17.0,+23.8,+15.9,+15.4,+15.1,+14.5,+14.1,+14.0
2024-07-16 18:53,1,+13.0,+17.0,+23.7,+15.9,+15.4,+15.1,+14.5,+14.1,+14.0
2024-07-16 19:53,1,+13.0,+16.9,+23.7,+15.8,+15.4,+15.1,+14.5,+14.3,+14.0
2024-07-16 20:53,1,+13.0,+16.9,+23.7,+15.6,+15.4,+15.1,+14.5,+14.3,+14.0
2024-07-16 21:53,1,+13.0,+16.9,+23.7,+15.5,+15.4,+15.1,+14.5,+14.1,+14.0
2024-07-16 22:53,1,+13.1,+16.9,+23.6,+15.3,+15.3,+15.1,+14.5,+14.1,+14.0
2024-07-16 23:53,1,+13.0,+16.9,+23.6,+15.1,+15.3,+15.1,+14.5,+14.1,+14.0
2024-07-17 00:53,1,+13.0,+16.9,+23.6,+15.0,+15.1,+15.1,+14.5,+14.1,+14.0
2024-07-17 01:53,1,+13.1,+16.9,+23.6,+14.8,+15.1,+15.1,+14.5,+14.1,+14.0
2024-07-17 02:53,1,+13.1,+16.8,+23.6,+14.6,+15.0,+15.0,+14.5,+14.1,+14.0
2024-07-17 03:53,1,+13.1,+16.8,+23.6,+14.5,+14.9,+15.0,+14.4,+14.1,+14.0
2024-07-17 04:53,1,+13.1,+16.8,+23.6,+14.4,+14.9,+14.9,+14.4,+14.1,+14.0
2024-07-17 05:53,1,+13.1,+16.8,+23.5,+14.3,+14.8,+14.9,+14.4,+14.1,+14.0
2024-07-17 06:53,1,+13.1,+16.8,+23.5,+14.1,+14.6,+14.8,+14.4,+14.1,+14.0
2024-07-17 07:53,1,+13.1,+16.8,+23.5,+14.0,+14.6,+14.8,+14.3,+14.1,+13.9
2024-07-17 08:53,1,+13.1,+16.8,+23.5,+14.0,+14.5,+14.8,+14.3,+14.0,+13.9
2024-07-17 09:53,1,+13.1,+16.7,+23.5,+14.0,+14.4,+14.6,+14.3,+14.0,+13.9
2024-07-17 10:53,1,+13.0,+16.7,+23.5,+14.3,+14.4,+14.6,+14.3,+14.0,+13.9
2024-07-17 11:53,1,+13.1,+16.7,+23.5,+14.3,+14.4,+14.6,+14.3,+14.0,+13.9
2024-07-17 12:53,1,+13.0,+16.7,+23.5,+14.8,+14.4,+14.5,+14.1,+14.0,+13.9
2024-07-17 13:53,1,+13.0,+16.7,+23.4,+14.9,+14.5,+14.6,+14.1,+14.0,+13.8
2024-07-17 14:53,1,+13.0,+16.7,+23.4,+15.1,+14.5,+14.5,+14.1,+13.9,+13.8
2024-07-17 15:53,1,+12.9,+16.6,+23.3,+15.1,+14.6,+14.5,+14.0,+13.9,+13.9
2024-07-17 16:53,1,+12.9,+16.6,+23.3,+15.1,+14.6,+14.5,+14.0,+13.9,+13.8
2024-07-17 17:53,1,+12.9,+16.6,+23.3,+15.3,+14.8,+14.5,+14.0,+13.8,+13.8
2024-07-17 18:53,1,+12.8,+16.6,+23.3,+15.3,+14.8,+14.5,+14.0,+13.9,+13.8
2024-07-17 19:53,1,+12.8,+16.5,+23.3,+15.3,+14.8,+14.5,+14.0,+13.9,+13.6
2024-07-17 20:53,1,+12.9,+16.6,+23.2,+15.3,+14.8,+14.6,+14.0,+13.9,+13.8
2024-07-17 21:53,1,+12.9,+16.5,+23.2,+15.0,+14.8,+14.6,+14.0,+13.8,+13.8
2024-07-17 22:53,1,+12.9,+16.5,+23.2,+14.8,+14.8,+14.6,+14.0,+13.8,+13.8
2024-07-17 23:53,1,+12.9,+16.5,+23.2,+14.6,+14.6,+14.6,+14.0,+13.9,+13.6
2024-07-18 00:53,1,+12.9,+16.5,+23.2,+14.4,+14.6,+14.6,+14.0,+13.9,+13.6
2024-07-18 01:53,1,+12.9,+16.5,+23.1,+14.3,+14.6,+14.6,+14.0,+13.8,+13.6
2024-07-18 02:53,1,+12.9,+16.5,+23.1,+14.1,+14.5,+14.5,+14.0,+13.8,+13.6
2024-07-18 03:53,1,+12.9,+16.5,+23.1,+14.0,+14.4,+14.5,+14.0,+13.8,+13.6
2024-07-18 04:53,1,+12.9,+16.5,+23.1,+13.9,+14.3,+14.5,+14.0,+13.8,+13.6
2024-07-18 05:53,1,+13.0,+16.5,+23.1,+13.8,+14.3,+14.4,+13.9,+13.8,+13.6
2024-07-18 06:53,1,+12.9,+16.5,+23.1,+13.6,+14.1,+14.4,+14.0,+13.8,+13.6
2024-07-18 07:53,1,+13.0,+16.4,+23.1,+13.6,+14.1,+14.4,+13.9,+13.8,+13.6
2024-07-18 08:53,1,+12.9,+16.4,+23.1,+13.6,+14.0,+14.4,+13.9,+13.8,+13.6
2024-07-18 09:53,1,+12.9,+16.4,+23.1,+13.9,+14.0,+14.3,+13.9,+13.6,+13.6
2024-07-18 10:53,1,+12.9,+16.4,+23.1,+14.0,+14.0,+14.3,+13.8,+13.8,+13.6
2024-07-18 11:53,1,+12.9,+16.4,+23.0,+14.3,+14.0,+14.1,+13.8,+13.8,+13.6
2024-07-18 12:53,1,+12.8,+16.4,+23.0,+14.8,+14.0,+14.1,+13.8,+13.6,+13.5
2024-07-18 13:53,1,+12.8,+16.3,+23.0,+15.0,+14.3,+14.1,+13.8,+13.6,+13.5
2024-07-18 14:53,1,+12.8,+16.3,+23.0,+15.1,+14.3,+14.3,+13.8,+13.6,+13.5
2024-07-18 15:53,1,+12.8,+16.3,+22.9,+15.4,+14.4,+14.1,+13.8,+13.6,+13.5
2024-07-18 16:53,1,+12.7,+16.3,+22.9,+15.5,+14.5,+14.3,+13.8,+13.5,+13.5
2024-07-18 17:53,1,+12.7,+16.3,+22.9,+15.6,+14.6,+14.3,+13.8,+13.5,+13.5
2024-07-18 18:53,1,+12.7,+16.3,+22.9,+15.6,+14.6,+14.3,+13.8,+13.5,+13.4
2024-07-18 19:53,1,+12.7,+16.2,+22.8,+15.6,+14.8,+14.4,+13.8,+13.6,+13.5
2024-07-18 20:53,1,+12.7,+16.2,+22.8,+15.5,+14.8,+14.4,+13.8,+13.5,+13.4
2024-07-18 21:53,1,+12.7,+16.2,+22.8,+15.4,+14.8,+14.4,+13.9,+13.6,+13.5
2024-07-18 22:53,1,+12.7,+16.2,+22.8,+15.1,+14.8,+14.4,+13.8,+13.5,+13.5
2024-07-18 23:53,1,+12.7,+16.2,+22.8,+15.0,+14.8,+14.5,+13.8,+13.5,+13.4
2024-07-19 00:53,1,+12.7,+16.2,+22.7,+14.9,+14.6,+14.5,+13.9,+13.6,+13.5
2024-07-19 01:53,1,+12.7,+16.2,+22.7,+14.6,+14.5,+14.5,+13.9,+13.6,+13.5
2024-07-19 02:53,1,+12.7,+16.2,+22.7,+14.5,+14.6,+14.4,+13.8,+13.6,+13.5
2024-07-19 03:53,1,+12.7,+16.2,+22.7,+14.4,+14.5,+14.5,+13.9,+13.6,+13.5
2024-07-19 04:53,1,+12.7,+16.2,+22.7,+14.3,+14.5,+14.4,+13.9,+13.6,+13.5
2024-07-19 05:53,1,+12.7,+16.2,+22.7,+14.1,+14.3,+14.4,+13.8,+13.6,+13.4
2024-07-19 06:53,1,+12.7,+16.2,+22.7,+14.0,+14.3,+14.4,+13.8,+13.6,+13.5
2024-07-19 07:53,1,+12.7,+16.2,+22.7,+14.0,+14.3,+14.3,+13.8,+13.6,+13.4
2024-07-19 08:53,1,+12.6,+16.2,+22.7,+14.1,+14.3,+14.3,+13.9,+13.5,+13.5
2024-07-19 09:53,1,+12.6,+16.2,+22.7,+14.3,+14.1,+14.3,+13.8,+13.6,+13.5
2024-07-19 10:53,1,+12.6,+16.2,+22.7,+14.6,+14.1,+14.3,+13.8,+13.6,+13.5
2024-07-19 11:53,1,+12.6,+16.1,+22.6,+14.9,+14.3,+14.3,+13.8,+13.6,+13.4
2024-07-19 12:53,1,+12.6,+16.1,+22.6,+15.6,+14.4,+14.3,+13.6,+13.5,+13.4
2024-07-19 13:53,1,+12.5,+16.1,+22.6,+16.0,+14.5,+14.3,+13.6,+13.5,+13.4
2024-07-19 14:53,1,+12.5,+16.1,+22.6,+16.1,+14.6,+14.3,+13.6,+13.5,+13.4
2024-07-19 15:53,1,+12.4,+16.0,+22.5,+16.3,+14.8,+14.3,+13.6,+13.5,+13.4
2024-07-19 16:53,1,+12.4,+16.0,+22.5,+16.4,+14.9,+14.4,+13.8,+13.5,+13.4
2024-07-19 17:53,1,+12.4,+16.0,+22.5,+16.5,+15.0,+14.5,+13.8,+13.5,+13.4
2024-07-19 18:53,1,+12.3,+16.0,+22.5,+16.5,+15.0,+14.5,+13.8,+13.5,+13.4
2024-07-19 19:53,1,+12.3,+16.0,+22.4,+16.5,+15.1,+14.6,+13.8,+13.5,+13.4
2024-07-19 20:53,1,+12.3,+16.0,+22.4,+16.4,+15.3,+14.6,+13.9,+13.5,+13.4
2024-07-19 21:53,1,+12.3,+16.0,+22.4,+16.3,+15.3,+14.6,+13.9,+13.5,+13.4
2024-07-19 22:53,1,+12.3,+16.0,+22.4,+16.1,+15.3,+14.6,+13.9,+13.5,+13.4
2024-07-19 23:53,1,+12.3,+16.0,+22.4,+16.0,+15.3,+14.8,+13.9,+13.6,+13.4
2024-07-20 00:53,1,+12.3,+16.0,+22.4,+15.9,+15.3,+14.8,+14.0,+13.6,+13.4
2024-07-20 01:53,1,+12.3,+16.0,+22.4,+15.8,+15.1,+14.8,+14.0,+13.6,+13.5
2024-07-20 02:53,1,+12.2,+16.0,+22.4,+15.6,+15.1,+14.8,+14.0,+13.6,+13.5
2024-07-20 03:53,1,+12.2,+16.0,+22.3,+15.5,+15.1,+14.8,+14.0,+13.6,+13.5
2024-07-20 04:53,1,+12.2,+16.0,+22.4,+15.4,+15.0,+14.8,+14.0,+13.6,+13.5
2024-07-20 05:53,1,+12.2,+16.0,+22.3,+15.3,+15.0,+14.8,+14.0,+13.8,+13.5
2024-07-20 06:53,1,+12.2,+16.0,+22.3,+15.3,+15.0,+14.8,+14.0,+13.6,+13.5
2024-07-20 07:53,1,+12.3,+16.0,+22.3,+15.3,+14.9,+14.8,+14.0,+13.6,+13.6
2024-07-20 08:53,1,+12.3,+16.0,+22.3,+15.3,+14.9,+14.8,+14.0,+13.8,+13.5
2024-07-20 09:53,1,+12.3,+16.0,+22.3,+15.4,+14.9,+14.6,+14.0,+13.8,+13.5
2024-07-20 10:53,1,+12.2,+16.0,+22.3,+15.8,+14.9,+14.6,+14.0,+13.8,+13.5
2024-07-20 11:53,1,+12.2,+16.0,+22.3,+16.0,+15.0,+14.8,+14.0,+13.8,+13.6
2024-07-20 12:53,1,+12.2,+16.0,+22.3,+16.5,+15.1,+14.8,+14.0,+13.6,+13.5
2024-07-20 13:53,1,+12.2,+16.0,+22.3,+16.8,+15.3,+14.8,+14.0,+13.8,+13.5
2024-07-20 14:53,1,+12.2,+16.0,+22.3,+17.0,+15.4,+14.8,+14.0,+13.6,+13.5
2024-07-20 15:53,1,+12.2,+15.9,+22.2,+17.1,+15.4,+14.9,+14.1,+13.6,+13.5
2024-07-20 16:53,1,+12.1,+15.9,+22.2,+17.1,+15.6,+14.9,+14.0,+13.8,+13.6
2024-07-20 17:53,1,+12.1,+15.9,+22.2,+17.1,+15.6,+15.0,+14.0,+13.8,+13.6
2024-07-20 18:53,1,+12.1,+15.9,+22.2,+17.0,+15.6,+15.0,+14.1,+13.8,+13.5
2024-07-20 19:53,1,+12.1,+15.9,+22.1,+16.9,+15.8,+15.1,+14.1,+13.8,+13.6
2024-07-20 20:53,1,+12.0,+15.9,+22.1,+16.9,+15.8,+15.1,+14.1,+13.8,+13.6
2024-07-20 21:53,1,+12.0,+15.9,+22.1,+16.8,+15.8,+15.1,+14.3,+13.8,+13.6
2024-07-20 22:53,1,+11.9,+15.9,+22.1,+16.5,+15.8,+15.1,+14.3,+13.9,+13.6
2024-07-20 23:53,1,+11.9,+15.9,+22.1,+16.5,+15.6,+15.1,+14.3,+13.9,+13.6
2024-07-21 00:53,1,+11.9,+15.9,+22.1,+16.3,+15.6,+15.3,+14.3,+13.9,+13.6
2024-07-21 01:53,1,+11.9,+15.9,+22.1,+16.3,+15.6,+15.3,+14.3,+13.9,+13.6
2024-07-21 02:53,1,+11.9,+15.9,+22.1,+16.1,+15.5,+15.3,+14.4,+13.9,+13.6
2024-07-21 03:53,1,+11.9,+15.9,+22.1,+16.0,+15.5,+15.3,+14.4,+13.9,+13.8
2024-07-21 04:53,1,+11.9,+15.9,+22.1,+15.9,+15.5,+15.3,+14.4,+14.0,+13.8
2024-07-21 05:53,1,+11.9,+15.9,+22.1,+15.9,+15.5,+15.1,+14.4,+13.9,+13.8
2024-07-21 06:53,1,+11.9,+15.9,+22.1,+15.9,+15.5,+15.1,+14.4,+14.0,+13.8
2024-07-21 07:53,1,+11.8,+15.9,+22.1,+15.9,+15.4,+15.1,+14.4,+13.9,+13.8
2024-07-21 08:53,1,+11.9,+15.9,+22.1,+15.8,+15.4,+15.1,+14.4,+14.0,+13.8
2024-07-21 09:53,1,+11.8,+15.9,+22.1,+15.8,+15.4,+15.1,+14.4,+14.0,+13.8
2024-07-21 10:53,1,+11.8,+15.9,+22.1,+15.9,+15.4,+15.1,+14.4,+14.0,+13.8
2024-07-21 11:53,1,+11.8,+15.9,+22.1,+16.1,+15.4,+15.1,+14.3,+14.0,+13.8
2024-07-21 12:53,1,+11.8,+15.9,+22.0,+16.3,+15.4,+15.1,+14.4,+14.0,+13.8
2024-07-21 13:53,1,+11.8,+15.9,+22.0,+16.5,+15.4,+15.0,+14.4,+14.0,+13.9
2024-07-21 14:53,1,+11.7,+15.9,+22.0,+16.8,+15.5,+15.1,+14.3,+14.0,+13.8
2024-07-21 15:53,1,+11.7,+15.9,+22.0,+16.9,+15.5,+15.1,+14.4,+14.0,+13.9
2024-07-21 16:53,1,+11.7,+15.8,+22.0,+17.0,+15.6,+15.1,+14.3,+14.0,+13.8
2024-07-21 17:53,1,+11.6,+15.8,+21.9,+17.1,+15.6,+15.1,+14.4,+14.0,+13.8
2024-07-21 18:53,1,+11.6,+15.8,+21.9,+17.0,+15.8,+15.3,+14.4,+14.0,+13.9
2024-07-21 19:53,1,+11.6,+15.8,+21.9,+17.0,+15.9,+15.3,+14.4,+14.0,+13.8
2024-07-21 20:53,1,+11.6,+15.8,+21.9,+16.9,+15.9,+15.3,+14.4,+14.0,+13.8
2024-07-21 21:53,1,+11.6,+15.8,+21.9,+16.8,+15.9,+15.3,+14.4,+14.0,+13.9
2024-07-21 22:53,1,+11.6,+15.8,+21.9,+16.6,+15.9,+15.4,+14.4,+14.0,+13.9
2024-07-21 23:53,1,+11.6,+15.8,+21.8,+16.5,+15.9,+15.4,+14.4,+14.0,+13.9
2024-07-22 00:53,1,+11.6,+15.8,+21.8,+16.5,+15.9,+15.4,+14.5,+14.0,+13.9
2024-07-22 01:53,1,+11.6,+15.8,+21.8,+16.4,+15.8,+15.4,+14.5,+14.1,+13.9
2024-07-22 02:53,1,+11.5,+15.8,+21.8,+16.3,+15.8,+15.4,+14.5,+14.1,+13.9
2024-07-22 03:53,1,+11.5,+15.8,+21.8,+16.0,+15.6,+15.4,+14.5,+14.0,+13.9
2024-07-22 04:53,1,+11.5,+15.8,+21.8,+15.9,+15.6,+15.3,+14.5,+14.1,+13.9
2024-07-22 05:53,1,+11.5,+15.8,+21.8,+15.8,+15.5,+15.4,+14.5,+14.1,+13.9
2024-07-22 06:53,1,+11.5,+15.8,+21.8,+15.6,+15.5,+15.3,+14.5,+14.1,+14.0
2024-07-22 07:53,1,+11.5,+15.8,+21.8,+15.8,+15.5,+15.3,+14.5,+14.1,+13.9
2024-07-22 08:53,1,+11.5,+15.8,+21.8,+15.9,+15.4,+15.3,+14.5,+14.1,+13.9
2024-07-22 09:53,1,+11.5,+15.8,+21.8,+15.9,+15.4,+15.3,+14.5,+14.1,+14.0
2024-07-22 10:53,1,+11.4,+15.7,+21.8,+16.0,+15.4,+15.1,+14.5,+14.1,+13.9
2024-07-22 11:53,1,+11.4,+15.7,+21.8,+16.1,+15.4,+15.1,+14.5,+14.1,+13.9
2024-07-22 12:53,1,+11.4,+15.7,+21.8,+16.1,+15.5,+15.1,+14.5,+14.1,+14.0
2024-07-22 13:53,1,+11.4,+15.7,+21.7,+16.1,+15.5,+15.3,+14.5,+14.1,+14.0
2024-07-22 14:53,1,+11.4,+15.7,+21.7,+16.3,+15.5,+15.1,+14.5,+14.1,+13.9
2024-07-22 15:53,1,+11.4,+15.7,+21.7,+16.4,+15.5,+15.1,+14.5,+14.1,+14.0
2024-07-22 16:53,1,+11.4,+15.7,+21.7,+16.5,+15.6,+15.3,+14.5,+14.1,+14.0
2024-07-22 17:53,1,+11.4,+15.7,+21.6,+16.6,+15.6,+15.3,+14.5,+14.1,+14.0
2024-07-22 18:53,1,+11.3,+15.7,+21.7,+16.5,+15.6,+15.3,+14.5,+14.1,+13.9
2024-07-22 19:53,1,+11.3,+15.7,+21.6,+16.5,+15.6,+15.3,+14.5,+14.1,+13.9
2024-07-22 20:53,1,+11.3,+15.7,+21.6,+16.4,+15.6,+15.3,+14.5,+14.1,+14.0
2024-07-22 21:53,1,+11.3,+15.7,+21.6,+16.3,+15.6,+15.3,+14.5,+14.1,+14.0
2024-07-22 22:53,1,+11.3,+15.7,+21.6,+16.1,+15.6,+15.3,+14.5,+14.1,+14.0
2024-07-22 23:53,1,+11.3,+15.7,+21.6,+16.0,+15.6,+15.3,+14.5,+14.1,+14.0
2024-07-23 00:53,1,+11.3,+15.7,+21.6,+15.9,+15.6,+15.3,+14.5,+14.1,+14.0
2024-07-23 01:53,1,+11.3,+15.7,+21.6,+15.9,+15.5,+15.3,+14.5,+14.1,+14.0
2024-07-23 02:53,1,+11.3,+15.7,+21.6,+15.8,+15.5,+15.3,+14.5,+14.3,+14.0
2024-07-23 03:53,1,+11.2,+15.7,+21.6,+15.6,+15.5,+15.3,+14.5,+14.1,+14.0
2024-07-23 04:53,1,+11.2,+15.7,+21.6,+15.5,+15.4,+15.3,+14.5,+14.1,+14.0
2024-07-23 05:53,1,+11.2,+15.7,+21.6,+15.5,+15.4,+15.3,+14.5,+14.1,+14.0
2024-07-23 06:53,1,+11.2,+15.7,+21.5,+15.4,+15.4,+15.1,+14.5,+14.1,+14.0
2024-07-23 07:53,1,+11.2,+15.7,+21.5,+15.4,+15.4,+15.1,+14.5,+14.3,+14.0
2024-07-23 08:53,1,+11.2,+15.7,+21.5,+15.4,+15.3,+15.1,+14.5,+14.1,+14.0
2024-07-23 09:53,1,+11.2,+15.7,+21.5,+15.4,+15.3,+15.1,+14.5,+14.1,+14.0
2024-07-23 10:53,1,+11.2,+15.7,+21.5,+15.4,+15.1,+15.1,+14.5,+14.1,+14.0
2024-07-23 11:53,1,+11.2,+15.6,+21.5,+15.5,+15.3,+15.0,+14.4,+14.1,+14.0
2024-07-23 12:53,1,+11.2,+15.6,+21.5,+15.8,+15.1,+15.1,+14.5,+14.1,+14.0
2024-07-23 13:53,1,+11.2,+15.6,+21.5,+16.0,+15.3,+15.0,+14.5,+14.1,+14.0
2024-07-23 14:53,1,+11.2,+15.6,+21.5,+16.1,+15.4,+15.0,+14.4,+14.1,+14.0
2024-07-23 15:53,1,+11.1,+15.6,+21.4,+16.1,+15.4,+15.0,+14.4,+14.1,+14.0
2024-07-23 16:53,1,+11.1,+15.6,+21.4,+16.1,+15.4,+15.0,+14.4,+14.1,+14.0
2024-07-23 17:53,1,+11.1,+15.6,+21.4,+16.0,+15.4,+15.1,+14.4,+14.1,+14.0
2024-07-23 18:53,1,+11.1,+15.6,+21.4,+16.0,+15.4,+15.1,+14.5,+14.1,+14.0
2024-07-23 19:53,1,+11.1,+15.6,+21.4,+15.9,+15.4,+15.1,+14.4,+14.1,+14.0
2024-07-23 20:53,1,+11.1,+15.6,+21.4,+15.9,+15.4,+15.1,+14.4,+14.1,+14.0
2024-07-23 21:53,1,+11.1,+15.6,+21.4,+15.8,+15.4,+15.1,+14.4,+14.1,+14.0
2024-07-23 22:53,1,+11.1,+15.6,+21.4,+15.6,+15.4,+15.1,+14.5,+14.1,+14.0
2024-07-23 23:53,1,+11.1,+15.6,+21.4,+15.5,+15.4,+15.1,+14.4,+14.1,+14.0
2024-07-24 00:53,1,+11.1,+15.6,+21.3,+15.5,+15.3,+15.1,+14.5,+14.1,+14.0
2024-07-24 01:53,1,+11.0,+15.6,+21.3,+15.3,+15.1,+15.0,+14.4,+14.1,+14.0
2024-07-24 02:53,1,+11.0,+15.6,+21.3,+15.1,+15.1,+15.0,+14.5,+14.1,+14.0
2024-07-24 03:53,1,+11.0,+15.5,+21.3,+14.9,+15.1,+15.0,+14.4,+14.1,+14.0
2024-07-24 04:53,1,+11.0,+15.5,+21.3,+14.8,+15.0,+15.0,+14.5,+14.1,+14.0
2024-07-24 05:53,1,+11.0,+15.5,+21.3,+14.6,+14.9,+15.0,+14.4,+14.1,+13.9
2024-07-24 06:53,1,+11.0,+15.5,+21.3,+14.4,+14.9,+14.9,+14.4,+14.1,+14.0
2024-07-24 07:53,1,+11.0,+15.5,+21.3,+14.4,+14.8,+14.9,+14.4,+14.1,+14.0
2024-07-24 08:53,1,+11.0,+15.5,+21.3,+14.4,+14.8,+14.9,+14.4,+14.1,+14.0
2024-07-24 09:53,1,+11.0,+15.5,+21.3,+14.5,+14.6,+14.9,+14.4,+14.1,+13.9
2024-07-24 10:53,1,+11.0,+15.5,+21.2,+14.6,+14.6,+14.8,+14.3,+14.1,+13.9
2024-07-24 11:53,1,+10.9,+15.5,+21.2,+14.9,+14.6,+14.8,+14.3,+14.1,+13.9
2024-07-24 12:53,1,+10.9,+15.5,+21.2,+15.6,+14.6,+14.6,+14.3,+14.0,+13.9
2024-07-24 13:53,1,+10.9,+15.4,+21.2,+16.0,+14.8,+14.8,+14.3,+14.0,+13.9
2024-07-24 14:53,1,+10.9,+15.4,+21.2,+16.3,+14.9,+14.6,+14.3,+14.0,+13.9
2024-07-24 15:53,1,+10.8,+15.4,+21.2,+16.3,+15.0,+14.8,+14.1,+14.0,+13.9
2024-07-24 16:53,1,+10.8,+15.4,+21.2,+16.1,+15.1,+14.8,+14.1,+14.0,+13.9
2024-07-24 17:53,1,+10.8,+15.4,+21.1,+16.3,+15.1,+14.8,+14.1,+14.0,+13.9
2024-07-24 18:53,1,+10.7,+15.4,+21.1,+16.1,+15.3,+14.9,+14.1,+14.0,+13.8
2024-07-24 19:53,1,+10.7,+15.4,+21.1,+16.0,+15.3,+14.9,+14.1,+13.9,+13.9
2024-07-24 20:53,1,+10.7,+15.4,+21.1,+15.9,+15.3,+14.9,+14.3,+14.0,+13.8
2024-07-24 21:53,1,+10.7,+15.4,+21.1,+15.8,+15.3,+14.9,+14.3,+13.9,+13.9
2024-07-24 22:53,1,+10.7,+15.4,+21.0,+15.5,+15.3,+15.0,+14.3,+13.9,+13.9
2024-07-24 23:53,1,+10.7,+15.4,+21.0,+15.4,+15.3,+15.0,+14.3,+14.0,+13.9
2024-07-25 00:53,1,+10.7,+15.3,+21.0,+15.1,+15.1,+14.9,+14.3,+14.0,+13.9
2024-07-25 01:53,1,+10.6,+15.3,+21.0,+15.0,+15.0,+14.9,+14.3,+14.0,+13.9
2024-07-25 02:53,1,+10.6,+15.3,+21.0,+14.9,+14.9,+14.9,+14.3,+14.0,+13.9
2024-07-25 03:53,1,+10.6,+15.3,+21.0,+14.6,+14.9,+14.9,+14.3,+14.0,+13.9
2024-07-25 04:53,1,+10.6,+15.3,+21.0,+14.6,+14.8,+14.9,+14.3,+14.0,+13.9
2024-07-25 05:53,1,+10.6,+15.3,+20.9,+14.5,+14.8,+14.8,+14.3,+14.0,+13.9
2024-07-25 06:53,1,+10.6,+15.3,+21.0,+14.4,+14.6,+14.8,+14.3,+14.0,+13.9
2024-07-25 07:53,1,+10.6,+15.3,+20.9,+14.3,+14.6,+14.8,+14.3,+14.0,+13.9
2024-07-25 08:53,1,+10.6,+15.3,+20.9,+14.4,+14.6,+14.6,+14.3,+14.0,+13.9
2024-07-25 09:53,1,+10.6,+15.3,+20.9,+14.6,+14.5,+14.6,+14.1,+14.0,+13.8
2024-07-25 10:53,1,+10.5,+15.2,+20.9,+14.8,+14.5,+14.6,+14.1,+14.0,+13.8
2024-07-25 11:53,1,+10.5,+15.2,+20.9,+15.0,+14.5,+14.5,+14.1,+14.0,+13.9
2024-07-25 12:53,1,+10.5,+15.2,+20.9,+15.9,+14.6,+14.5,+14.1,+13.9,+13.8
2024-07-25 13:53,1,+10.5,+15.2,+20.9,+16.1,+14.8,+14.5,+14.1,+13.9,+13.8
2024-07-25 14:53,1,+10.4,+15.2,+20.9,+16.4,+14.9,+14.6,+14.0,+13.9,+13.8
2024-07-25 15:53,1,+10.4,+15.2,+20.9,+16.5,+15.0,+14.6,+14.0,+13.9,+13.8
2024-07-25 16:53,1,+10.4,+15.2,+20.8,+16.5,+15.1,+14.6,+14.1,+13.9,+13.8
2024-07-25 17:53,1,+10.4,+15.1,+20.8,+16.6,+15.3,+14.8,+14.1,+13.9,+13.8
2024-07-25 18:53,1,+10.3,+15.1,+20.8,+16.5,+15.3,+14.8,+14.1,+13.9,+13.8
2024-07-25 19:53,1,+10.3,+15.1,+20.7,+16.5,+15.3,+14.8,+14.1,+13.9,+13.8
2024-07-25 20:53,1,+10.3,+15.1,+20.7,+16.4,+15.4,+14.9,+14.1,+13.9,+13.8
2024-07-25 21:53,1,+10.3,+15.1,+20.7,+16.1,+15.4,+14.9,+14.1,+13.9,+13.8
2024-07-25 22:53,1,+10.3,+15.1,+20.7,+16.0,+15.4,+14.9,+14.1,+13.9,+13.8
2024-07-25 23:53,1,+10.3,+15.1,+20.7,+15.9,+15.3,+15.0,+14.3,+13.9,+13.8
2024-07-26 00:53,1,+10.2,+15.1,+20.7,+15.8,+15.3,+15.0,+14.3,+13.9,+13.8
2024-07-26 01:53,1,+10.2,+15.1,+20.7,+15.6,+15.3,+15.0,+14.3,+13.9,+13.8
2024-07-26 02:53,1,+10.2,+15.1,+20.7,+15.6,+15.3,+15.0,+14.3,+14.0,+13.8
2024-07-26 03:53,1,+10.2,+15.1,+20.7,+15.5,+15.3,+14.9,+14.3,+14.0,+13.8
2024-07-26 04:53,1,+10.2,+15.1,+20.7,+15.5,+15.1,+15.0,+14.3,+14.0,+13.8
2024-07-26 05:53,1,+10.2,+15.1,+20.6,+15.4,+15.1,+14.9,+14.3,+13.9,+13.8
2024-07-26 06:53,1,+10.2,+15.1,+20.6,+15.4,+15.1,+14.9,+14.3,+14.0,+13.9
2024-07-26 07:53,1,+10.2,+15.1,+20.6,+15.5,+15.0,+14.9,+14.3,+14.0,+13.8
2024-07-26 08:53,1,+10.2,+15.1,+20.6,+15.5,+15.1,+14.9,+14.3,+14.0,+13.8
2024-07-26 09:53,1,+10.2,+15.1,+20.6,+15.6,+15.1,+14.9,+14.3,+14.0,+13.9
2024-07-26 10:53,1,+10.2,+15.1,+20.6,+15.9,+15.1,+14.9,+14.3,+14.0,+13.9
2024-07-26 11:53,1,+10.2,+15.1,+20.6,+16.1,+15.1,+14.9,+14.3,+14.0,+13.9
2024-07-26 12:53,1,+10.2,+15.1,+20.6,+16.5,+15.3,+14.9,+14.3,+14.0,+13.9
2024-07-26 13:53,1,+10.2,+15.1,+20.6,+16.9,+15.4,+14.9,+14.3,+14.0,+13.9
2024-07-26 14:53,1,+10.2,+15.1,+20.6,+17.3,+15.5,+15.0,+14.3,+13.9,+13.8
2024-07-26 15:53,1,+10.2,+15.1,+20.6,+17.4,+15.6,+15.0,+14.3,+14.0,+13.8
2024-07-26 16:53,1,+10.2,+15.0,+20.5,+17.6,+15.8,+15.0,+14.4,+14.0,+13.9
2024-07-26 17:53,1,+10.1,+15.0,+20.5,+17.6,+15.9,+15.1,+14.4,+14.0,+13.9
2024-07-26 18:53,1,+10.1,+15.0,+20.5,+17.9,+16.0,+15.3,+14.4,+14.0,+13.9
2024-07-26 19:53,1,+10.1,+15.0,+20.5,+17.8,+16.1,+15.3,+14.4,+14.0,+13.9
2024-07-26 20:53,1,+10.1,+15.0,+20.5,+17.8,+16.1,+15.4,+14.4,+14.0,+13.9
2024-07-26 21:53,1,+10.1,+15.1,+20.5,+17.8,+16.3,+15.4,+14.5,+14.0,+13.9
2024-07-26 22:53,1,+10.1,+15.1,+20.5,+17.6,+16.3,+15.5,+14.5,+14.0,+13.9
2024-07-26 23:53,1,+10.1,+15.1,+20.5,+17.6,+16.3,+15.5,+14.5,+14.1,+13.9
2024-07-27 00:53,1,+10.1,+15.1,+20.5,+17.5,+16.3,+15.6,+14.5,+14.1,+13.9
2024-07-27 01:53,1,+10.1,+15.1,+20.5,+17.6,+16.4,+15.5,+14.6,+14.1,+13.9
2024-07-27 02:53,1,+10.1,+15.1,+20.5,+17.5,+16.4,+15.6,+14.6,+14.1,+14.0
2024-07-27 03:53,1,+10.1,+15.1,+20.5,+17.5,+16.4,+15.6,+14.6,+14.3,+14.0
2024-07-27 04:53,1,+10.1,+15.1,+20.5,+17.5,+16.4,+15.8,+14.8,+14.3,+14.0
2024-07-27 05:53,1,+10.1,+15.1,+20.5,+17.5,+16.4,+15.8,+14.8,+14.3,+14.0
2024-07-27 06:53,1,+10.1,+15.1,+20.5,+17.5,+16.4,+15.8,+14.8,+14.3,+14.0
2024-07-27 07:53,1,+10.1,+15.1,+20.5,+17.5,+16.4,+15.8,+14.8,+14.3,+14.0
2024-07-27 08:53,1,+10.1,+15.2,+20.5,+17.6,+16.4,+15.8,+14.8,+14.3,+14.0
2024-07-27 09:53,1,+10.1,+15.1,+20.5,+17.6,+16.5,+15.8,+14.8,+14.4,+14.1
2024-07-27 10:53,1,+10.1,+15.1,+20.5,+17.9,+16.5,+15.8,+14.9,+14.4,+14.1
2024-07-27 11:53,1,+10.1,+15.1,+20.5,+18.1,+16.5,+15.9,+14.9,+14.4,+14.1
2024-07-27 12:53,1,+10.1,+15.1,+20.5,+18.9,+16.6,+15.9,+14.9,+14.4,+14.1
2024-07-27 13:53,1,+10.0,+15.1,+20.5,+19.0,+16.8,+15.9,+14.9,+14.4,+14.1
2024-07-27 14:53,1,+10.0,+15.1,+20.5,+19.3,+16.9,+16.0,+14.9,+14.4,+14.3
2024-07-27 15:53,1,+9.9,+15.1,+20.5,+19.4,+17.0,+16.0,+15.0,+14.4,+14.3
2024-07-27 16:53,1,+9.9,+15.1,+20.5,+19.4,+17.1,+16.1,+15.0,+14.4,+14.3
2024-07-27 17:53,1,+9.9,+15.1,+20.5,+19.4,+17.1,+16.1,+15.0,+14.5,+14.3
2024-07-27 18:53,1,+9.9,+15.0,+20.4,+19.3,+17.3,+16.3,+15.1,+14.5,+14.3
2024-07-27 19:53,1,+9.8,+15.0,+20.4,+19.0,+17.3,+16.3,+15.1,+14.5,+14.3
2024-07-27 20:53,1,+9.8,+15.0,+20.4,+18.9,+17.3,+16.3,+15.1,+14.5,+14.4
2024-07-27 21:53,1,+9.8,+15.0,+20.4,+18.8,+17.3,+16.4,+15.3,+14.6,+14.4
2024-07-27 22:53,1,+9.8,+15.1,+20.4,+18.8,+17.3,+16.4,+15.3,+14.6,+14.4
2024-07-27 23:53,1,+9.8,+15.1,+20.4,+18.6,+17.3,+16.4,+15.3,+14.6,+14.4
2024-07-28 00:53,1,+9.8,+15.1,+20.4,+18.6,+17.3,+16.4,+15.4,+14.6,+14.4
2024-07-28 01:53,1,+9.8,+15.1,+20.4,+18.6,+17.3,+16.5,+15.3,+14.6,+14.4
2024-07-28 02:53,1,+9.8,+15.1,+20.4,+18.5,+17.3,+16.5,+15.4,+14.8,+14.5
2024-07-28 03:53,1,+9.8,+15.1,+20.4,+18.5,+17.3,+16.5,+15.4,+14.8,+14.5
2024-07-28 04:53,1,+9.8,+15.1,+20.4,+18.4,+17.3,+16.5,+15.4,+14.8,+14.5
2024-07-28 05:53,1,+9.8,+15.1,+20.4,+18.3,+17.3,+16.5,+15.4,+14.8,+14.5
2024-07-28 06:53,1,+9.7,+15.1,+20.4,+18.3,+17.3,+16.5,+15.4,+14.8,+14.5
2024-07-28 07:53,1,+9.8,+15.1,+20.4,+18.3,+17.3,+16.5,+15.4,+14.9,+14.6
2024-07-28 08:53,1,+9.7,+15.1,+20.4,+18.3,+17.3,+16.5,+15.4,+14.9,+14.6
2024-07-28 09:53,1,+9.7,+15.1,+20.4,+18.3,+17.1,+16.6,+15.5,+14.9,+14.6
2024-07-28 10:53,1,+9.7,+15.1,+20.3,+18.4,+17.3,+16.5,+15.5,+15.0,+14.6
2024-07-28 11:53,1,+9.7,+15.1,+20.4,+18.4,+17.1,+16.5,+15.5,+14.9,+14.6
2024-07-28 12:53,1,+9.7,+15.1,+20.3,+18.4,+17.1,+16.5,+15.5,+14.9,+14.8
2024-07-28 13:53,1,+9.7,+15.1,+20.3,+18.4,+17.3,+16.5,+15.6,+15.0,+14.6
2024-07-28 14:53,1,+9.7,+15.1,+20.3,+18.4,+17.3,+16.5,+15.5,+15.0,+14.8
2024-07-28 15:53,1,+9.7,+15.1,+20.3,+18.4,+17.3,+16.5,+15.5,+15.0,+14.8
2024-07-28 16:53,1,+9.7,+15.1,+20.3,+18.5,+17.3,+16.6,+15.5,+15.0,+14.8
2024-07-28 17:53,1,+9.7,+15.1,+20.3,+18.6,+17.3,+16.6,+15.6,+15.0,+14.8
2024-07-28 18:53,1,+9.7,+15.1,+20.3,+18.5,+17.4,+16.6,+15.6,+15.0,+14.8
2024-07-28 19:53,1,+9.7,+15.1,+20.3,+18.5,+17.4,+16.6,+15.6,+15.0,+14.8
2024-07-28 20:53,1,+9.7,+15.1,+20.3,+18.3,+17.4,+16.6,+15.6,+15.0,+14.8
2024-07-28 21:53,1,+9.7,+15.1,+20.3,+18.1,+17.4,+16.6,+15.6,+15.1,+14.8
2024-07-28 22:53,1,+9.7,+15.1,+20.3,+18.0,+17.3,+16.6,+15.6,+15.1,+14.9
2024-07-28 23:53,1,+9.7,+15.1,+20.3,+17.9,+17.3,+16.6,+15.6,+15.1,+14.9
2024-07-29 00:53,1,+9.7,+15.1,+20.3,+17.9,+17.1,+16.6,+15.6,+15.1,+14.9
2024-07-29 01:53,1,+9.7,+15.1,+20.3,+17.8,+17.1,+16.6,+15.8,+15.1,+14.9
2024-07-29 02:53,1,+9.7,+15.1,+20.3,+17.8,+17.1,+16.6,+15.8,+15.1,+14.9
2024-07-29 03:53,1,+9.7,+15.1,+20.3,+17.8,+17.1,+16.6,+15.8,+15.1,+14.9
2024-07-29 04:53,1,+9.7,+15.1,+20.3,+17.6,+17.0,+16.6,+15.8,+15.1,+14.9
2024-07-29 05:53,1,+9.7,+15.1,+20.3,+17.6,+17.0,+16.6,+15.6,+15.1,+14.9
2024-07-29 06:53,1,+9.7,+15.1,+20.3,+17.5,+17.0,+16.6,+15.6,+15.3,+14.9
2024-07-29 07:53,1,+9.6,+15.1,+20.3,+17.5,+17.0,+16.5,+15.6,+15.1,+14.9
2024-07-29 08:53,1,+9.6,+15.1,+20.3,+17.5,+16.9,+16.6,+15.8,+15.1,+15.0
2024-07-29 09:53,1,+9.6,+15.1,+20.3,+17.5,+16.9,+16.5,+15.8,+15.1,+15.0
2024-07-29 10:53,1,+9.6,+15.1,+20.3,+17.6,+16.9,+16.5,+15.6,+15.3,+14.9
2024-07-29 11:53,1,+9.6,+15.0,+20.3,+17.8,+16.9,+16.5,+15.6,+15.1,+15.0
2024-07-29 12:53,1,+9.6,+15.0,+20.2,+18.4,+17.0,+16.5,+15.6,+15.1,+15.0
2024-07-29 13:53,1,+9.6,+15.0,+20.2,+18.5,+17.0,+16.5,+15.6,+15.1,+14.9
2024-07-29 14:53,1,+9.5,+15.0,+20.2,+18.6,+17.1,+16.5,+15.6,+15.1,+15.0
2024-07-29 15:53,1,+9.5,+15.0,+20.2,+18.6,+17.1,+16.5,+15.6,+15.1,+14.9
2024-07-29 16:53,1,+9.5,+14.9,+20.2,+18.8,+17.3,+16.6,+15.6,+15.1,+14.9
2024-07-29 17:53,1,+9.5,+14.9,+20.2,+18.8,+17.3,+16.5,+15.8,+15.1,+14.9
2024-07-29 18:53,1,+9.4,+14.9,+20.1,+18.6,+17.3,+16.5,+15.8,+15.3,+14.9
2024-07-29 19:53,1,+9.4,+14.9,+20.1,+18.5,+17.4,+16.6,+15.8,+15.1,+14.9
2024-07-29 20:53,1,+9.4,+14.9,+20.1,+18.3,+17.3,+16.6,+15.6,+15.3,+14.9
2024-07-29 21:53,1,+9.4,+14.9,+20.1,+18.0,+17.3,+16.6,+15.8,+15.1,+15.0
2024-07-29 22:53,1,+9.4,+14.9,+20.1,+17.8,+17.3,+16.6,+15.8,+15.1,+15.0
2024-07-29 23:53,1,+9.3,+14.9,+20.1,+17.5,+17.1,+16.6,+15.8,+15.3,+15.0
2024-07-30 00:53,1,+9.3,+14.9,+20.1,+17.3,+17.0,+16.6,+15.8,+15.3,+15.0
2024-07-30 01:53,1,+9.3,+14.9,+20.1,+17.1,+17.0,+16.6,+15.8,+15.3,+15.0
2024-07-30 02:53,1,+9.3,+14.9,+20.1,+17.1,+16.9,+16.6,+15.8,+15.3,+15.0
2024-07-30 03:53,1,+9.3,+14.9,+20.1,+17.0,+16.8,+16.5,+15.8,+15.3,+15.0
2024-07-30 04:53,1,+9.3,+14.9,+20.1,+16.9,+16.8,+16.5,+15.8,+15.3,+15.0
2024-07-30 05:53,1,+9.3,+14.9,+20.1,+16.9,+16.8,+16.5,+15.8,+15.3,+15.1
2024-07-30 06:53,1,+15.5,+18.6,+32.7,+17.0,+16.8,+16.5,+15.8,+15.4,+15.1
2024-07-30 07:53,1,+16.4,+16.8,+27.1,+16.9,+16.6,+16.5,+15.8,+15.3,+15.0
2024-07-30 08:53,1,+14.6,+15.9,+25.6,+16.9,+16.6,+16.4,+15.6,+15.3,+15.0
2024-07-30 09:53,1,+13.9,+15.6,+24.6,+16.9,+16.5,+16.4,+15.6,+15.3,+15.0
2024-07-30 10:53,1,+13.5,+15.5,+23.7,+17.0,+16.6,+16.4,+15.6,+15.3,+15.0
2024-07-30 11:53,1,+13.3,+15.4,+23.0,+17.1,+16.5,+16.4,+15.6,+15.3,+15.0
2024-07-30 12:53,1,+13.0,+15.3,+22.5,+17.6,+16.6,+16.4,+15.6,+15.3,+15.0
2024-07-30 13:53,1,+12.8,+15.3,+22.1,+17.9,+16.6,+16.3,+15.6,+15.3,+15.0
2024-07-30 14:53,1,+12.7,+15.2,+21.8,+18.1,+16.8,+16.3,+15.6,+15.1,+15.0
2024-07-30 15:53,1,+12.5,+15.2,+21.5,+18.3,+16.9,+16.4,+15.6,+15.3,+15.0
2024-07-30 16:53,1,+12.4,+15.1,+21.3,+18.4,+17.0,+16.4,+15.6,+15.3,+15.0
2024-07-30 17:53,1,+12.2,+15.1,+21.2,+18.4,+17.0,+16.4,+15.6,+15.3,+15.0
2024-07-30 18:53,1,+12.1,+15.1,+21.0,+18.4,+17.1,+16.5,+15.6,+15.3,+15.0
2024-07-30 19:53,1,+12.0,+15.1,+21.0,+18.3,+17.1,+16.5,+15.6,+15.1,+15.0
2024-07-30 20:53,1,+11.9,+15.1,+20.9,+18.3,+17.1,+16.5,+15.6,+15.1,+15.0
2024-07-30 21:53,1,+11.8,+15.1,+20.8,+18.0,+17.1,+16.5,+15.6,+15.3,+15.0
2024-07-30 22:53,1,+11.7,+15.1,+20.8,+17.9,+17.1,+16.6,+15.6,+15.3,+15.0
2024-07-30 23:53,1,+11.6,+15.1,+20.7,+17.6,+17.1,+16.6,+15.8,+15.3,+15.0
2024-07-31 00:53,1,+11.6,+15.1,+20.7,+17.5,+17.1,+16.6,+15.8,+15.3,+15.0
2024-07-31 01:53,1,+11.5,+15.1,+20.7,+17.4,+17.0,+16.6,+15.8,+15.3,+15.0
2024-07-31 02:53,1,+11.4,+15.1,+20.7,+17.3,+16.9,+16.6,+15.8,+15.3,+15.0
2024-07-31 03:53,1,+11.4,+15.1,+20.7,+17.1,+16.9,+16.5,+15.8,+15.3,+15.0
2024-07-31 04:53,1,+11.3,+15.1,+20.7,+17.1,+16.8,+16.5,+15.8,+15.3,+15.0
2024-07-31 05:53,1,+11.2,+15.1,+20.6,+17.0,+16.8,+16.5,+15.8,+15.3,+15.0
2024-07-31 06:53,1,+11.2,+15.0,+20.6,+16.9,+16.8,+16.5,+15.8,+15.3,+15.1
2024-07-31 07:53,1,+11.2,+15.0,+20.6,+17.0,+16.6,+16.5,+15.8,+15.4,+15.0
2024-07-31 08:53,1,+11.1,+15.0,+20.6,+17.0,+16.6,+16.4,+15.8,+15.3,+15.1
2024-07-31 09:53,1,+11.1,+15.0,+20.6,+17.3,+16.6,+16.4,+15.6,+15.3,+15.0
2024-07-31 10:53,1,+11.0,+15.0,+20.5,+17.6,+16.6,+16.4,+15.6,+15.3,+15.0
2024-07-31 11:53,1,+11.0,+15.0,+20.5,+17.9,+16.8,+16.4,+15.6,+15.3,+15.0
2024-07-31 12:53,1,+10.9,+15.0,+20.5,+18.4,+16.9,+16.4,+15.6,+15.3,+15.0
2024-07-31 13:53,1,+10.9,+14.9,+20.5,+18.8,+17.0,+16.5,+15.6,+15.3,+15.0
2024-07-31 14:53,1,+10.8,+14.9,+20.5,+19.0,+17.1,+16.5,+15.6,+15.3,+15.1
2024-07-31 15:53,1,+10.8,+14.9,+20.5,+19.0,+17.3,+16.5,+15.6,+15.3,+15.0
2024-07-31 16:53,1,+17.7,+18.4,+25.6,+19.1,+17.6,+16.6,+15.8,+15.3,+15.1
2024-07-31 17:53,1,+17.7,+16.6,+26.3,+18.8,+17.5,+16.8,+15.8,+15.3,+15.0
2024-07-31 18:53,1,+16.1,+15.9,+24.6,+18.4,+17.5,+16.8,+15.8,+15.3,+15.0
2024-07-31 19:53,1,+15.4,+15.7,+23.6,+18.3,+17.4,+16.8,+15.8,+15.3,+15.1
2024-07-31 20:53,1,+14.9,+15.6,+23.0,+18.0,+17.4,+16.8,+15.9,+15.4,+15.1
2024-07-31 21:53,1,+14.6,+15.6,+22.6,+17.8,+17.4,+16.9,+15.9,+15.4,+15.1
2024-07-31 22:53,1,+14.4,+15.6,+22.3,+17.6,+17.3,+16.8,+15.9,+15.4,+15.1
2024-07-31 23:53,1,+14.2,+15.6,+22.1,+17.5,+17.1,+16.8,+15.9,+15.4,+15.1
2024-08-01 00:53,1,+14.1,+15.5,+21.9,+17.5,+17.1,+16.8,+15.9,+15.4,+15.1
2024-08-01 01:53,1,+13.9,+15.5,+21.8,+17.3,+17.0,+16.6,+15.9,+15.4,+15.1
2024-08-01 02:53,1,+13.8,+15.5,+21.8,+17.1,+17.0,+16.6,+15.9,+15.4,+15.3
2024-08-01 03:53,1,+13.7,+15.5,+21.7,+17.0,+16.9,+16.6,+15.9,+15.4,+15.1
2024-08-01 04:53,1,+13.6,+15.5,+21.6,+16.9,+16.8,+16.6,+15.9,+15.4,+15.3
2024-08-01 05:53,1,+13.6,+15.5,+21.6,+16.9,+16.8,+16.6,+15.9,+15.4,+15.1
2024-08-01 06:53,1,+13.5,+15.5,+21.6,+16.9,+16.8,+16.6,+15.9,+15.4,+15.1
2024-08-01 07:53,1,+13.4,+15.5,+21.5,+16.9,+16.8,+16.5,+15.8,+15.4,+15.3
2024-08-01 08:53,1,+13.4,+15.5,+21.5,+17.0,+16.6,+16.5,+15.8,+15.4,+15.1
2024-08-01 09:53,1,+13.3,+15.5,+21.5,+17.1,+16.6,+16.5,+15.8,+15.4,+15.3
2024-08-01 10:53,1,+13.2,+15.5,+21.5,+17.1,+16.6,+16.4,+15.8,+15.4,+15.3
2024-08-01 11:53,1,+13.2,+15.5,+21.4,+17.3,+16.6,+16.5,+15.8,+15.4,+15.1
2024-08-01 12:53,1,+13.1,+15.5,+21.4,+17.5,+16.8,+16.5,+15.8,+15.4,+15.1
2024-08-01 13:53,1,+13.1,+15.5,+21.4,+17.8,+16.8,+16.5,+15.8,+15.4,+15.1