
2022-10-22 10:33,0,+3.1,+4.5,+6.9,+11.1,+11.7,+11.0,+11.2,+10.5,+10.1
2022-10-22 11:33,0,+3.0,+4.3,+6.8,+7.6,+7.2,+7.7,+8.1,+8.1,+8.0
2022-10-22 12:33,0,+3.1,+4.4,+6.8,+7.7,+7.2,+7.7,+8.0,+8.1,+8.0
2022-10-22 13:33,0,+3.1,+4.4,+6.9,+8.0,+7.2,+7.7,+8.0,+8.0,+8.0
2022-10-22 14:33,0,+3.1,+4.4,+6.9,+8.2,+7.3,+7.8,+8.1,+8.1,+8.0
2022-10-22 15:33,0,+3.1,+4.5,+6.9,+8.5,+7.5,+7.8,+8.1,+8.1,+8.0
2022-10-22 16:33,0,+3.1,+4.5,+6.9,+8.5,+7.6,+7.8,+8.0,+8.1,+8.1
2022-10-22 17:33,0,+3.2,+4.5,+7.0,+8.6,+7.7,+7.8,+8.1,+8.1,+8.1
2022-10-22 18:33,0,+3.2,+4.5,+7.0,+8.6,+7.7,+8.0,+8.1,+8.1,+8.1
2022-10-22 19:33,0,+3.2,+4.6,+7.0,+8.5,+7.8,+8.1,+8.1,+8.1,+8.1
2022-10-22 20:33,0,+3.2,+4.6,+7.0,+8.5,+7.8,+8.1,+8.2,+8.2,+8.1
2022-10-22 21:33,0,+3.2,+4.6,+7.0,+8.3,+7.8,+8.1,+8.2,+8.2,+8.1
2022-10-22 22:33,0,+3.2,+4.6,+7.0,+8.3,+7.8,+8.2,+8.2,+8.2,+8.1
2022-10-22 23:33,0,+3.3,+4.6,+7.0,+8.2,+7.8,+8.2,+8.2,+8.2,+8.1
2022-10-23 00:33,0,+3.3,+4.6,+7.0,+8.1,+7.8,+8.2,+8.3,+8.2,+8.1
2022-10-23 01:33,0,+3.3,+4.6,+7.1,+8.0,+7.8,+8.2,+8.3,+8.2,+8.2
2022-10-23 02:33,0,+3.3,+4.6,+7.1,+8.0,+7.7,+8.2,+8.3,+8.2,+8.2
2022-10-23 03:33,0,+3.3,+4.6,+7.1,+8.0,+7.8,+8.2,+8.3,+8.3,+8.2
2022-10-23 04:33,0,+3.3,+4.7,+7.1,+7.8,+7.7,+8.2,+8.3,+8.2,+8.2
2022-10-23 05:33,0,+3.4,+4.7,+7.1,+7.8,+7.7,+8.2,+8.5,+8.3,+8.2
2022-10-23 06:33,0,+3.4,+4.7,+7.1,+7.8,+7.7,+8.2,+8.5,+8.3,+8.2
2022-10-23 07:33,0,+3.4,+4.7,+7.1,+7.7,+7.6,+8.2,+8.5,+8.3,+8.2
2022-10-23 08:33,0,+3.4,+4.7,+7.1,+7.7,+7.6,+8.2,+8.5,+8.3,+8.3
2022-10-23 09:33,0,+3.4,+4.7,+7.1,+7.8,+7.6,+8.2,+8.5,+8.3,+8.3
2022-10-23 10:33,0,+3.4,+4.7,+7.1,+8.1,+7.7,+8.2,+8.5,+8.3,+8.3
2022-10-23 11:33,0,+3.4,+4.7,+7.1,+8.3,+7.7,+8.2,+8.5,+8.3,+8.2
2022-10-23 12:33,0,+3.3,+4.7,+7.2,+8.8,+7.8,+8.2,+8.5,+8.5,+8.3
2022-10-23 13:33,0,+3.4,+4.7,+7.2,+9.3,+8.0,+8.2,+8.3,+8.3,+8.3
2022-10-23 14:33,0,+3.6,+4.7,+7.2,+9.6,+8.2,+8.3,+8.5,+8.3,+8.3
2022-10-23 15:33,0,+3.6,+4.8,+7.2,+9.8,+8.3,+8.3,+8.5,+8.5,+8.3
2022-10-23 16:33,0,+3.8,+4.8,+7.2,+10.1,+8.5,+8.5,+8.6,+8.5,+8.3
2022-10-23 17:33,0,+3.8,+4.9,+7.2,+10.2,+8.7,+8.6,+8.6,+8.5,+8.3
2022-10-23 18:33,0,+3.9,+4.9,+7.2,+10.2,+8.7,+8.7,+8.6,+8.5,+8.3
2022-10-23 19:33,0,+3.9,+4.9,+7.2,+10.2,+8.8,+8.7,+8.7,+8.5,+8.5
2022-10-23 20:33,0,+3.6,+4.9,+7.3,+10.2,+9.1,+8.8,+8.7,+8.5,+8.5
2022-10-23 21:33,0,+3.9,+4.9,+7.3,+10.3,+9.1,+9.0,+8.8,+8.6,+8.5
2022-10-23 22:33,0,+4.1,+4.9,+7.3,+10.5,+9.2,+9.1,+8.8,+8.6,+8.5
2022-10-23 23:33,0,+6.6,+5.0,+7.3,+10.8,+9.3,+9.1,+8.8,+8.6,+8.5
2022-10-24 00:33,0,+10.1,+5.1,+7.3,+10.7,+9.5,+9.2,+9.0,+8.7,+8.5
2022-10-24 01:33,0,+8.5,+5.1,+7.3,+10.6,+9.5,+9.3,+9.0,+8.7,+8.6
2022-10-24 02:33,0,+9.1,+5.1,+7.4,+10.7,+9.5,+9.3,+9.1,+8.7,+8.6
2022-10-24 03:33,0,+9.6,+5.2,+7.4,+10.7,+9.6,+9.5,+9.1,+8.7,+8.6
2022-10-24 04:33,0,+9.5,+5.2,+7.4,+10.7,+9.6,+9.5,+9.2,+8.8,+8.7
2022-10-24 05:33,0,+8.8,+5.5,+7.4,+10.7,+9.7,+9.6,+9.2,+8.8,+8.7
2022-10-24 06:33,0,+8.7,+5.6,+7.4,+10.7,+9.7,+9.6,+9.2,+9.0,+8.7
2022-10-24 07:33,0,+8.5,+5.6,+7.5,+10.8,+9.8,+9.6,+9.3,+9.0,+8.7
2022-10-24 08:33,0,+8.3,+5.6,+7.6,+11.0,+9.8,+9.7,+9.3,+9.0,+8.8
2022-10-24 09:33,0,+8.3,+5.6,+7.7,+11.0,+10.0,+9.7,+9.5,+9.0,+8.8
2022-10-24 10:33,0,+8.2,+5.6,+8.0,+11.1,+10.0,+9.8,+9.5,+9.0,+8.8
2022-10-24 11:33,0,+8.1,+5.6,+8.1,+11.1,+10.1,+9.8,+9.5,+9.1,+8.8
2022-10-24 12:33,0,+7.9,+5.6,+8.2,+11.2,+10.1,+10.0,+9.6,+9.1,+8.8
2022-10-24 13:33,0,+7.8,+5.7,+8.3,+11.1,+10.1,+10.0,+9.6,+9.2,+9.0
2022-10-24 14:33,0,+7.8,+5.7,+8.3,+10.8,+10.1,+10.1,+9.6,+9.2,+9.0
2022-10-24 15:33,0,+7.6,+5.7,+8.3,+10.7,+10.1,+10.1,+9.7,+9.2,+9.0
2022-10-24 16:33,0,+7.7,+5.7,+8.3,+10.5,+10.0,+10.1,+9.7,+9.2,+9.0
2022-10-24 17:33,0,+7.9,+5.7,+8.6,+10.2,+10.0,+10.1,+9.7,+9.2,+9.1
2022-10-24 18:33,0,+7.9,+5.7,+8.6,+10.1,+9.8,+10.1,+9.8,+9.3,+9.1
2022-10-24 19:33,0,+7.9,+5.7,+8.7,+9.8,+9.7,+10.0,+9.8,+9.3,+9.1
2022-10-24 20:33,0,+7.8,+5.7,+8.8,+9.6,+9.6,+10.0,+9.8,+9.3,+9.1
2022-10-24 21:33,0,+7.7,+5.7,+8.8,+9.5,+9.5,+9.8,+9.7,+9.3,+9.2
2022-10-24 22:33,0,+7.7,+5.7,+8.8,+9.3,+9.3,+10.0,+9.7,+9.3,+9.2
2022-10-24 23:33,0,+7.8,+5.7,+8.8,+9.2,+9.3,+9.8,+9.8,+9.5,+9.2
2022-10-25 00:33,0,+7.8,+5.7,+8.8,+9.1,+9.2,+9.7,+9.8,+9.5,+9.2
2022-10-25 01:33,0,+7.9,+5.7,+8.7,+8.8,+9.1,+9.6,+9.8,+9.3,+9.2
2022-10-25 02:33,0,+7.8,+5.7,+8.8,+8.7,+9.0,+9.6,+9.7,+9.5,+9.2
2022-10-25 03:33,0,+7.7,+5.7,+8.7,+8.7,+9.0,+9.6,+9.7,+9.5,+9.2
2022-10-25 04:33,0,+7.6,+5.7,+8.8,+8.5,+8.8,+9.5,+9.7,+9.5,+9.3
2022-10-25 05:33,0,+7.4,+5.7,+8.8,+8.3,+8.7,+9.5,+9.7,+9.5,+9.2
2022-10-25 06:33,0,+7.4,+5.6,+8.7,+8.2,+8.6,+9.3,+9.6,+9.3,+9.2
2022-10-25 07:33,0,+7.3,+5.7,+8.8,+8.0,+8.5,+9.3,+9.6,+9.5,+9.2
2022-10-25 08:33,0,+7.4,+5.7,+8.8,+7.8,+8.3,+9.2,+9.6,+9.5,+9.2
2022-10-25 09:33,0,+7.4,+5.7,+8.7,+7.7,+8.2,+9.2,+9.5,+9.3,+9.2
2022-10-25 10:33,0,+7.5,+5.6,+8.7,+7.6,+8.2,+9.1,+9.5,+9.3,+9.2
2022-10-25 11:33,0,+7.5,+5.6,+8.7,+7.6,+8.1,+9.0,+9.5,+9.3,+9.2
2022-10-25 12:33,0,+7.4,+5.6,+8.7,+7.6,+8.0,+9.0,+9.5,+9.3,+9.2
2022-10-25 13:33,0,+7.4,+5.6,+8.7,+7.6,+8.0,+8.8,+9.3,+9.3,+9.2
2022-10-25 14:33,0,+7.5,+5.6,+8.7,+7.6,+7.8,+8.8,+9.3,+9.3,+9.2
2022-10-25 15:33,0,+7.4,+5.6,+8.7,+7.5,+7.8,+8.7,+9.3,+9.3,+9.2
2022-10-25 16:33,0,+7.5,+5.6,+8.8,+7.5,+7.8,+8.7,+9.3,+9.2,+9.2
2022-10-25 17:33,0,+7.4,+5.6,+8.8,+7.3,+7.7,+8.6,+9.2,+9.2,+9.1
2022-10-25 18:33,0,+7.4,+5.6,+8.8,+7.3,+7.7,+8.6,+9.1,+9.2,+9.1
2022-10-25 19:33,0,+7.4,+5.6,+8.8,+7.2,+7.6,+8.6,+9.1,+9.2,+9.2
2022-10-25 20:33,0,+7.4,+5.6,+8.8,+7.2,+7.6,+8.5,+9.1,+9.1,+9.1
2022-10-25 21:33,0,+7.5,+5.6,+8.8,+7.1,+7.6,+8.5,+9.1,+9.1,+9.1
2022-10-25 22:33,0,+7.5,+5.6,+8.9,+7.0,+7.5,+8.5,+9.1,+9.1,+9.1
2022-10-25 23:33,0,+7.7,+5.6,+8.8,+7.0,+7.5,+8.3,+9.1,+9.1,+9.1
2022-10-26 00:33,0,+7.4,+5.6,+8.8,+6.8,+7.3,+8.3,+9.0,+9.1,+9.0
2022-10-26 01:33,0,+7.5,+5.6,+8.8,+6.8,+7.3,+8.3,+9.0,+9.1,+9.0
2022-10-26 02:33,0,+7.4,+5.6,+8.8,+6.7,+7.2,+8.2,+9.0,+9.0,+9.0
2022-10-26 03:33,0,+7.8,+5.6,+8.8,+6.7,+7.1,+8.2,+8.8,+9.0,+9.0
2022-10-26 04:33,0,+7.8,+5.6,+8.8,+6.6,+7.1,+8.2,+8.8,+9.0,+9.0
2022-10-26 05:33,0,+7.8,+5.6,+8.7,+6.5,+7.1,+8.1,+8.7,+9.0,+8.8
2022-10-26 06:33,0,+7.6,+5.6,+8.7,+6.5,+7.1,+8.1,+8.8,+9.0,+8.8
2022-10-26 07:33,0,+7.8,+5.5,+8.7,+6.5,+7.0,+8.1,+8.7,+8.8,+8.8
2022-10-26 08:33,0,+7.9,+5.5,+8.7,+6.3,+7.0,+8.0,+8.7,+9.0,+8.8
2022-10-26 09:33,0,+7.9,+5.5,+8.7,+6.3,+6.8,+8.0,+8.6,+8.8,+8.8
2022-10-26 10:33,0,+7.8,+5.5,+8.7,+6.3,+6.8,+8.0,+8.7,+8.8,+8.8
2022-10-26 11:33,0,+7.8,+5.5,+8.7,+6.3,+6.8,+7.8,+8.6,+8.8,+8.8
2022-10-26 12:33,0,+7.7,+5.5,+8.7,+6.5,+6.7,+7.8,+8.6,+8.8,+8.8
2022-10-26 13:33,0,+7.7,+5.5,+8.7,+6.6,+6.7,+7.7,+8.5,+8.7,+8.7
2022-10-26 14:33,0,+7.7,+5.5,+8.7,+6.7,+6.8,+7.8,+8.5,+8.7,+8.7
2022-10-26 15:33,0,+7.6,+5.5,+8.7,+6.7,+6.8,+7.7,+8.5,+8.7,+8.7
2022-10-26 16:33,0,+7.5,+5.5,+8.8,+6.7,+6.8,+7.8,+8.5,+8.7,+8.7
2022-10-26 17:33,0,+7.5,+5.5,+8.8,+6.7,+6.8,+7.7,+8.3,+8.7,+8.7
2022-10-26 18:33,0,+7.5,+5.5,+8.8,+6.6,+6.8,+7.7,+8.5,+8.7,+8.7
2022-10-26 19:33,0,+7.7,+5.5,+8.9,+6.3,+6.8,+7.7,+8.3,+8.7,+8.6
2022-10-26 20:33,0,+7.7,+5.5,+8.9,+6.2,+6.7,+7.7,+8.5,+8.6,+8.7
2022-10-26 21:33,0,+8.0,+5.5,+8.9,+6.1,+6.7,+7.7,+8.3,+8.6,+8.6
2022-10-26 22:33,0,+7.9,+5.5,+8.9,+6.0,+6.6,+7.7,+8.3,+8.6,+8.6
2022-10-26 23:33,0,+8.0,+5.5,+8.9,+5.8,+6.6,+7.6,+8.3,+8.6,+8.6
2022-10-27 00:33,0,+7.9,+5.5,+8.9,+5.7,+6.5,+7.6,+8.3,+8.6,+8.6
2022-10-27 01:33,0,+7.9,+5.5,+8.9,+5.6,+6.3,+7.5,+8.3,+8.6,+8.6
2022-10-27 02:33,0,+7.8,+5.5,+8.9,+5.5,+6.3,+7.5,+8.2,+8.6,+8.6
2022-10-27 03:33,0,+8.0,+5.5,+8.9,+5.5,+6.2,+7.5,+8.2,+8.5,+8.5
2022-10-27 04:33,0,+7.8,+5.5,+8.9,+5.3,+6.2,+7.3,+8.2,+8.5,+8.5
2022-10-27 05:33,0,+8.2,+5.5,+8.9,+5.2,+6.1,+7.3,+8.2,+8.5,+8.5
2022-10-27 06:33,0,+8.3,+5.5,+9.0,+5.2,+6.1,+7.2,+8.1,+8.5,+8.5
2022-10-27 07:33,0,+8.2,+5.5,+9.0,+5.2,+6.0,+7.2,+8.1,+8.5,+8.5
2022-10-27 08:33,0,+8.1,+5.5,+9.0,+5.1,+6.0,+7.1,+8.1,+8.3,+8.5
2022-10-27 09:33,0,+8.1,+5.5,+8.9,+5.2,+5.8,+7.1,+8.0,+8.3,+8.5
2022-10-27 10:33,0,+8.7,+5.7,+8.9,+5.2,+5.8,+7.1,+8.0,+8.3,+8.3
2022-10-27 11:33,0,+8.6,+5.6,+9.0,+5.5,+5.8,+7.0,+8.0,+8.3,+8.3
2022-10-27 12:33,0,+8.3,+5.6,+9.0,+5.8,+5.8,+7.0,+7.8,+8.3,+8.3
2022-10-27 13:33,0,+8.4,+5.6,+9.0,+6.1,+6.0,+7.0,+7.8,+8.2,+8.3
2022-10-27 14:33,0,+8.7,+5.6,+9.0,+6.3,+6.1,+7.0,+7.8,+8.2,+8.3
2022-10-27 15:33,0,+8.5,+5.6,+9.0,+6.3,+6.1,+7.0,+7.8,+8.2,+8.2
2022-10-27 16:33,0,+8.4,+5.6,+9.0,+6.5,+6.2,+7.1,+7.8,+8.2,+8.2
2022-10-27 17:33,0,+8.2,+5.7,+9.1,+6.6,+6.3,+7.1,+7.8,+8.2,+8.2
2022-10-27 18:33,0,+8.2,+5.7,+9.1,+6.6,+6.3,+7.1,+7.8,+8.1,+8.2
2022-10-27 19:33,0,+8.1,+5.7,+9.1,+6.6,+6.5,+7.2,+7.7,+8.1,+8.2
2022-10-27 20:33,0,+8.1,+5.7,+9.1,+6.7,+6.5,+7.2,+7.8,+8.1,+8.2
2022-10-27 21:33,0,+8.3,+5.7,+9.1,+6.7,+6.6,+7.2,+7.8,+8.1,+8.2
2022-10-27 22:33,0,+8.2,+5.8,+9.1,+6.7,+6.6,+7.3,+7.8,+8.1,+8.1
2022-10-27 23:33,0,+8.3,+5.7,+9.1,+6.7,+6.7,+7.3,+7.8,+8.1,+8.2
2022-10-28 00:33,0,+8.2,+5.7,+9.1,+6.8,+6.6,+7.3,+7.8,+8.2,+8.1
2022-10-28 01:33,0,+8.2,+5.7,+9.1,+6.8,+6.7,+7.3,+7.8,+8.1,+8.1
2022-10-28 02:33,0,+8.3,+5.6,+9.1,+6.8,+6.7,+7.3,+7.8,+8.1,+8.1
2022-10-28 03:33,0,+8.2,+5.6,+9.1,+6.8,+6.7,+7.3,+8.0,+8.1,+8.2
2022-10-28 04:33,0,+8.2,+5.6,+9.1,+6.8,+6.7,+7.3,+8.0,+8.1,+8.1
2022-10-28 05:33,0,+8.3,+5.6,+9.1,+6.8,+6.7,+7.5,+8.0,+8.1,+8.1
2022-10-28 06:33,0,+8.3,+5.6,+9.1,+6.8,+6.7,+7.5,+8.0,+8.1,+8.1
2022-10-28 07:33,0,+8.3,+5.6,+9.1,+6.8,+6.7,+7.5,+8.0,+8.1,+8.2
2022-10-28 08:33,0,+8.2,+5.6,+9.1,+6.7,+6.7,+7.5,+8.0,+8.2,+8.1
2022-10-28 09:33,0,+8.1,+5.6,+9.1,+6.7,+6.8,+7.5,+8.0,+8.1,+8.1
2022-10-28 10:33,0,+7.8,+5.7,+9.1,+6.8,+6.7,+7.5,+8.0,+8.1,+8.1
2022-10-28 11:33,0,+7.8,+5.6,+9.1,+7.0,+6.7,+7.5,+8.0,+8.1,+8.1
2022-10-28 12:33,0,+7.7,+5.6,+9.1,+7.2,+6.7,+7.5,+8.0,+8.2,+8.2
2022-10-28 13:33,0,+7.9,+5.7,+9.1,+7.5,+6.8,+7.5,+8.0,+8.2,+8.1
2022-10-28 14:33,0,+7.9,+5.7,+9.1,+7.7,+7.0,+7.5,+8.0,+8.2,+8.1
2022-10-28 15:33,0,+7.6,+5.7,+9.2,+8.0,+7.1,+7.6,+8.0,+8.2,+8.1
2022-10-28 16:33,0,+7.3,+5.7,+9.2,+8.1,+7.2,+7.6,+8.0,+8.1,+8.1
2022-10-28 17:33,0,+7.3,+5.7,+9.2,+8.1,+7.3,+7.7,+8.1,+8.1,+8.1
2022-10-28 18:33,0,+7.4,+5.7,+9.2,+8.1,+7.5,+7.7,+8.1,+8.2,+8.2
2022-10-28 19:33,0,+7.4,+5.7,+9.2,+8.1,+7.5,+7.8,+8.1,+8.2,+8.2
2022-10-28 20:33,0,+7.3,+5.7,+9.2,+8.0,+7.5,+7.8,+8.2,+8.2,+8.2
2022-10-28 21:33,0,+7.2,+5.7,+9.2,+8.0,+7.6,+8.0,+8.2,+8.2,+8.2
2022-10-28 22:33,0,+7.1,+5.7,+9.2,+8.0,+7.6,+8.0,+8.2,+8.2,+8.2
2022-10-28 23:33,0,+7.0,+5.7,+9.2,+8.0,+7.6,+8.0,+8.2,+8.2,+8.2
2022-10-29 00:33,0,+7.0,+5.7,+9.2,+8.0,+7.6,+8.0,+8.2,+8.2,+8.2
2022-10-29 01:33,0,+7.0,+5.7,+9.2,+8.0,+7.6,+8.1,+8.2,+8.3,+8.3
2022-10-29 02:33,0,+7.0,+5.7,+9.2,+8.0,+7.6,+8.1,+8.3,+8.3,+8.2
2022-10-29 03:33,0,+7.0,+5.7,+9.2,+8.0,+7.6,+8.1,+8.3,+8.3,+8.3
2022-10-29 04:33,0,+6.7,+5.7,+9.2,+8.0,+7.6,+8.1,+8.3,+8.3,+8.3
2022-10-29 05:33,0,+6.7,+5.7,+9.2,+7.8,+7.6,+8.1,+8.3,+8.3,+8.2
2022-10-29 06:33,0,+6.6,+5.7,+9.2,+7.8,+7.6,+8.1,+8.3,+8.3,+8.3
2022-10-29 07:33,0,+6.6,+5.7,+9.2,+7.7,+7.6,+8.1,+8.5,+8.3,+8.3
2022-10-29 08:33,0,+6.7,+5.7,+9.2,+7.7,+7.6,+8.1,+8.5,+8.3,+8.3
2022-10-29 09:33,0,+6.7,+5.7,+9.2,+7.7,+7.6,+8.2,+8.3,+8.3,+8.3
2022-10-29 10:33,0,+6.7,+5.7,+9.2,+7.7,+7.6,+8.2,+8.5,+8.3,+8.3
2022-10-29 11:33,0,+6.8,+5.7,+9.2,+7.8,+7.6,+8.1,+8.5,+8.5,+8.3
2022-10-29 12:33,0,+6.8,+5.7,+9.2,+8.1,+7.6,+8.1,+8.5,+8.3,+8.3
2022-10-29 13:33,0,+6.6,+5.8,+9.3,+8.3,+7.7,+8.1,+8.5,+8.5,+8.3
2022-10-29 14:33,0,+6.5,+5.8,+9.3,+8.6,+7.7,+8.2,+8.3,+8.3,+8.3
2022-10-29 15:33,0,+6.5,+5.8,+9.3,+8.8,+8.0,+8.2,+8.5,+8.5,+8.3
2022-10-29 16:33,0,+6.4,+5.8,+9.3,+9.0,+8.0,+8.3,+8.5,+8.5,+8.5
2022-10-29 17:33,0,+6.3,+5.8,+9.3,+9.0,+8.1,+8.3,+8.5,+8.5,+8.3
2022-10-29 18:33,0,+6.3,+5.8,+9.3,+9.0,+8.2,+8.3,+8.5,+8.5,+8.3
2022-10-29 19:33,0,+6.4,+5.8,+9.3,+8.8,+8.2,+8.5,+8.6,+8.5,+8.3
2022-10-29 20:33,0,+6.4,+5.8,+9.3,+8.7,+8.2,+8.5,+8.6,+8.5,+8.5
2022-10-29 21:33,0,+6.3,+5.8,+9.3,+8.7,+8.2,+8.6,+8.6,+8.5,+8.5
2022-10-29 22:33,0,+6.3,+5.8,+9.3,+8.6,+8.2,+8.6,+8.6,+8.6,+8.5
2022-10-29 23:33,0,+6.3,+5.8,+9.3,+8.6,+8.2,+8.6,+8.7,+8.6,+8.5
2022-10-30 00:33,0,+6.3,+5.8,+9.3,+8.6,+8.2,+8.6,+8.7,+8.6,+8.5
2022-10-30 01:33,0,+6.3,+5.8,+9.3,+8.5,+8.2,+8.6,+8.7,+8.6,+8.5
2022-10-30 02:33,0,+6.3,+5.8,+9.3,+8.5,+8.2,+8.6,+8.7,+8.6,+8.5
2022-10-30 03:33,0,+6.3,+5.8,+9.3,+8.3,+8.1,+8.6,+8.7,+8.6,+8.5
2022-10-30 04:33,0,+6.3,+5.8,+9.3,+8.2,+8.1,+8.6,+8.7,+8.6,+8.6
2022-10-30 05:33,0,+6.3,+5.8,+9.3,+8.1,+8.1,+8.6,+8.7,+8.6,+8.5
2022-10-30 06:33,0,+6.3,+5.8,+9.3,+8.0,+8.1,+8.6,+8.7,+8.6,+8.6
2022-10-30 07:33,0,+6.3,+5.8,+9.3,+7.7,+8.0,+8.6,+8.7,+8.7,+8.5
2022-10-30 08:33,0,+6.4,+5.8,+9.3,+7.6,+7.8,+8.5,+8.7,+8.7,+8.6
2022-10-30 09:33,0,+6.4,+5.8,+9.3,+7.6,+7.8,+8.5,+8.7,+8.6,+8.6
2022-10-30 10:33,0,+6.4,+5.8,+9.3,+7.5,+7.7,+8.5,+8.7,+8.7,+8.6
2022-10-30 11:33,0,+6.4,+5.8,+9.3,+7.7,+7.7,+8.5,+8.7,+8.7,+8.6
2022-10-30 12:33,0,+6.3,+5.8,+9.3,+8.0,+7.7,+8.3,+8.7,+8.7,+8.6
2022-10-30 13:33,0,+6.2,+5.8,+9.3,+8.2,+7.7,+8.3,+8.7,+8.6,+8.6
2022-10-30 14:33,0,+6.3,+5.8,+9.3,+8.5,+7.7,+8.3,+8.7,+8.6,+8.6
2022-10-30 15:33,0,+6.2,+5.8,+9.3,+8.6,+7.8,+8.3,+8.7,+8.6,+8.6
2022-10-30 16:33,0,+6.2,+5.8,+9.3,+8.7,+8.0,+8.5,+8.7,+8.7,+8.6
2022-10-30 17:33,0,+6.2,+5.8,+9.3,+8.7,+8.1,+8.5,+8.7,+8.7,+8.6
2022-10-30 18:33,0,+6.1,+5.8,+9.3,+8.6,+8.1,+8.5,+8.7,+8.6,+8.6
2022-10-30 19:33,0,+6.2,+5.8,+9.3,+8.3,+8.1,+8.6,+8.7,+8.7,+8.6
2022-10-30 20:33,0,+6.2,+5.8,+9.3,+8.2,+8.1,+8.5,+8.7,+8.6,+8.6
2022-10-30 21:33,0,+6.2,+5.8,+9.3,+8.1,+8.1,+8.6,+8.7,+8.7,+8.6
2022-10-30 22:33,0,+6.2,+5.8,+9.3,+7.8,+8.0,+8.6,+8.7,+8.6,+8.6
2022-10-30 23:33,0,+6.2,+5.8,+9.3,+7.6,+8.0,+8.5,+8.8,+8.7,+8.6
2022-10-31 00:33,0,+6.2,+5.8,+9.3,+7.5,+7.8,+8.5,+8.7,+8.7,+8.6
2022-10-31 01:33,0,+6.2,+5.8,+9.3,+7.2,+7.7,+8.5,+8.7,+8.7,+8.6
2022-10-31 02:33,0,+6.2,+5.8,+9.3,+7.1,+7.6,+8.5,+8.7,+8.7,+8.6
2022-10-31 03:33,0,+6.2,+5.8,+9.2,+7.0,+7.5,+8.3,+8.7,+8.7,+8.6
2022-10-31 04:33,0,+6.2,+5.8,+9.2,+6.8,+7.5,+8.2,+8.7,+8.7,+8.6
2022-10-31 05:33,0,+6.2,+5.8,+9.2,+6.7,+7.3,+8.2,+8.7,+8.7,+8.6
2022-10-31 06:33,0,+6.2,+5.8,+9.2,+6.6,+7.2,+8.2,+8.6,+8.7,+8.6
2022-10-31 07:33,0,+6.2,+5.8,+9.2,+6.5,+7.1,+8.1,+8.6,+8.7,+8.6
2022-10-31 08:33,0,+6.2,+5.8,+9.2,+6.5,+7.1,+8.0,+8.6,+8.6,+8.6
2022-10-31 09:33,0,+6.3,+5.8,+9.2,+6.5,+7.0,+8.0,+8.6,+8.6,+8.6
2022-10-31 10:33,0,+6.3,+5.8,+9.2,+6.7,+7.0,+8.0,+8.6,+8.6,+8.6
2022-10-31 11:33,0,+6.3,+5.8,+9.2,+6.8,+7.0,+7.8,+8.5,+8.6,+8.6
2022-10-31 12:33,0,+6.2,+5.8,+9.3,+7.2,+7.0,+7.8,+8.5,+8.6,+8.5
2022-10-31 13:33,0,+6.2,+5.8,+9.3,+7.6,+7.1,+7.8,+8.5,+8.5,+8.5
2022-10-31 14:33,0,+6.1,+5.8,+9.3,+7.8,+7.2,+7.8,+8.3,+8.6,+8.5
2022-10-31 15:33,0,+6.0,+5.8,+9.3,+8.0,+7.3,+7.8,+8.5,+8.6,+8.5
2022-10-31 16:33,0,+5.9,+5.8,+9.3,+8.2,+7.3,+8.0,+8.3,+8.6,+8.5
2022-10-31 17:33,0,+5.9,+5.8,+9.3,+8.2,+7.5,+8.1,+8.3,+8.6,+8.5
2022-10-31 18:33,0,+5.9,+5.8,+9.3,+8.2,+7.6,+8.1,+8.5,+8.5,+8.5
2022-10-31 19:33,0,+6.3,+5.8,+9.3,+8.1,+7.6,+8.1,+8.5,+8.5,+8.5
2022-10-31 20:33,0,+6.3,+5.8,+9.3,+8.1,+7.7,+8.1,+8.5,+8.5,+8.5
2022-10-31 21:33,0,+6.0,+5.8,+9.3,+8.1,+7.7,+8.2,+8.5,+8.5,+8.5
2022-10-31 22:33,0,+6.0,+5.8,+9.3,+8.0,+7.7,+8.2,+8.5,+8.5,+8.5
2022-10-31 23:33,0,+6.1,+5.8,+9.3,+7.8,+7.7,+8.2,+8.5,+8.5,+8.5
2022-11-01 00:33,0,+6.2,+5.8,+9.3,+7.8,+7.7,+8.2,+8.5,+8.5,+8.5
2022-11-01 01:33,0,+6.2,+5.8,+9.3,+7.7,+7.6,+8.2,+8.5,+8.5,+8.5
2022-11-01 02:33,0,+6.4,+5.8,+9.3,+7.5,+7.6,+8.2,+8.6,+8.5,+8.5
2022-11-01 03:33,0,+6.0,+5.8,+9.3,+7.3,+7.6,+8.2,+8.5,+8.6,+8.5
2022-11-01 04:33,0,+6.0,+5.8,+9.3,+7.3,+7.5,+8.2,+8.5,+8.6,+8.5
2022-11-01 05:33,0,+6.5,+5.8,+9.3,+7.1,+7.5,+8.2,+8.6,+8.6,+8.5
2022-11-01 06:33,0,+6.6,+5.8,+9.3,+7.0,+7.3,+8.1,+8.5,+8.5,+8.5
2022-11-01 07:33,0,+6.8,+5.8,+9.3,+6.8,+7.3,+8.1,+8.5,+8.6,+8.5
2022-11-01 08:33,0,+6.8,+5.8,+9.3,+6.7,+7.2,+8.0,+8.5,+8.5,+8.5
2022-11-01 09:33,0,+6.9,+5.8,+9.3,+6.6,+7.1,+8.1,+8.5,+8.6,+8.5
2022-11-01 10:33,0,+6.9,+5.8,+9.3,+6.7,+7.0,+8.0,+8.5,+8.6,+8.5
2022-11-01 11:33,0,+7.1,+5.8,+9.3,+7.0,+7.1,+8.0,+8.5,+8.5,+8.5
2022-11-01 12:33,0,+7.1,+5.8,+9.3,+7.3,+7.1,+7.8,+8.5,+8.5,+8.5
2022-11-01 13:33,0,+6.9,+5.8,+9.3,+7.7,+7.2,+7.8,+8.3,+8.5,+8.5
2022-11-01 14:33,0,+6.9,+5.8,+9.3,+8.1,+7.3,+8.0,+8.3,+8.5,+8.5
2022-11-01 15:33,0,+6.8,+5.8,+9.3,+8.5,+7.5,+8.0,+8.3,+8.5,+8.5
2022-11-01 16:33,0,+6.8,+5.8,+9.3,+8.6,+7.6,+8.0,+8.3,+8.5,+8.5
2022-11-01 17:33,0,+6.8,+5.8,+9.3,+8.7,+7.7,+8.1,+8.5,+8.5,+8.5
2022-11-01 18:33,0,+6.5,+5.8,+9.3,+8.6,+7.8,+8.1,+8.3,+8.5,+8.5
2022-11-01 19:33,0,+6.7,+5.8,+9.3,+8.6,+8.0,+8.2,+8.5,+8.5,+8.5
2022-11-01 20:33,0,+6.7,+5.8,+9.3,+8.5,+8.0,+8.2,+8.5,+8.5,+8.5
2022-11-01 21:33,0,+6.7,+5.8,+9.4,+8.5,+8.0,+8.3,+8.5,+8.5,+8.5
2022-11-01 22:33,0,+6.7,+5.9,+9.4,+8.3,+8.0,+8.3,+8.6,+8.5,+8.5
2022-11-01 23:33,0,+6.6,+5.9,+9.4,+8.2,+8.0,+8.3,+8.5,+8.5,+8.5
2022-11-02 00:33,0,+6.5,+5.9,+9.4,+8.2,+8.0,+8.3,+8.6,+8.5,+8.5
2022-11-02 01:33,0,+6.4,+5.9,+9.4,+8.1,+8.0,+8.3,+8.6,+8.5,+8.5
2022-11-02 02:33,0,+6.5,+5.9,+9.4,+8.0,+8.0,+8.5,+8.6,+8.6,+8.5
2022-11-02 03:33,0,+6.4,+5.9,+9.4,+7.8,+8.0,+8.3,+8.6,+8.6,+8.5
2022-11-02 04:33,0,+6.4,+5.9,+9.4,+7.8,+7.8,+8.3,+8.6,+8.6,+8.5
2022-11-02 05:33,0,+6.4,+5.9,+9.4,+7.7,+7.8,+8.3,+8.7,+8.6,+8.5
2022-11-02 06:33,0,+6.2,+5.9,+9.4,+7.7,+7.7,+8.3,+8.6,+8.6,+8.5
2022-11-02 07:33,0,+6.1,+5.9,+9.4,+7.7,+7.7,+8.3,+8.6,+8.6,+8.5
2022-11-02 08:33,0,+6.2,+5.9,+9.4,+7.7,+7.7,+8.3,+8.6,+8.6,+8.5
2022-11-02 09:33,0,+6.0,+5.9,+9.4,+7.8,+7.7,+8.3,+8.6,+8.6,+8.6
2022-11-02 10:33,0,+6.0,+5.9,+9.4,+8.0,+7.7,+8.3,+8.6,+8.6,+8.5
2022-11-02 11:33,0,+5.9,+5.9,+9.4,+8.3,+7.7,+8.3,+8.6,+8.6,+8.6
2022-11-02 12:33,0,+6.0,+5.9,+9.4,+8.7,+7.8,+8.3,+8.6,+8.6,+8.5
2022-11-02 13:33,0,+6.0,+5.9,+9.4,+9.2,+8.0,+8.3,+8.6,+8.6,+8.5
2022-11-02 14:33,0,+5.9,+5.9,+9.4,+9.6,+8.2,+8.5,+8.7,+8.6,+8.5
2022-11-02 15:33,0,+5.9,+5.9,+9.4,+9.7,+8.3,+8.5,+8.6,+8.6,+8.6
2022-11-02 16:33,0,+5.9,+5.9,+9.4,+9.8,+8.5,+8.6,+8.7,+8.6,+8.5
2022-11-02 17:33,0,+5.9,+5.9,+9.4,+10.0,+8.7,+8.7,+8.7,+8.6,+8.5
2022-11-02 18:33,0,+5.9,+5.9,+9.4,+10.1,+8.7,+8.7,+8.7,+8.6,+8.5
2022-11-02 19:33,0,+6.0,+5.9,+9.4,+10.1,+8.8,+8.8,+8.7,+8.7,+8.6
2022-11-02 20:33,0,+6.0,+6.0,+9.4,+10.1,+9.0,+9.0,+8.8,+8.7,+8.6
2022-11-02 21:33,0,+6.0,+6.0,+9.4,+10.1,+9.0,+9.0,+8.8,+8.7,+8.6
2022-11-02 22:33,0,+5.9,+6.0,+9.4,+10.2,+9.1,+9.1,+9.0,+8.7,+8.6
2022-11-02 23:33,0,+6.0,+6.0,+9.4,+10.1,+9.1,+9.1,+9.1,+8.7,+8.6
2022-11-03 00:33,0,+6.0,+6.0,+9.4,+10.1,+9.2,+9.1,+9.1,+8.7,+8.6
2022-11-03 01:33,0,+5.9,+6.0,+9.4,+10.1,+9.2,+9.2,+9.1,+8.8,+8.7
2022-11-03 02:33,0,+5.7,+6.0,+9.4,+10.0,+9.2,+9.2,+9.1,+8.8,+8.7
2022-11-03 03:33,0,+5.7,+6.0,+9.4,+10.0,+9.2,+9.3,+9.2,+8.8,+8.7
2022-11-03 04:33,0,+5.6,+6.0,+9.4,+9.8,+9.2,+9.3,+9.2,+8.8,+8.7
2022-11-03 05:33,0,+5.7,+6.0,+9.4,+9.8,+9.2,+9.3,+9.2,+9.0,+8.8
2022-11-03 06:33,0,+5.7,+6.0,+9.4,+9.7,+9.2,+9.3,+9.2,+9.0,+8.7
2022-11-03 07:33,0,+5.7,+6.0,+9.4,+9.6,+9.2,+9.3,+9.2,+9.0,+8.8
2022-11-03 08:33,0,+5.6,+6.1,+9.4,+9.5,+9.2,+9.3,+9.2,+9.0,+8.8
2022-11-03 09:33,0,+5.8,+6.2,+9.4,+9.5,+9.1,+9.5,+9.3,+9.0,+8.8
2022-11-03 10:33,0,+5.8,+6.2,+9.4,+9.6,+9.2,+9.3,+9.3,+9.0,+8.8
2022-11-03 11:33,0,+5.8,+6.2,+9.4,+9.7,+9.1,+9.3,+9.3,+9.0,+9.0
2022-11-03 12:33,0,+5.9,+6.2,+9.4,+10.0,+9.1,+9.3,+9.3,+9.1,+8.8
2022-11-03 13:33,0,+5.9,+6.2,+9.4,+10.1,+9.2,+9.5,+9.3,+9.1,+9.0
2022-11-03 14:33,0,+5.9,+6.2,+9.4,+10.2,+9.3,+9.5,+9.3,+9.1,+9.0
2022-11-03 15:33,0,+6.3,+6.2,+9.4,+10.2,+9.3,+9.5,+9.3,+9.1,+9.0
2022-11-03 16:33,0,+6.4,+6.2,+9.4,+10.1,+9.5,+9.5,+9.3,+9.1,+9.0
2022-11-03 17:33,0,+6.3,+6.2,+9.4,+9.8,+9.3,+9.5,+9.5,+9.1,+9.0
2022-11-03 18:33,0,+6.4,+6.2,+9.4,+9.6,+9.3,+9.6,+9.5,+9.1,+9.0
2022-11-03 19:33,0,+6.4,+6.2,+9.5,+9.2,+9.2,+9.6,+9.5,+9.1,+9.0
2022-11-03 20:33,0,+6.7,+6.2,+9.4,+9.0,+9.2,+9.6,+9.5,+9.2,+9.1
2022-11-03 21:33,0,+7.8,+6.2,+9.4,+8.7,+9.0,+9.5,+9.5,+9.2,+9.1
2022-11-03 22:33,0,+7.8,+6.2,+9.4,+8.6,+9.0,+9.5,+9.5,+9.2,+9.0
2022-11-03 23:33,0,+8.0,+6.2,+9.4,+8.3,+8.7,+9.3,+9.5,+9.2,+9.1
2022-11-04 00:33,0,+8.2,+6.2,+9.4,+8.2,+8.6,+9.3,+9.5,+9.2,+9.1
2022-11-04 01:33,0,+8.3,+6.2,+9.4,+8.1,+8.5,+9.3,+9.5,+9.2,+9.0
2022-11-04 02:33,0,+8.1,+6.2,+9.4,+8.0,+8.5,+9.2,+9.5,+9.2,+9.1
2022-11-04 03:33,0,+8.1,+6.2,+9.4,+7.7,+8.3,+9.1,+9.5,+9.2,+9.1
2022-11-04 04:33,0,+8.1,+6.2,+9.4,+7.6,+8.2,+9.1,+9.5,+9.2,+9.1
2022-11-04 05:33,0,+7.9,+6.2,+9.3,+7.5,+8.1,+9.0,+9.3,+9.2,+9.1
2022-11-04 06:33,0,+7.8,+6.2,+9.3,+7.3,+8.0,+8.8,+9.3,+9.2,+9.1
2022-11-04 07:33,0,+7.9,+6.2,+9.3,+7.1,+7.8,+8.8,+9.2,+9.2,+9.0
2022-11-04 08:33,0,+7.9,+6.2,+9.3,+7.0,+7.7,+8.7,+9.2,+9.1,+9.1
2022-11-04 09:33,0,+7.7,+6.1,+9.3,+6.8,+7.6,+8.7,+9.2,+9.2,+9.1
2022-11-04 10:33,0,+7.5,+6.1,+9.3,+6.7,+7.5,+8.6,+9.2,+9.2,+9.0
2022-11-04 11:33,0,+7.7,+6.1,+9.3,+6.7,+7.5,+8.5,+9.1,+9.2,+9.0
2022-11-04 12:33,0,+7.7,+6.1,+9.3,+6.7,+7.3,+8.5,+9.1,+9.0,+9.1
2022-11-04 13:33,0,+7.7,+6.1,+9.3,+6.7,+7.2,+8.3,+9.0,+9.1,+9.0
2022-11-04 14:33,0,+7.8,+6.1,+9.3,+6.7,+7.2,+8.2,+9.0,+9.1,+9.0
2022-11-04 15:33,0,+7.9,+6.1,+9.3,+6.7,+7.2,+8.2,+9.0,+9.0,+9.0
2022-11-04 16:33,0,+7.6,+6.1,+9.3,+6.7,+7.2,+8.2,+8.8,+9.0,+8.8
2022-11-04 17:33,0,+7.5,+6.1,+9.3,+6.7,+7.1,+8.2,+8.8,+9.0,+8.8
2022-11-04 18:33,0,+7.5,+6.1,+9.3,+6.5,+7.1,+8.1,+8.7,+8.8,+8.8
2022-11-04 19:33,0,+7.6,+6.1,+9.3,+6.3,+7.0,+8.1,+8.7,+9.0,+8.8
2022-11-04 20:33,0,+7.5,+6.1,+9.3,+6.1,+7.0,+8.1,+8.7,+8.8,+8.8
2022-11-04 21:33,0,+7.5,+6.1,+9.3,+6.0,+6.8,+8.0,+8.7,+8.8,+8.8
2022-11-04 22:33,0,+7.4,+6.1,+9.3,+5.8,+6.7,+8.0,+8.6,+8.8,+8.7
2022-11-04 23:33,0,+7.5,+6.2,+9.3,+5.7,+6.6,+7.8,+8.6,+8.8,+8.7
2022-11-05 00:33,0,+7.5,+6.1,+9.3,+5.5,+6.6,+7.7,+8.5,+8.7,+8.7
2022-11-05 01:33,0,+7.5,+6.1,+9.3,+5.5,+6.5,+7.7,+8.5,+8.7,+8.7
2022-11-05 02:33,0,+7.5,+6.1,+9.3,+5.2,+6.3,+7.6,+8.5,+8.7,+8.7
2022-11-05 03:33,0,+7.3,+6.1,+9.3,+5.2,+6.2,+7.6,+8.3,+8.6,+8.6
2022-11-05 04:33,0,+7.4,+6.1,+9.3,+5.0,+6.2,+7.5,+8.3,+8.6,+8.6
2022-11-05 05:33,0,+7.3,+6.1,+9.3,+4.8,+6.1,+7.3,+8.3,+8.6,+8.6
2022-11-05 06:33,0,+7.3,+6.1,+9.3,+4.8,+6.0,+7.3,+8.2,+8.6,+8.6
2022-11-05 07:33,0,+7.3,+6.1,+9.3,+4.7,+5.8,+7.2,+8.2,+8.5,+8.6
2022-11-05 08:33,0,+7.3,+6.1,+9.3,+4.6,+5.7,+7.2,+8.2,+8.5,+8.6
2022-11-05 09:33,0,+7.3,+6.1,+9.3,+4.6,+5.6,+7.1,+8.1,+8.5,+8.5
2022-11-05 10:33,0,+7.3,+6.1,+9.3,+4.6,+5.6,+7.0,+8.1,+8.5,+8.5
2022-11-05 11:33,0,+7.3,+6.1,+9.3,+4.7,+5.5,+7.0,+8.0,+8.5,+8.5
2022-11-05 12:33,0,+7.4,+6.1,+9.3,+4.8,+5.5,+6.8,+8.0,+8.3,+8.3
2022-11-05 13:33,0,+7.2,+6.1,+9.3,+5.0,+5.5,+6.8,+7.8,+8.3,+8.3
2022-11-05 14:33,0,+7.2,+6.1,+9.3,+5.2,+5.6,+6.8,+7.8,+8.3,+8.3
2022-11-05 15:33,0,+7.2,+6.1,+9.3,+5.2,+5.6,+6.8,+7.8,+8.2,+8.2
2022-11-05 16:33,0,+7.2,+6.1,+9.3,+5.3,+5.6,+6.7,+7.7,+8.2,+8.2
2022-11-05 17:33,0,+7.2,+6.1,+9.4,+5.3,+5.7,+6.8,+7.7,+8.2,+8.2
2022-11-05 18:33,0,+7.2,+6.1,+9.4,+5.3,+5.7,+6.7,+7.7,+8.1,+8.2
2022-11-05 19:33,0,+7.2,+6.1,+9.4,+5.2,+5.7,+6.7,+7.7,+8.1,+8.1
2022-11-05 20:33,0,+7.4,+6.1,+9.4,+5.1,+5.7,+6.7,+7.7,+8.1,+8.1
2022-11-05 21:33,0,+7.2,+6.2,+9.4,+5.0,+5.7,+6.7,+7.7,+8.1,+8.1
2022-11-05 22:33,0,+7.3,+6.2,+9.4,+5.0,+5.6,+6.7,+7.6,+8.1,+8.1
2022-11-05 23:33,0,+7.2,+6.2,+9.4,+4.8,+5.5,+6.7,+7.6,+8.0,+8.1
2022-11-06 00:33,0,+7.3,+6.2,+9.4,+4.8,+5.6,+6.7,+7.6,+8.0,+8.1
2022-11-06 01:33,0,+7.2,+6.2,+9.4,+4.8,+5.5,+6.6,+7.6,+8.0,+8.0
2022-11-06 01:33,0,+7.3,+6.2,+9.4,+5.0,+5.5,+6.6,+7.5,+8.0,+8.0
2022-11-06 02:33,0,+7.3,+6.2,+9.4,+5.0,+5.5,+6.7,+7.5,+8.0,+8.0
2022-11-06 03:33,0,+7.2,+6.2,+9.4,+5.1,+5.5,+6.6,+7.5,+8.0,+8.0
2022-11-06 04:33,0,+7.2,+6.2,+9.4,+5.1,+5.5,+6.6,+7.5,+7.8,+7.8
2022-11-06 05:33,0,+7.2,+6.1,+9.4,+5.1,+5.5,+6.6,+7.5,+7.8,+8.0
2022-11-06 06:33,0,+7.4,+6.1,+9.4,+5.1,+5.5,+6.6,+7.5,+7.8,+8.0
2022-11-06 07:33,0,+7.3,+6.1,+9.4,+5.1,+5.5,+6.6,+7.5,+7.8,+7.8
2022-11-06 08:33,0,+7.4,+6.1,+9.4,+5.1,+5.5,+6.5,+7.5,+7.7,+7.8
2022-11-06 09:33,0,+7.4,+6.1,+9.4,+5.1,+5.5,+6.5,+7.3,+7.7,+7.8
2022-11-06 10:33,0,+7.4,+6.1,+9.4,+5.1,+5.5,+6.5,+7.3,+7.7,+7.8
2022-11-06 11:33,0,+7.4,+6.2,+9.4,+5.1,+5.5,+6.5,+7.3,+7.7,+7.7
2022-11-06 12:33,0,+7.4,+6.2,+9.4,+5.1,+5.5,+6.5,+7.3,+7.8,+7.8
2022-11-06 13:33,0,+7.4,+6.2,+9.4,+5.1,+5.5,+6.5,+7.3,+7.7,+7.7
2022-11-06 14:33,0,+7.4,+6.2,+9.4,+5.0,+5.3,+6.5,+7.3,+7.7,+7.7
2022-11-06 15:33,0,+7.4,+6.2,+9.4,+4.8,+5.3,+6.5,+7.3,+7.7,+7.7
2022-11-06 16:33,0,+7.4,+6.2,+9.5,+4.7,+5.3,+6.5,+7.3,+7.7,+7.7
2022-11-06 17:33,0,+7.4,+6.2,+9.5,+4.6,+5.3,+6.5,+7.3,+7.7,+7.7
2022-11-06 18:33,0,+7.4,+6.2,+9.5,+4.5,+5.2,+6.5,+7.3,+7.6,+7.7
2022-11-06 19:33,0,+7.4,+6.2,+9.5,+4.3,+5.2,+6.3,+7.2,+7.6,+7.7
2022-11-06 20:33,0,+7.4,+6.2,+9.5,+4.3,+5.1,+6.3,+7.2,+7.6,+7.6
2022-11-06 21:33,0,+7.4,+6.2,+9.5,+4.2,+5.0,+6.2,+7.2,+7.6,+7.7
2022-11-06 22:33,0,+7.4,+6.2,+9.5,+4.1,+5.0,+6.2,+7.2,+7.6,+7.6
2022-11-06 23:33,0,+7.3,+6.2,+9.5,+4.1,+5.0,+6.2,+7.1,+7.6,+7.6
2022-11-07 00:33,0,+7.3,+6.2,+9.5,+4.0,+4.8,+6.1,+7.1,+7.5,+7.6
2022-11-07 01:33,0,+7.3,+6.2,+9.5,+4.0,+4.8,+6.1,+7.1,+7.6,+7.6
2022-11-07 02:33,0,+7.3,+6.2,+9.5,+4.0,+4.8,+6.1,+7.1,+7.5,+7.6
2022-11-07 03:33,0,+7.3,+6.2,+9.5,+4.0,+4.7,+6.0,+7.1,+7.5,+7.6
2022-11-07 04:33,0,+7.3,+6.2,+9.5,+3.8,+4.6,+6.0,+7.0,+7.5,+7.5
2022-11-07 05:33,0,+7.3,+6.2,+9.5,+3.8,+4.6,+6.0,+7.0,+7.5,+7.5
2022-11-07 06:33,0,+7.3,+6.2,+9.5,+3.8,+4.6,+5.8,+7.0,+7.3,+7.5
2022-11-07 07:33,0,+7.3,+6.2,+9.5,+3.8,+4.6,+5.8,+6.8,+7.3,+7.5
2022-11-07 08:33,0,+7.3,+6.2,+9.5,+3.8,+4.5,+5.8,+6.8,+7.3,+7.5
2022-11-07 09:33,0,+7.3,+6.2,+9.5,+3.8,+4.5,+5.8,+6.8,+7.3,+7.3
2022-11-07 10:33,0,+7.3,+6.2,+9.5,+4.0,+4.5,+5.8,+6.8,+7.3,+7.5
2022-11-07 11:33,0,+7.3,+6.2,+9.5,+4.1,+4.6,+5.7,+6.7,+7.3,+7.3
2022-11-07 12:33,0,+7.3,+6.2,+9.5,+4.2,+4.6,+5.7,+6.7,+7.3,+7.3
2022-11-07 13:33,0,+7.3,+6.2,+9.5,+4.3,+4.6,+5.7,+6.7,+7.2,+7.3
2022-11-07 14:33,0,+7.3,+6.2,+9.5,+4.3,+4.6,+5.7,+6.7,+7.2,+7.3
2022-11-07 15:33,0,+7.3,+6.2,+9.5,+4.3,+4.7,+5.7,+6.7,+7.2,+7.2
2022-11-07 16:33,0,+7.3,+6.2,+9.5,+4.3,+4.7,+5.7,+6.7,+7.1,+7.3
2022-11-07 17:33,0,+7.3,+6.3,+9.5,+4.3,+4.7,+5.7,+6.7,+7.1,+7.3
2022-11-07 18:33,0,+7.3,+6.3,+9.5,+4.2,+4.7,+5.7,+6.7,+7.1,+7.2
2022-11-07 19:33,0,+7.3,+6.3,+9.5,+4.2,+4.7,+5.7,+6.7,+7.1,+7.2
2022-11-07 20:33,0,+7.3,+6.3,+9.6,+4.1,+4.7,+5.7,+6.7,+7.1,+7.2
2022-11-07 21:33,0,+7.3,+6.3,+9.6,+4.1,+4.6,+5.8,+6.6,+7.1,+7.2
2022-11-07 22:33,0,+7.3,+6.3,+9.6,+4.1,+4.6,+5.7,+6.7,+7.1,+7.1
2022-11-07 23:33,0,+7.3,+6.3,+9.6,+4.2,+4.6,+5.7,+6.6,+7.1,+7.1
2022-11-08 00:33,0,+7.3,+6.3,+9.6,+4.2,+4.6,+5.7,+6.6,+7.1,+7.1
2022-11-08 01:33,0,+7.3,+6.3,+9.6,+4.1,+4.6,+5.7,+6.6,+7.1,+7.1
2022-11-08 02:33,0,+7.3,+6.3,+9.5,+4.2,+4.6,+5.7,+6.6,+7.0,+7.1
2022-11-08 03:33,0,+7.3,+6.3,+9.6,+4.1,+4.6,+5.7,+6.6,+7.0,+7.1
2022-11-08 04:33,0,+7.3,+6.3,+9.6,+4.2,+4.6,+5.7,+6.5,+7.0,+7.1
2022-11-08 05:33,0,+7.3,+6.3,+9.6,+4.2,+4.6,+5.7,+6.6,+7.1,+7.1
2022-11-08 06:33,0,+7.3,+6.3,+9.6,+4.2,+4.6,+5.7,+6.6,+7.0,+7.1
2022-11-08 07:33,0,+7.3,+6.3,+9.6,+4.2,+4.6,+5.6,+6.5,+7.0,+7.1
2022-11-08 08:33,0,+7.3,+6.3,+9.6,+4.2,+4.6,+5.6,+6.5,+7.0,+7.1
2022-11-08 09:33,0,+7.3,+6.3,+9.6,+4.2,+4.6,+5.7,+6.6,+7.0,+7.1
2022-11-08 10:33,0,+7.3,+6.3,+9.6,+4.3,+4.6,+5.6,+6.6,+7.0,+7.0
2022-11-08 11:33,0,+7.3,+6.3,+9.6,+4.5,+4.7,+5.7,+6.5,+7.0,+7.1
2022-11-08 12:33,0,+7.2,+6.3,+9.6,+4.6,+4.7,+5.6,+6.5,+7.0,+7.0
2022-11-08 13:33,0,+7.2,+6.3,+9.6,+4.7,+4.7,+5.6,+6.5,+7.0,+7.0
2022-11-08 14:33,0,+7.2,+6.3,+9.6,+4.7,+4.7,+5.7,+6.5,+7.0,+7.0
2022-11-08 15:33,0,+7.2,+6.3,+9.6,+4.7,+4.8,+5.7,+6.5,+7.0,+7.0
2022-11-08 16:33,0,+7.2,+6.3,+9.6,+4.8,+4.8,+5.7,+6.5,+7.0,+7.0
2022-11-08 17:33,0,+7.2,+6.3,+9.6,+4.8,+4.8,+5.7,+6.5,+7.0,+7.0
2022-11-08 18:33,0,+7.2,+6.3,+9.6,+4.8,+5.0,+5.8,+6.5,+6.8,+7.0
2022-11-08 19:33,0,+7.2,+6.3,+9.6,+4.8,+5.0,+5.8,+6.6,+6.8,+7.0
2022-11-08 20:33,0,+7.2,+6.3,+9.6,+4.8,+5.0,+5.8,+6.5,+6.8,+7.0
2022-11-08 21:33,0,+7.2,+6.3,+9.6,+5.0,+5.0,+5.8,+6.6,+6.8,+7.0
2022-11-08 22:33,0,+7.2,+6.3,+9.6,+5.0,+5.0,+5.8,+6.6,+6.8,+7.0
2022-11-08 23:33,0,+7.2,+6.3,+9.6,+5.1,+5.0,+5.8,+6.5,+6.8,+7.0
2022-11-09 00:33,0,+7.2,+6.4,+9.6,+5.1,+5.1,+5.8,+6.6,+6.8,+7.0
2022-11-09 01:33,0,+7.2,+6.4,+9.6,+5.2,+5.1,+6.0,+6.6,+6.8,+7.0
2022-11-09 02:33,0,+7.2,+6.4,+9.6,+5.2,+5.1,+5.8,+6.6,+6.8,+7.0
2022-11-09 03:33,0,+7.2,+6.4,+9.6,+5.3,+5.2,+6.0,+6.6,+6.8,+6.8
2022-11-09 04:33,0,+7.2,+6.4,+9.6,+5.3,+5.2,+6.0,+6.6,+6.8,+7.0
2022-11-09 05:33,0,+7.2,+6.4,+9.6,+5.5,+5.3,+6.0,+6.6,+7.0,+7.0
2022-11-09 06:33,0,+7.2,+6.4,+9.6,+5.5,+5.3,+6.0,+6.6,+6.8,+7.0
2022-11-09 07:33,0,+7.2,+6.4,+9.6,+5.5,+5.3,+6.0,+6.6,+7.0,+7.0
2022-11-09 08:33,0,+7.3,+6.4,+9.6,+5.6,+5.3,+6.1,+6.7,+7.0,+7.0
2022-11-09 09:33,0,+7.3,+6.4,+9.6,+5.6,+5.3,+6.1,+6.6,+6.8,+7.0
2022-11-09 10:33,0,+7.3,+6.4,+9.7,+5.7,+5.5,+6.1,+6.6,+6.8,+7.0
2022-11-09 11:33,0,+7.3,+6.4,+9.7,+5.7,+5.5,+6.1,+6.7,+6.8,+7.0
2022-11-09 12:33,0,+13.9,+7.0,+9.7,+5.7,+5.6,+6.2,+6.7,+7.0,+7.0
2022-11-09 13:33,0,+12.5,+7.1,+9.7,+5.8,+5.6,+6.2,+6.7,+7.0,+7.0
2022-11-09 14:33,0,+11.9,+7.0,+9.7,+6.0,+5.7,+6.2,+6.7,+7.0,+7.0
2022-11-09 15:33,0,+11.5,+7.0,+9.8,+6.0,+5.7,+6.2,+6.7,+7.0,+7.0
2022-11-09 16:33,0,+11.2,+7.0,+9.7,+6.0,+5.7,+6.3,+6.7,+7.0,+7.0
2022-11-09 17:33,0,+11.0,+7.0,+9.8,+5.8,+5.7,+6.3,+6.7,+7.0,+7.0
2022-11-09 18:33,0,+10.8,+7.0,+9.7,+5.8,+5.7,+6.3,+6.8,+7.0,+7.0
2022-11-09 19:33,0,+10.6,+6.9,+9.7,+5.8,+5.7,+6.3,+6.8,+7.0,+7.0
2022-11-09 20:33,0,+10.5,+6.9,+9.7,+5.7,+5.7,+6.3,+6.8,+7.0,+7.0
2022-11-09 21:33,0,+10.4,+6.9,+9.7,+5.7,+5.7,+6.3,+6.8,+7.0,+7.1
2022-11-09 22:33,0,+10.3,+6.9,+9.7,+5.6,+5.7,+6.5,+6.8,+7.0,+7.0
2022-11-09 23:33,0,+10.2,+6.9,+9.7,+5.6,+5.7,+6.3,+6.8,+7.0,+7.0
2022-11-10 00:33,0,+10.2,+6.8,+9.7,+5.6,+5.6,+6.5,+6.8,+7.1,+7.0
2022-11-10 01:33,0,+10.1,+6.8,+9.7,+5.5,+5.6,+6.3,+6.8,+7.1,+7.0
2022-11-10 02:33,0,+12.2,+6.8,+9.7,+5.3,+5.6,+6.3,+6.8,+7.1,+7.1
2022-11-10 03:33,0,+12.6,+6.8,+9.7,+5.2,+5.5,+6.3,+6.8,+7.0,+7.1
2022-11-10 04:33,0,+12.5,+6.8,+9.7,+5.2,+5.5,+6.3,+6.8,+7.1,+7.1
2022-11-10 05:33,0,+14.6,+6.9,+9.7,+5.1,+5.5,+6.3,+6.8,+7.1,+7.1
2022-11-10 06:33,0,+16.2,+7.1,+9.7,+4.8,+5.3,+6.2,+6.8,+7.1,+7.0
2022-11-10 07:33,0,+15.4,+7.3,+9.7,+4.8,+5.3,+6.2,+6.8,+7.1,+7.1
2022-11-10 08:33,0,+16.2,+7.4,+9.7,+4.7,+5.2,+6.2,+6.8,+7.1,+7.0
2022-11-10 09:33,0,+16.9,+7.7,+9.7,+4.7,+5.2,+6.1,+6.8,+7.1,+7.1
2022-11-10 10:33,0,+16.5,+7.9,+9.7,+4.7,+5.1,+6.1,+6.8,+7.1,+7.0
2022-11-10 11:33,0,+15.5,+7.9,+9.7,+4.7,+5.1,+6.1,+6.8,+7.0,+7.1
2022-11-10 12:33,0,+14.6,+8.0,+9.8,+4.7,+5.1,+6.1,+6.7,+7.0,+7.1
2022-11-10 13:33,0,+14.0,+7.9,+9.8,+4.7,+5.1,+6.0,+6.7,+7.0,+7.1
2022-11-10 14:33,0,+13.7,+7.9,+9.8,+4.8,+5.1,+6.1,+6.7,+7.0,+7.1
2022-11-10 15:33,0,+13.8,+7.8,+9.8,+4.7,+5.1,+6.0,+6.7,+7.0,+7.0
2022-11-10 16:33,0,+14.9,+7.8,+9.8,+4.7,+5.0,+6.0,+6.7,+7.0,+7.0
2022-11-10 17:33,0,+14.8,+7.8,+9.9,+4.6,+5.0,+6.0,+6.7,+7.0,+7.0
2022-11-10 18:33,0,+14.5,+7.9,+9.9,+4.5,+5.0,+5.8,+6.6,+7.0,+7.0
2022-11-10 19:33,0,+14.5,+7.9,+9.9,+4.5,+4.8,+5.8,+6.6,+7.0,+7.0
2022-11-10 20:33,0,+14.8,+7.9,+9.9,+4.5,+4.8,+6.0,+6.6,+6.8,+7.0
2022-11-10 21:33,0,+15.0,+7.9,+9.9,+4.3,+4.8,+5.8,+6.6,+6.8,+7.0
2022-11-10 22:33,0,+14.8,+7.9,+9.9,+4.2,+4.8,+5.8,+6.6,+7.0,+7.0
2022-11-10 23:33,0,+14.5,+7.9,+10.0,+4.2,+4.7,+5.8,+6.6,+6.8,+7.0
2022-11-11 00:33,0,+14.2,+7.9,+10.0,+4.1,+4.6,+5.7,+6.5,+6.8,+7.0
2022-11-11 01:33,0,+13.9,+7.9,+9.9,+4.0,+4.6,+5.7,+6.6,+6.8,+6.8
2022-11-11 02:33,0,+13.7,+7.9,+10.0,+4.0,+4.6,+5.7,+6.5,+6.8,+6.8
2022-11-11 03:33,0,+13.5,+8.2,+10.0,+4.0,+4.5,+5.6,+6.5,+6.8,+6.8
2022-11-11 04:33,0,+13.3,+8.3,+10.0,+3.7,+4.5,+5.6,+6.5,+6.8,+6.8
2022-11-11 05:33,0,+13.2,+8.3,+10.0,+3.7,+4.5,+5.6,+6.3,+6.8,+6.8
2022-11-11 06:33,0,+13.1,+8.3,+10.0,+3.6,+4.3,+5.5,+6.3,+6.7,+6.8
2022-11-11 07:33,0,+12.9,+8.3,+10.0,+3.6,+4.3,+5.5,+6.3,+6.7,+6.8
2022-11-11 08:33,0,+12.8,+8.3,+10.0,+3.6,+4.2,+5.3,+6.3,+6.7,+6.8
2022-11-11 09:33,0,+12.7,+8.3,+10.1,+3.6,+4.2,+5.3,+6.3,+6.7,+6.7
2022-11-11 10:33,0,+12.6,+8.3,+10.1,+3.6,+4.1,+5.3,+6.2,+6.7,+6.7
2022-11-11 11:33,0,+12.6,+8.3,+10.1,+3.6,+4.2,+5.3,+6.2,+6.7,+6.7
2022-11-11 12:33,0,+12.5,+8.3,+10.1,+3.6,+4.1,+5.2,+6.2,+6.6,+6.7
2022-11-11 13:33,0,+12.5,+8.3,+10.1,+3.6,+4.1,+5.2,+6.2,+6.7,+6.7
2022-11-11 14:33,0,+12.5,+8.3,+10.1,+3.6,+4.1,+5.2,+6.1,+6.6,+6.6
2022-11-11 15:33,0,+12.4,+8.2,+10.1,+3.6,+4.1,+5.2,+6.1,+6.6,+6.6
2022-11-11 16:33,0,+12.4,+8.2,+10.1,+3.6,+4.0,+5.2,+6.1,+6.5,+6.6
2022-11-11 17:33,0,+12.3,+8.2,+10.1,+3.5,+4.0,+5.2,+6.1,+6.6,+6.6
2022-11-11 18:33,0,+12.3,+8.2,+10.2,+3.5,+4.0,+5.1,+6.1,+6.6,+6.6
2022-11-11 19:33,0,+12.2,+8.2,+10.1,+3.3,+4.0,+5.1,+6.0,+6.5,+6.6
2022-11-11 20:33,0,+12.2,+8.2,+10.2,+3.5,+4.0,+5.0,+6.0,+6.5,+6.6
2022-11-11 21:33,0,+12.2,+8.2,+10.2,+3.3,+3.8,+5.1,+6.0,+6.5,+6.6
2022-11-11 22:33,0,+12.1,+8.2,+10.2,+3.3,+3.8,+5.0,+6.0,+6.5,+6.5
2022-11-11 23:33,0,+12.1,+8.2,+10.2,+3.3,+3.8,+5.0,+6.0,+6.5,+6.5
2022-11-12 00:33,0,+12.1,+8.2,+10.2,+3.2,+3.7,+5.0,+6.0,+6.5,+6.5
2022-11-12 01:33,0,+12.0,+8.2,+10.2,+3.3,+3.7,+5.0,+6.0,+6.3,+6.5
2022-11-12 02:33,0,+12.0,+8.1,+10.2,+3.2,+3.7,+4.8,+5.8,+6.5,+6.5
2022-11-12 03:33,0,+11.9,+8.1,+10.2,+3.2,+3.7,+5.0,+5.8,+6.3,+6.5
2022-11-12 04:33,0,+11.9,+8.1,+10.2,+3.1,+3.7,+4.8,+5.8,+6.3,+6.5
2022-11-12 05:33,0,+11.9,+8.1,+10.2,+3.1,+3.7,+4.8,+5.8,+6.2,+6.3
2022-11-12 06:33,0,+11.8,+8.1,+10.2,+3.1,+3.6,+4.8,+5.8,+6.3,+6.3
2022-11-12 07:33,0,+11.8,+8.1,+10.2,+3.0,+3.6,+4.8,+5.8,+6.2,+6.3
2022-11-12 08:33,0,+11.8,+8.1,+10.2,+3.0,+3.6,+4.7,+5.8,+6.2,+6.3
2022-11-12 09:33,0,+11.7,+8.1,+10.2,+3.0,+3.5,+4.7,+5.7,+6.2,+6.3
2022-11-12 10:33,0,+11.7,+8.1,+10.2,+3.0,+3.5,+4.7,+5.7,+6.2,+6.3
2022-11-12 11:33,0,+11.7,+8.1,+10.2,+3.0,+3.5,+4.7,+5.7,+6.2,+6.3
2022-11-12 12:33,0,+11.6,+8.1,+10.2,+3.0,+3.5,+4.7,+5.7,+6.2,+6.2
2022-11-12 13:33,0,+11.6,+8.1,+10.2,+2.8,+3.5,+4.7,+5.6,+6.2,+6.2
2022-11-12 14:33,0,+11.6,+8.1,+10.2,+2.8,+3.5,+4.6,+5.6,+6.2,+6.2
2022-11-12 15:33,0,+11.6,+8.1,+10.2,+2.8,+3.5,+4.6,+5.6,+6.2,+6.2
2022-11-12 16:33,0,+11.5,+8.1,+10.2,+2.8,+3.3,+4.6,+5.6,+6.1,+6.2
2022-11-12 17:33,0,+11.5,+8.0,+10.2,+2.8,+3.3,+4.6,+5.6,+6.1,+6.2
2022-11-12 18:33,0,+11.5,+8.0,+10.3,+2.8,+3.3,+4.5,+5.6,+6.1,+6.2
2022-11-12 19:33,0,+11.5,+8.0,+10.3,+2.7,+3.3,+4.6,+5.6,+6.1,+6.2
2022-11-12 20:33,0,+11.4,+8.0,+10.3,+2.7,+3.3,+4.5,+5.6,+6.1,+6.1
2022-11-12 21:33,0,+11.4,+8.0,+10.3,+2.7,+3.2,+4.5,+5.5,+6.1,+6.1
2022-11-12 22:33,0,+11.4,+8.0,+10.3,+2.6,+3.2,+4.5,+5.5,+6.0,+6.1
2022-11-12 23:33,0,+11.4,+8.0,+10.3,+2.5,+3.2,+4.5,+5.5,+6.0,+6.1
2022-11-13 00:33,0,+11.3,+8.0,+10.3,+2.5,+3.2,+4.3,+5.5,+6.0,+6.1
2022-11-13 01:33,0,+11.3,+8.0,+10.3,+2.5,+3.1,+4.3,+5.5,+6.0,+6.1
2022-11-13 02:33,0,+11.3,+8.0,+10.3,+2.3,+3.1,+4.3,+5.3,+6.0,+6.1
2022-11-13 03:33,0,+11.3,+8.0,+10.3,+2.3,+3.1,+4.3,+5.3,+6.0,+6.1
2022-11-13 04:33,0,+11.3,+8.0,+10.3,+2.3,+3.1,+4.2,+5.3,+5.8,+6.1
2022-11-13 05:33,0,+11.3,+8.0,+10.3,+2.2,+3.0,+4.2,+5.3,+6.0,+6.0
2022-11-13 06:33,0,+11.3,+8.0,+10.3,+2.3,+3.0,+4.2,+5.3,+5.8,+6.0
2022-11-13 07:33,0,+11.2,+8.0,+10.3,+2.2,+3.0,+4.2,+5.3,+5.8,+6.0
2022-11-13 08:33,0,+11.2,+8.0,+10.3,+2.2,+3.0,+4.2,+5.3,+5.8,+6.0
2022-11-13 09:33,0,+11.2,+8.0,+10.3,+2.2,+3.0,+4.2,+5.2,+5.8,+6.0
2022-11-13 10:33,0,+11.2,+8.0,+10.3,+2.2,+2.8,+4.1,+5.2,+5.8,+6.0
2022-11-13 11:33,0,+11.1,+8.0,+10.3,+2.2,+2.8,+4.1,+5.2,+5.8,+5.8
2022-11-13 12:33,0,+11.1,+8.0,+10.3,+2.2,+2.8,+4.1,+5.2,+5.8,+5.8
2022-11-13 13:33,0,+11.1,+8.0,+10.3,+2.2,+2.8,+4.1,+5.2,+5.7,+5.8
2022-11-13 14:33,0,+11.1,+8.0,+10.3,+2.2,+2.8,+4.1,+5.1,+5.7,+5.8
2022-11-13 15:33,0,+11.1,+8.0,+10.3,+2.2,+2.7,+4.1,+5.1,+5.7,+5.8
2022-11-13 16:33,0,+11.1,+8.0,+10.3,+2.1,+2.8,+4.0,+5.1,+5.6,+5.8
2022-11-13 17:33,0,+11.0,+8.0,+10.3,+2.2,+2.7,+4.0,+5.1,+5.7,+5.8
2022-11-13 18:33,0,+11.0,+8.0,+10.3,+2.1,+2.7,+4.0,+5.1,+5.6,+5.8
2022-11-13 19:33,0,+11.0,+8.0,+10.3,+2.1,+2.7,+4.0,+5.0,+5.6,+5.7
2022-11-13 20:33,0,+11.0,+8.0,+10.3,+2.1,+2.7,+4.0,+5.1,+5.6,+5.7
2022-11-13 21:33,0,+11.0,+8.0,+10.3,+2.1,+2.7,+4.0,+5.1,+5.6,+5.7
2022-11-13 22:33,0,+11.0,+8.0,+10.3,+2.0,+2.7,+3.8,+5.0,+5.6,+5.7
2022-11-13 23:33,0,+11.0,+8.0,+10.3,+2.0,+2.7,+3.8,+5.0,+5.6,+5.7
2022-11-14 00:33,0,+10.9,+8.0,+10.3,+2.0,+2.6,+3.8,+5.0,+5.5,+5.7
2022-11-14 01:33,0,+10.9,+8.0,+10.3,+2.0,+2.6,+3.8,+5.0,+5.5,+5.6
2022-11-14 02:33,0,+10.9,+8.0,+10.3,+2.0,+2.6,+3.8,+5.0,+5.6,+5.7
2022-11-14 03:33,0,+10.9,+8.0,+10.3,+1.8,+2.6,+3.7,+5.0,+5.5,+5.6
2022-11-14 04:33,0,+10.9,+8.0,+10.3,+2.0,+2.6,+3.8,+4.8,+5.5,+5.6
2022-11-14 05:33,0,+10.9,+8.0,+10.3,+2.0,+2.5,+3.7,+4.8,+5.5,+5.6
2022-11-14 06:33,0,+10.9,+8.0,+10.3,+2.0,+2.6,+3.7,+4.8,+5.5,+5.6
2022-11-14 07:33,0,+10.8,+7.9,+10.3,+2.0,+2.5,+3.7,+4.8,+5.5,+5.6
2022-11-14 08:33,0,+10.8,+7.9,+10.3,+2.0,+2.5,+3.7,+4.8,+5.5,+5.6
2022-11-14 09:33,0,+10.8,+7.9,+10.3,+1.8,+2.5,+3.7,+4.8,+5.3,+5.6
2022-11-14 10:33,0,+10.8,+7.9,+10.3,+2.0,+2.5,+3.7,+4.8,+5.3,+5.5
2022-11-14 11:33,0,+10.8,+7.9,+10.3,+2.0,+2.5,+3.7,+4.8,+5.3,+5.5
2022-11-14 12:33,0,+10.8,+7.9,+10.3,+2.0,+2.5,+3.7,+4.7,+5.3,+5.5
2022-11-14 13:33,0,+10.8,+7.9,+10.3,+2.0,+2.5,+3.7,+4.7,+5.3,+5.5
2022-11-14 14:33,0,+10.8,+7.9,+10.3,+2.0,+2.5,+3.6,+4.7,+5.3,+5.5
2022-11-14 15:33,0,+10.8,+7.9,+10.3,+2.0,+2.6,+3.7,+4.7,+5.3,+5.5
2022-11-14 16:33,0,+10.8,+7.9,+10.3,+2.0,+2.5,+3.6,+4.7,+5.3,+5.5
2022-11-14 17:33,0,+10.8,+7.9,+10.3,+2.0,+2.5,+3.7,+4.7,+5.2,+5.5
2022-11-14 18:33,0,+10.8,+7.9,+10.3,+2.1,+2.5,+3.7,+4.7,+5.2,+5.3
2022-11-14 19:33,0,+10.7,+7.9,+10.3,+2.1,+2.5,+3.7,+4.7,+5.2,+5.3
2022-11-14 20:33,0,+10.7,+7.9,+10.4,+2.1,+2.5,+3.7,+4.7,+5.2,+5.3
2022-11-14 21:33,0,+10.7,+7.9,+10.4,+2.1,+2.5,+3.6,+4.6,+5.2,+5.3
2022-11-14 22:33,0,+10.7,+7.9,+10.4,+2.1,+2.5,+3.7,+4.6,+5.2,+5.3
2022-11-14 23:33,0,+10.7,+7.9,+10.4,+2.1,+2.6,+3.7,+4.7,+5.2,+5.3
2022-11-15 00:33,0,+10.7,+7.9,+10.4,+2.1,+2.6,+3.7,+4.7,+5.2,+5.3
2022-11-15 01:33,0,+10.7,+7.9,+10.4,+2.2,+2.6,+3.7,+4.6,+5.2,+5.3
2022-11-15 02:33,0,+10.7,+7.9,+10.4,+2.1,+2.5,+3.7,+4.6,+5.2,+5.3
2022-11-15 03:33,0,+10.7,+7.9,+10.4,+2.2,+2.5,+3.7,+4.6,+5.2,+5.3
2022-11-15 04:33,0,+10.7,+7.9,+10.4,+2.2,+2.6,+3.7,+4.6,+5.1,+5.3
2022-11-15 05:33,0,+10.7,+7.9,+10.4,+2.2,+2.6,+3.6,+4.6,+5.2,+5.3
2022-11-15 06:33,0,+10.7,+7.9,+10.4,+2.2,+2.6,+3.7,+4.6,+5.1,+5.3
2022-11-15 07:33,0,+10.7,+7.9,+10.4,+2.2,+2.5,+3.7,+4.6,+5.2,+5.3
2022-11-15 08:33,0,+10.7,+7.9,+10.4,+2.2,+2.6,+3.6,+4.6,+5.2,+5.2
2022-11-15 09:33,0,+10.7,+7.9,+10.4,+2.2,+2.6,+3.6,+4.6,+5.1,+5.2
2022-11-15 10:33,0,+10.7,+7.9,+10.4,+2.2,+2.6,+3.7,+4.6,+5.1,+5.2
2022-11-15 11:33,0,+10.6,+7.9,+10.4,+2.2,+2.6,+3.6,+4.6,+5.1,+5.2
2022-11-15 12:33,0,+10.6,+7.9,+10.4,+2.3,+2.6,+3.7,+4.6,+5.1,+5.2
2022-11-15 13:33,0,+10.6,+7.9,+10.4,+2.3,+2.6,+3.7,+4.6,+5.1,+5.2
2022-11-15 14:33,0,+10.6,+7.9,+10.4,+2.3,+2.6,+3.7,+4.6,+5.1,+5.2
2022-11-15 15:33,0,+10.6,+7.9,+10.4,+2.3,+2.7,+3.7,+4.6,+5.1,+5.2
2022-11-15 16:33,0,+10.6,+7.9,+10.4,+2.3,+2.6,+3.6,+4.6,+5.1,+5.2
2022-11-15 17:33,0,+10.6,+7.9,+10.4,+2.3,+2.7,+3.7,+4.6,+5.1,+5.2
2022-11-15 18:33,0,+10.6,+7.9,+10.5,+2.3,+2.6,+3.7,+4.6,+5.1,+5.2
2022-11-15 19:33,0,+10.7,+7.9,+10.5,+2.5,+2.7,+3.7,+4.6,+5.1,+5.2
2022-11-15 20:33,0,+10.7,+7.9,+10.5,+2.5,+2.7,+3.7,+4.6,+5.1,+5.2
2022-11-15 21:33,0,+10.7,+7.9,+10.5,+2.5,+2.7,+3.7,+4.6,+5.1,+5.2
2022-11-15 22:33,0,+10.7,+7.9,+10.5,+2.5,+2.7,+3.7,+4.6,+5.1,+5.1
2022-11-15 23:33,0,+10.7,+7.9,+10.5,+2.5,+2.7,+3.7,+4.6,+5.1,+5.2
2022-11-16 00:33,0,+10.7,+7.9,+10.5,+2.5,+2.7,+3.7,+4.6,+5.1,+5.2
2022-11-16 01:33,0,+10.8,+7.9,+10.5,+2.5,+2.7,+3.7,+4.6,+5.1,+5.2
2022-11-16 02:33,0,+10.8,+7.9,+10.5,+2.5,+2.7,+3.7,+4.6,+5.1,+5.2
2022-11-16 03:33,0,+10.8,+8.0,+10.5,+2.5,+2.7,+3.7,+4.6,+5.1,+5.1
2022-11-16 04:33,0,+10.8,+8.0,+10.5,+2.5,+2.7,+3.7,+4.6,+5.1,+5.1
2022-11-16 05:33,0,+10.8,+8.0,+10.5,+2.6,+2.7,+3.7,+4.6,+5.1,+5.1
2022-11-16 06:33,0,+10.8,+8.0,+10.5,+2.5,+2.7,+3.7,+4.6,+5.1,+5.2
2022-11-16 07:33,0,+10.8,+8.0,+10.5,+2.5,+2.7,+3.7,+4.6,+5.1,+5.1
2022-11-16 08:33,0,+10.8,+8.0,+10.5,+2.5,+2.8,+3.7,+4.6,+5.1,+5.2
2022-11-16 09:33,0,+10.8,+8.0,+10.5,+2.5,+2.8,+3.7,+4.6,+5.1,+5.1
2022-11-16 10:33,0,+10.8,+8.0,+10.5,+2.5,+2.7,+3.7,+4.6,+5.0,+5.2
2022-11-16 11:33,0,+10.8,+8.0,+10.5,+2.6,+2.8,+3.7,+4.6,+5.1,+5.1
2022-11-16 12:33,0,+10.8,+8.0,+10.5,+2.6,+2.8,+3.7,+4.6,+5.1,+5.2
2022-11-16 13:33,0,+10.8,+8.0,+10.5,+2.6,+2.7,+3.7,+4.7,+5.1,+5.1
2022-11-16 14:33,0,+10.8,+8.0,+10.5,+2.6,+2.8,+3.7,+4.6,+5.1,+5.1
2022-11-16 15:33,0,+10.7,+8.0,+10.5,+2.6,+2.8,+3.7,+4.6,+5.0,+5.1
2022-11-16 16:33,0,+10.7,+8.0,+10.5,+2.6,+2.7,+3.7,+4.6,+5.1,+5.1
2022-11-16 17:33,0,+10.7,+8.0,+10.5,+2.6,+2.8,+3.7,+4.6,+5.0,+5.1
2022-11-16 18:33,0,+10.7,+8.0,+10.5,+2.6,+2.8,+3.8,+4.7,+5.1,+5.1
2022-11-16 19:33,0,+10.7,+8.0,+10.5,+2.6,+2.8,+3.7,+4.6,+5.1,+5.1
2022-11-16 20:33,0,+10.7,+8.0,+10.5,+2.6,+2.8,+3.7,+4.6,+5.0,+5.1
2022-11-16 21:33,0,+10.7,+8.0,+10.5,+2.5,+2.8,+3.8,+4.6,+5.0,+5.1
2022-11-16 22:33,0,+10.7,+8.0,+10.5,+2.6,+2.7,+3.8,+4.6,+5.1,+5.1
2022-11-16 23:33,0,+10.7,+8.0,+10.5,+2.5,+2.8,+3.7,+4.6,+5.1,+5.1
2022-11-17 00:33,0,+10.7,+8.0,+10.5,+2.5,+2.7,+3.7,+4.6,+5.0,+5.1
2022-11-17 01:33,0,+10.7,+8.0,+10.5,+2.5,+2.8,+3.8,+4.6,+5.0,+5.1
2022-11-17 02:33,0,+10.7,+8.0,+10.5,+2.5,+2.8,+3.7,+4.6,+5.0,+5.1
2022-11-17 03:33,0,+10.7,+8.0,+10.5,+2.5,+2.7,+3.7,+4.6,+5.0,+5.1
2022-11-17 04:33,0,+10.7,+8.0,+10.5,+2.3,+2.7,+3.7,+4.6,+5.0,+5.1
2022-11-17 05:33,0,+10.7,+8.0,+10.5,+2.3,+2.7,+3.7,+4.6,+5.0,+5.1
2022-11-17 06:33,0,+10.6,+8.0,+10.5,+2.3,+2.7,+3.7,+4.6,+5.0,+5.1
2022-11-17 07:33,0,+10.7,+8.0,+10.5,+2.3,+2.7,+3.7,+4.6,+5.0,+5.1
2022-11-17 08:33,0,+10.7,+8.0,+10.5,+2.3,+2.7,+3.7,+4.6,+5.0,+5.1
2022-11-17 09:33,0,+10.7,+8.0,+10.5,+2.3,+2.7,+3.7,+4.6,+5.0,+5.1
2022-11-17 10:33,0,+10.6,+8.0,+10.5,+2.2,+2.7,+3.7,+4.6,+5.0,+5.1
2022-11-17 11:33,0,+10.6,+8.0,+10.5,+2.2,+2.6,+3.8,+4.6,+5.0,+5.1
2022-11-17 12:33,0,+10.6,+8.0,+10.5,+2.2,+2.7,+3.7,+4.6,+5.0,+5.0
2022-11-17 13:33,0,+10.6,+8.0,+10.5,+2.3,+2.6,+3.7,+4.6,+5.0,+5.1
2022-11-17 14:33,0,+10.6,+8.0,+10.5,+2.3,+2.6,+3.7,+4.6,+5.0,+5.1
2022-11-17 15:33,0,+10.7,+8.0,+10.5,+2.2,+2.6,+3.7,+4.5,+5.0,+5.1
2022-11-17 16:33,0,+10.6,+8.0,+10.5,+2.3,+2.6,+3.7,+4.6,+5.0,+5.1
2022-11-17 17:33,0,+10.6,+8.0,+10.5,+2.2,+2.6,+3.7,+4.5,+5.0,+5.1
2022-11-17 18:33,0,+10.6,+8.0,+10.5,+2.2,+2.6,+3.7,+4.5,+5.0,+5.0
2022-11-17 19:33,0,+10.6,+8.0,+10.5,+2.2,+2.6,+3.7,+4.5,+4.8,+5.1
2022-11-17 20:33,0,+10.6,+8.0,+10.5,+2.2,+2.6,+3.7,+4.5,+5.0,+5.1
2022-11-17 21:33,0,+10.6,+8.0,+10.5,+2.2,+2.6,+3.6,+4.5,+5.0,+5.1
2022-11-17 22:33,0,+10.6,+8.0,+10.5,+2.2,+2.6,+3.6,+4.5,+5.0,+5.1
2022-11-17 23:33,0,+10.6,+8.0,+10.5,+2.2,+2.5,+3.6,+4.5,+5.0,+5.0
2022-11-18 00:33,0,+10.6,+8.0,+10.5,+2.2,+2.6,+3.6,+4.5,+4.8,+5.1
2022-11-18 01:33,0,+10.6,+8.0,+10.5,+2.1,+2.5,+3.6,+4.5,+4.8,+5.0
2022-11-18 02:33,0,+10.6,+8.0,+10.5,+2.2,+2.6,+3.6,+4.5,+5.0,+5.0
2022-11-18 03:33,0,+10.6,+8.0,+10.5,+2.1,+2.6,+3.6,+4.5,+4.8,+5.0
2022-11-18 04:33,0,+10.6,+8.0,+10.5,+2.1,+2.6,+3.6,+4.5,+4.8,+5.0
2022-11-18 05:33,0,+10.6,+8.0,+10.5,+2.1,+2.5,+3.6,+4.5,+4.8,+5.0
2022-11-18 06:33,0,+10.5,+8.0,+10.5,+2.0,+2.5,+3.6,+4.3,+4.8,+5.0
2022-11-18 07:33,0,+10.5,+8.0,+10.5,+2.0,+2.5,+3.6,+4.5,+4.8,+5.0
2022-11-18 08:33,0,+10.5,+8.0,+10.5,+2.1,+2.5,+3.6,+4.5,+4.8,+5.0
2022-11-18 09:33,0,+10.5,+8.0,+10.5,+2.0,+2.5,+3.6,+4.3,+4.8,+5.0
2022-11-18 10:33,0,+10.5,+8.0,+10.5,+2.0,+2.3,+3.5,+4.5,+4.8,+5.0
2022-11-18 11:33,0,+10.5,+8.0,+10.6,+1.8,+2.3,+3.5,+4.5,+4.8,+5.0
2022-11-18 12:33,0,+10.5,+8.0,+10.6,+1.8,+2.3,+3.5,+4.3,+4.8,+5.0
2022-11-18 13:33,0,+10.5,+8.0,+10.6,+1.8,+2.3,+3.5,+4.3,+4.8,+5.0
2022-11-18 14:33,0,+10.5,+8.0,+10.6,+1.8,+2.3,+3.5,+4.3,+4.8,+5.0
2022-11-18 15:33,0,+10.5,+8.0,+10.6,+1.8,+2.3,+3.5,+4.3,+4.8,+5.0
2022-11-18 16:33,0,+10.5,+8.0,+10.6,+1.7,+2.2,+3.5,+4.3,+4.8,+5.0
2022-11-18 17:33,0,+10.5,+8.0,+10.6,+1.7,+2.2,+3.3,+4.3,+4.8,+4.8
2022-11-18 18:33,0,+10.5,+8.0,+10.6,+1.7,+2.2,+3.3,+4.3,+4.8,+4.8
2022-11-18 19:33,0,+10.5,+8.0,+10.6,+1.7,+2.2,+3.3,+4.3,+4.8,+4.8
2022-11-18 20:33,0,+10.5,+8.0,+10.6,+1.7,+2.2,+3.3,+4.3,+4.7,+4.8
2022-11-18 21:33,0,+10.5,+8.0,+10.6,+1.6,+2.2,+3.3,+4.2,+4.7,+4.8
2022-11-18 22:33,0,+10.5,+8.0,+10.6,+1.7,+2.2,+3.3,+4.2,+4.7,+4.8
2022-11-18 23:33,0,+10.5,+8.0,+10.6,+1.7,+2.1,+3.3,+4.2,+4.7,+4.8
2022-11-19 00:33,0,+10.5,+8.0,+10.6,+1.6,+2.1,+3.3,+4.2,+4.7,+4.8
2022-11-19 01:33,0,+10.4,+8.0,+10.5,+1.6,+2.2,+3.2,+4.2,+4.7,+4.8
2022-11-19 02:33,0,+10.4,+8.0,+10.6,+1.6,+2.1,+3.2,+4.2,+4.7,+4.8
2022-11-19 03:33,0,+10.4,+8.0,+10.6,+1.6,+2.1,+3.2,+4.2,+4.7,+4.8
2022-11-19 04:33,0,+10.4,+8.0,+10.5,+1.6,+2.1,+3.2,+4.2,+4.7,+4.8
2022-11-19 05:33,0,+10.4,+8.0,+10.5,+1.6,+2.1,+3.2,+4.2,+4.7,+4.7
2022-11-19 06:33,0,+10.4,+8.0,+10.6,+1.6,+2.1,+3.2,+4.1,+4.7,+4.7
2022-11-19 07:33,0,+10.4,+8.0,+10.6,+1.6,+2.1,+3.2,+4.2,+4.7,+4.8
2022-11-19 08:33,0,+10.4,+8.0,+10.6,+1.6,+2.1,+3.2,+4.1,+4.6,+4.7
2022-11-19 09:33,0,+10.4,+8.0,+10.6,+1.6,+2.1,+3.2,+4.1,+4.6,+4.8
2022-11-19 10:33,0,+10.4,+8.0,+10.6,+1.6,+2.1,+3.1,+4.1,+4.6,+4.7
2022-11-19 11:33,0,+10.4,+8.0,+10.6,+1.6,+2.1,+3.1,+4.2,+4.6,+4.7
2022-11-19 12:33,0,+10.4,+8.0,+10.6,+1.6,+2.1,+3.1,+4.1,+4.6,+4.7
2022-11-19 13:33,0,+10.4,+8.0,+10.6,+1.6,+2.0,+3.1,+4.1,+4.6,+4.7
2022-11-19 14:33,0,+10.4,+8.0,+10.6,+1.6,+2.0,+3.1,+4.1,+4.6,+4.7
2022-11-19 15:33,0,+10.4,+8.0,+10.6,+1.6,+2.1,+3.1,+4.1,+4.6,+4.7
2022-11-19 16:33,0,+10.4,+8.0,+10.6,+1.6,+2.0,+3.1,+4.1,+4.6,+4.7
2022-11-19 17:33,0,+10.4,+8.0,+10.6,+1.6,+2.0,+3.1,+4.1,+4.6,+4.6
2022-11-19 18:33,0,+10.3,+8.0,+10.6,+1.6,+2.0,+3.1,+4.1,+4.6,+4.7
2022-11-19 19:33,0,+10.3,+8.0,+10.6,+1.6,+2.0,+3.1,+4.1,+4.6,+4.6
2022-11-19 20:33,0,+10.3,+8.0,+10.6,+1.6,+2.0,+3.1,+4.1,+4.6,+4.7
2022-11-19 21:33,0,+10.3,+8.0,+10.6,+1.6,+2.0,+3.1,+4.1,+4.5,+4.6
2022-11-19 22:33,0,+10.3,+8.0,+10.6,+1.6,+2.0,+3.1,+4.1,+4.5,+4.6
2022-11-19 23:33,0,+10.3,+8.0,+10.6,+1.5,+2.0,+3.1,+4.0,+4.6,+4.6
2022-11-20 00:33,0,+10.3,+8.0,+10.6,+1.5,+2.0,+3.1,+4.0,+4.5,+4.6
2022-11-20 01:33,0,+10.3,+8.0,+10.6,+1.5,+2.0,+3.1,+4.0,+4.5,+4.6
2022-11-20 02:33,0,+10.3,+8.0,+10.6,+1.5,+2.0,+3.1,+4.0,+4.5,+4.6
2022-11-20 03:33,0,+10.4,+8.0,+10.6,+1.5,+2.0,+3.1,+4.0,+4.5,+4.6
2022-11-20 04:33,0,+10.3,+8.0,+10.6,+1.5,+2.0,+3.1,+4.0,+4.5,+4.6
2022-11-20 05:33,0,+10.4,+8.0,+10.6,+1.5,+2.0,+3.1,+4.0,+4.5,+4.6
2022-11-20 06:33,0,+10.3,+8.0,+10.6,+1.5,+1.8,+3.1,+4.0,+4.5,+4.6
2022-11-20 07:33,0,+10.4,+8.0,+10.6,+1.5,+1.8,+3.0,+4.0,+4.5,+4.6
2022-11-20 08:33,0,+10.4,+8.0,+10.6,+1.5,+1.8,+3.0,+4.0,+4.5,+4.6
2022-11-20 09:33,0,+10.3,+8.0,+10.6,+1.5,+1.8,+3.0,+4.0,+4.5,+4.5
2022-11-20 10:33,0,+10.3,+8.0,+10.6,+1.5,+1.8,+3.0,+4.0,+4.5,+4.6
2022-11-20 11:33,0,+10.3,+8.0,+10.6,+1.5,+1.8,+3.0,+3.8,+4.3,+4.6
2022-11-20 12:33,0,+10.3,+8.0,+10.6,+1.3,+1.8,+3.0,+3.8,+4.5,+4.5
2022-11-20 13:33,0,+10.4,+8.0,+10.6,+1.5,+1.8,+3.0,+4.0,+4.5,+4.6
2022-11-20 14:33,0,+10.3,+8.0,+10.6,+1.5,+1.8,+3.0,+3.8,+4.5,+4.5
2022-11-20 15:33,0,+10.3,+8.0,+10.6,+1.5,+1.8,+3.0,+3.8,+4.3,+4.5
2022-11-20 16:33,0,+10.3,+8.0,+10.6,+1.5,+1.8,+2.8,+3.8,+4.3,+4.5
2022-11-20 17:33,0,+10.4,+8.0,+10.6,+1.5,+1.8,+3.0,+3.8,+4.3,+4.5
2022-11-20 18:33,0,+10.3,+8.0,+10.6,+1.5,+1.8,+3.0,+3.8,+4.3,+4.5
2022-11-20 19:33,0,+10.4,+8.0,+10.6,+1.5,+1.8,+3.0,+3.8,+4.3,+4.5
2022-11-20 20:33,0,+10.4,+8.0,+10.6,+1.5,+1.8,+3.0,+3.8,+4.3,+4.5
2022-11-20 21:33,0,+10.4,+8.0,+10.6,+1.5,+1.8,+3.0,+3.8,+4.3,+4.5
2022-11-20 22:33,0,+10.3,+8.2,+10.6,+1.6,+1.8,+3.0,+3.8,+4.3,+4.5
2022-11-20 23:33,0,+10.3,+8.0,+10.6,+1.6,+1.8,+3.0,+3.8,+4.3,+4.5
2022-11-21 00:33,0,+10.3,+8.0,+10.6,+1.6,+2.0,+3.0,+3.8,+4.3,+4.5
2022-11-21 01:33,0,+10.3,+8.0,+10.6,+1.5,+1.8,+2.8,+3.8,+4.3,+4.5
2022-11-21 02:33,0,+10.3,+8.0,+10.6,+1.5,+2.0,+3.0,+3.7,+4.3,+4.5
2022-11-21 03:33,0,+10.3,+8.0,+10.6,+1.6,+2.0,+3.0,+3.8,+4.3,+4.5
2022-11-21 04:33,0,+10.3,+8.0,+10.6,+1.6,+1.8,+3.0,+3.8,+4.3,+4.5
2022-11-21 05:33,0,+10.3,+8.0,+10.6,+1.6,+1.8,+3.0,+3.8,+4.2,+4.5
2022-11-21 06:33,0,+10.3,+8.0,+10.6,+1.6,+2.0,+3.0,+3.8,+4.2,+4.5
2022-11-21 07:33,0,+10.3,+8.0,+10.6,+1.5,+1.8,+3.0,+3.8,+4.2,+4.5
2022-11-21 08:33,0,+10.3,+8.0,+10.6,+1.6,+1.8,+3.0,+3.8,+4.3,+4.5
2022-11-21 09:33,0,+10.3,+8.0,+10.6,+1.5,+1.8,+2.8,+3.8,+4.3,+4.3
2022-11-21 10:33,0,+10.3,+8.0,+10.6,+1.6,+1.8,+3.0,+3.8,+4.2,+4.3
2022-11-21 11:33,0,+10.3,+8.0,+10.6,+1.5,+1.8,+3.0,+3.8,+4.3,+4.3
2022-11-21 12:33,0,+10.3,+8.0,+10.6,+1.6,+1.8,+3.0,+3.8,+4.3,+4.3
2022-11-21 13:33,0,+10.3,+8.0,+10.6,+1.6,+1.8,+2.8,+3.8,+4.3,+4.3
2022-11-21 14:33,0,+10.3,+8.0,+10.6,+1.6,+2.0,+3.0,+3.7,+4.2,+4.3
2022-11-21 15:33,0,+10.3,+8.0,+10.6,+1.6,+1.8,+3.0,+3.7,+4.2,+4.3
2022-11-21 16:33,0,+10.3,+8.0,+10.6,+1.6,+1.8,+2.8,+3.8,+4.2,+4.3
2022-11-21 17:33,0,+10.3,+8.0,+10.6,+1.6,+2.0,+3.0,+3.7,+4.2,+4.3
2022-11-21 18:33,0,+10.3,+8.0,+10.6,+1.6,+1.8,+3.0,+3.7,+4.2,+4.3
2022-11-21 19:33,0,+10.3,+8.0,+10.6,+1.6,+2.0,+3.0,+3.8,+4.2,+4.3
2022-11-21 20:33,0,+10.3,+8.0,+10.6,+1.6,+1.8,+2.8,+3.7,+4.2,+4.3
2022-11-21 21:33,0,+10.3,+8.0,+10.6,+1.6,+2.0,+2.8,+3.8,+4.2,+4.3
2022-11-21 22:33,0,+10.3,+8.0,+10.6,+1.6,+1.8,+2.8,+3.7,+4.2,+4.3
2022-11-21 23:33,0,+10.3,+8.0,+10.6,+1.7,+2.0,+3.0,+3.8,+4.2,+4.3
2022-11-22 00:33,0,+10.3,+8.0,+10.6,+1.6,+2.0,+2.8,+3.7,+4.2,+4.3
2022-11-22 01:33,0,+10.3,+8.0,+10.6,+1.6,+1.8,+2.8,+3.8,+4.2,+4.3
2022-11-22 02:33,0,+10.3,+8.0,+10.6,+1.6,+2.0,+3.0,+3.7,+4.2,+4.3
2022-11-22 03:33,0,+10.3,+8.0,+10.6,+1.6,+1.8,+3.0,+3.7,+4.1,+4.3
2022-11-22 04:33,0,+10.2,+8.0,+10.7,+1.7,+2.0,+2.8,+3.7,+4.2,+4.2
2022-11-22 05:33,0,+10.2,+8.0,+10.7,+1.6,+2.0,+3.0,+3.8,+4.2,+4.3
2022-11-22 06:33,0,+10.2,+8.0,+10.7,+1.6,+2.0,+3.0,+3.8,+4.2,+4.2
2022-11-22 07:33,0,+10.2,+8.0,+10.7,+1.6,+1.8,+3.0,+3.7,+4.2,+4.2
2022-11-22 08:33,0,+10.2,+8.0,+10.7,+1.7,+2.0,+2.8,+3.7,+4.2,+4.3
2022-11-22 09:33,0,+10.2,+8.0,+10.7,+1.6,+2.0,+3.0,+3.7,+4.2,+4.3
2022-11-22 10:33,0,+10.3,+8.0,+10.7,+1.7,+2.0,+2.8,+3.7,+4.2,+4.2
2022-11-22 11:33,0,+10.3,+8.0,+10.7,+1.7,+2.0,+2.8,+3.7,+4.2,+4.3
2022-11-22 12:33,0,+10.2,+8.0,+10.7,+1.7,+2.0,+3.0,+3.7,+4.2,+4.2
2022-11-22 13:33,0,+10.2,+8.0,+10.7,+1.7,+2.0,+2.8,+3.7,+4.2,+4.3
2022-11-22 14:33,0,+10.2,+8.0,+10.7,+1.7,+2.0,+3.0,+3.7,+4.1,+4.2
2022-11-22 15:33,0,+10.2,+8.0,+10.7,+1.7,+2.0,+3.0,+3.7,+4.2,+4.2
2022-11-22 16:33,0,+10.2,+8.0,+10.7,+1.7,+2.0,+2.8,+3.8,+4.2,+4.2
2022-11-22 17:33,0,+10.3,+8.0,+10.7,+1.7,+2.0,+3.0,+3.7,+4.1,+4.2
2022-11-22 18:33,0,+10.3,+8.0,+10.7,+1.7,+2.0,+3.0,+3.7,+4.2,+4.2
2022-11-22 19:33,0,+10.3,+8.0,+10.7,+1.7,+2.0,+3.0,+3.7,+4.1,+4.2
2022-11-22 20:33,0,+10.3,+8.0,+10.7,+1.7,+2.0,+3.0,+3.7,+4.2,+4.2
2022-11-22 21:33,0,+10.3,+8.0,+10.7,+1.7,+2.0,+3.0,+3.7,+4.2,+4.2
2022-11-22 22:33,0,+10.3,+8.0,+10.7,+1.8,+2.0,+3.0,+3.7,+4.2,+4.2
2022-11-22 23:33,0,+10.3,+8.0,+10.7,+1.8,+2.0,+3.0,+3.7,+4.2,+4.2
2022-11-23 00:33,0,+10.3,+8.0,+10.7,+1.8,+2.0,+3.0,+3.7,+4.2,+4.2
2022-11-23 01:33,0,+10.3,+8.0,+10.7,+1.8,+2.0,+2.8,+3.7,+4.2,+4.2
2022-11-23 02:33,0,+10.2,+8.0,+10.7,+1.8,+2.0,+3.0,+3.7,+4.2,+4.2
2022-11-23 03:33,0,+10.2,+8.0,+10.7,+1.8,+2.0,+3.0,+3.8,+4.2,+4.3
2022-11-23 04:33,0,+10.2,+8.0,+10.7,+1.8,+2.1,+3.0,+3.7,+4.1,+4.2
2022-11-23 05:33,0,+10.2,+8.0,+10.7,+1.8,+2.1,+3.0,+3.7,+4.1,+4.2
2022-11-23 06:33,0,+10.2,+8.0,+10.7,+1.7,+2.0,+3.0,+3.8,+4.2,+4.2
2022-11-23 07:33,0,+10.2,+8.0,+10.7,+1.8,+2.0,+3.0,+3.7,+4.2,+4.2
2022-11-23 08:33,0,+10.2,+8.0,+10.7,+1.7,+2.0,+3.0,+3.7,+4.1,+4.2
2022-11-23 09:33,0,+10.2,+8.0,+10.7,+1.7,+2.0,+3.0,+3.7,+4.2,+4.2
2022-11-23 10:33,0,+10.2,+8.0,+10.7,+1.7,+2.0,+3.0,+3.7,+4.1,+4.2
2022-11-23 11:33,0,+10.2,+8.0,+10.7,+1.7,+2.0,+3.0,+3.7,+4.2,+4.2
2022-11-23 12:33,0,+10.2,+8.0,+10.7,+1.8,+2.0,+3.0,+3.7,+4.2,+4.2
2022-11-23 13:33,0,+10.2,+8.0,+10.7,+1.7,+2.0,+3.0,+3.7,+4.1,+4.2
2022-11-23 14:33,0,+10.3,+8.0,+10.7,+1.7,+2.0,+3.0,+3.7,+4.2,+4.2
2022-11-23 15:33,0,+10.2,+8.0,+10.7,+1.8,+2.0,+3.0,+3.7,+4.1,+4.2
2022-11-23 16:33,0,+10.2,+8.0,+10.8,+1.8,+2.0,+3.0,+3.7,+4.2,+4.2
2022-11-23 17:33,0,+10.2,+8.1,+10.7,+1.8,+2.1,+3.0,+3.7,+4.1,+4.2
2022-11-23 18:33,0,+10.2,+8.1,+10.7,+1.8,+2.1,+3.0,+3.7,+4.1,+4.2
2022-11-23 19:33,0,+10.2,+8.1,+10.8,+1.8,+2.1,+3.0,+3.8,+4.1,+4.2
2022-11-23 20:33,0,+10.2,+8.0,+10.8,+1.8,+2.0,+3.0,+3.7,+4.1,+4.2
2022-11-23 21:33,0,+10.3,+8.1,+10.8,+1.8,+2.1,+3.0,+3.7,+4.1,+4.2
2022-11-23 22:33,0,+10.4,+8.1,+10.8,+1.8,+2.1,+3.0,+3.7,+4.1,+4.2
2022-11-23 23:33,0,+10.4,+8.1,+10.8,+1.8,+2.1,+3.0,+3.7,+4.2,+4.2
2022-11-24 00:33,0,+10.5,+8.1,+10.8,+1.8,+2.1,+3.0,+3.7,+4.2,+4.2
2022-11-24 01:33,0,+10.6,+8.0,+10.8,+1.8,+2.1,+3.0,+3.7,+4.1,+4.2
2022-11-24 02:33,0,+10.8,+8.1,+10.8,+1.8,+2.1,+3.0,+3.7,+4.2,+4.2
2022-11-24 03:33,0,+10.8,+8.0,+10.8,+2.0,+2.1,+3.0,+3.7,+4.1,+4.2
2022-11-24 04:33,0,+10.9,+8.0,+10.8,+2.0,+2.1,+3.1,+3.7,+4.1,+4.2
2022-11-24 05:33,0,+10.9,+8.0,+10.8,+2.0,+2.1,+3.0,+3.8,+4.1,+4.2
2022-11-24 06:33,0,+10.9,+8.0,+10.8,+2.0,+2.1,+3.0,+3.7,+4.1,+4.2
2022-11-24 07:33,0,+10.9,+8.0,+10.8,+2.0,+2.1,+3.0,+3.8,+4.1,+4.2
2022-11-24 08:33,0,+10.9,+8.0,+10.8,+2.0,+2.1,+3.0,+3.8,+4.1,+4.2
2022-11-24 09:33,0,+10.8,+8.1,+10.8,+2.0,+2.1,+3.1,+3.7,+4.1,+4.1
2022-11-24 10:33,0,+10.9,+8.1,+10.8,+2.0,+2.1,+3.1,+3.7,+4.1,+4.2
2022-11-24 11:33,0,+10.9,+8.1,+10.8,+2.0,+2.1,+3.0,+3.7,+4.1,+4.2
2022-11-24 12:33,0,+10.8,+8.1,+10.8,+2.0,+2.1,+3.1,+3.7,+4.1,+4.2
2022-11-24 13:33,0,+10.8,+8.1,+10.8,+2.0,+2.2,+3.1,+3.8,+4.1,+4.2
2022-11-24 14:33,0,+10.9,+8.1,+10.8,+2.0,+2.1,+3.1,+3.8,+4.1,+4.2
2022-11-24 15:33,0,+10.8,+8.1,+10.8,+2.0,+2.2,+3.1,+3.7,+4.1,+4.2
2022-11-24 16:33,0,+10.8,+8.1,+10.8,+2.0,+2.1,+3.1,+3.7,+4.1,+4.2
2022-11-24 17:33,0,+10.8,+8.1,+10.8,+2.0,+2.2,+3.1,+3.7,+4.1,+4.2
2022-11-24 18:33,0,+10.9,+8.1,+10.8,+2.0,+2.2,+3.1,+3.8,+4.2,+4.2
2022-11-24 19:33,0,+10.8,+8.1,+10.8,+2.0,+2.2,+3.1,+3.7,+4.2,+4.2
2022-11-24 20:33,0,+10.8,+8.1,+10.8,+2.0,+2.2,+3.0,+3.7,+4.1,+4.2
2022-11-24 21:33,0,+10.8,+8.1,+10.8,+2.0,+2.2,+3.1,+3.7,+4.1,+4.2
2022-11-24 22:33,0,+10.8,+8.1,+10.8,+2.0,+2.2,+3.1,+3.8,+4.1,+4.2
2022-11-24 23:33,0,+10.8,+8.1,+10.8,+2.1,+2.2,+3.1,+3.8,+4.2,+4.2
2022-11-25 00:33,0,+10.8,+8.1,+10.8,+2.0,+2.2,+3.1,+3.7,+4.2,+4.2
2022-11-25 01:33,0,+10.8,+8.1,+10.8,+2.0,+2.2,+3.1,+3.7,+4.1,+4.2
2022-11-25 02:33,0,+10.8,+8.1,+10.8,+2.0,+2.2,+3.1,+3.7,+4.1,+4.2
2022-11-25 03:33,0,+10.8,+8.1,+10.8,+2.0,+2.2,+3.1,+3.7,+4.1,+4.2
2022-11-25 04:33,0,+10.8,+8.1,+10.8,+1.8,+2.2,+3.1,+3.8,+4.2,+4.2
2022-11-25 05:33,0,+10.8,+8.1,+10.8,+1.8,+2.1,+3.1,+3.8,+4.1,+4.2
2022-11-25 06:33,0,+10.8,+8.1,+10.8,+1.8,+2.1,+3.1,+3.7,+4.1,+4.2
2022-11-25 07:33,0,+10.8,+8.1,+10.8,+1.7,+2.1,+3.1,+3.8,+4.2,+4.2
2022-11-25 08:33,0,+10.8,+8.1,+10.8,+1.7,+2.2,+3.1,+3.8,+4.1,+4.2
2022-11-25 09:33,0,+10.8,+8.1,+10.8,+1.7,+2.1,+3.0,+3.8,+4.1,+4.2
2022-11-25 10:33,0,+10.8,+8.1,+10.8,+1.7,+2.1,+3.1,+3.8,+4.2,+4.2
2022-11-25 11:33,0,+10.7,+8.1,+10.8,+1.7,+2.1,+3.0,+3.7,+4.1,+4.2
2022-11-25 12:33,0,+10.7,+8.1,+10.8,+1.7,+2.1,+3.0,+3.8,+4.1,+4.2
2022-11-25 13:33,0,+10.7,+8.1,+10.8,+1.8,+2.1,+3.0,+3.7,+4.1,+4.2
2022-11-25 14:33,0,+10.7,+8.1,+10.8,+1.8,+2.1,+3.0,+3.8,+4.1,+4.2
2022-11-25 15:33,0,+10.7,+8.1,+10.8,+1.8,+2.1,+3.0,+3.7,+4.1,+4.2
2022-11-25 16:33,0,+10.7,+8.1,+10.8,+1.8,+2.1,+3.0,+3.8,+4.1,+4.2
2022-11-25 17:33,0,+10.8,+8.1,+10.8,+1.8,+2.1,+3.0,+3.7,+4.1,+4.2
2022-11-25 18:33,0,+10.9,+8.1,+10.8,+1.8,+2.1,+3.0,+3.7,+4.1,+4.2
2022-11-25 19:33,0,+11.3,+8.2,+10.8,+1.8,+2.1,+3.0,+3.7,+4.1,+4.2
2022-11-25 20:33,0,+11.9,+8.2,+10.8,+1.8,+2.1,+3.0,+3.7,+4.1,+4.2
2022-11-25 21:33,0,+12.7,+8.2,+10.8,+1.8,+2.1,+3.0,+3.7,+4.1,+4.2
2022-11-25 22:33,0,+13.2,+8.2,+10.9,+2.0,+2.1,+3.0,+3.7,+4.1,+4.2
2022-11-25 23:33,0,+13.6,+8.2,+10.9,+1.8,+2.1,+3.0,+3.7,+4.1,+4.1
2022-11-26 00:33,0,+13.9,+8.2,+10.9,+2.0,+2.1,+3.0,+3.7,+4.1,+4.2
2022-11-26 01:33,0,+14.1,+8.2,+10.9,+1.8,+2.1,+3.0,+3.7,+4.1,+4.1
2022-11-26 02:33,0,+14.4,+8.2,+10.9,+2.0,+2.1,+3.0,+3.7,+4.1,+4.2
2022-11-26 03:33,0,+14.7,+8.2,+10.9,+2.0,+2.1,+3.0,+3.8,+4.1,+4.1
2022-11-26 04:33,0,+14.9,+8.2,+10.9,+2.0,+2.1,+3.0,+3.7,+4.1,+4.2
2022-11-26 05:33,0,+15.1,+8.3,+10.9,+2.0,+2.1,+3.0,+3.7,+4.1,+4.1
2022-11-26 06:33,0,+15.2,+8.3,+10.9,+2.0,+2.1,+3.1,+3.7,+4.1,+4.1
2022-11-26 07:33,0,+15.2,+8.3,+10.9,+2.0,+2.1,+3.0,+3.7,+4.1,+4.2
2022-11-26 08:33,0,+15.1,+8.3,+10.9,+2.0,+2.1,+3.0,+3.7,+4.1,+4.2
2022-11-26 09:33,0,+15.0,+8.3,+10.9,+2.0,+2.1,+3.0,+3.7,+4.1,+4.1
2022-11-26 10:33,0,+15.2,+8.3,+11.0,+2.0,+2.1,+3.0,+3.7,+4.1,+4.1
2022-11-26 11:33,0,+16.4,+8.3,+11.0,+2.0,+2.1,+3.1,+3.7,+4.1,+4.2
2022-11-26 12:33,0,+16.7,+8.3,+11.0,+2.1,+2.1,+3.1,+3.7,+4.1,+4.2
2022-11-26 13:33,0,+16.8,+8.4,+11.0,+2.2,+2.2,+3.1,+3.7,+4.1,+4.1
2022-11-26 14:33,0,+16.9,+8.5,+11.0,+2.2,+2.2,+3.0,+3.7,+4.1,+4.1
2022-11-26 15:33,0,+16.8,+8.6,+11.0,+2.3,+2.2,+3.0,+3.7,+4.1,+4.2
2022-11-26 16:33,0,+16.6,+8.6,+11.0,+2.3,+2.3,+3.1,+3.7,+4.1,+4.1
2022-11-26 17:33,0,+16.3,+8.7,+11.0,+2.3,+2.3,+3.1,+3.7,+4.1,+4.1
2022-11-26 18:33,0,+16.0,+8.7,+11.1,+2.3,+2.3,+3.1,+3.7,+4.1,+4.1
2022-11-26 19:33,0,+15.7,+8.8,+11.1,+2.3,+2.3,+3.1,+3.7,+4.1,+4.1
2022-11-26 20:33,0,+15.4,+8.8,+11.1,+2.3,+2.3,+3.1,+3.7,+4.1,+4.1
2022-11-26 21:33,0,+15.2,+8.8,+11.1,+2.3,+2.3,+3.1,+3.7,+4.1,+4.1
2022-11-26 22:33,0,+15.0,+8.8,+11.2,+2.2,+2.3,+3.1,+3.7,+4.1,+4.1
2022-11-26 23:33,0,+14.8,+8.8,+11.2,+2.1,+2.3,+3.1,+3.7,+4.1,+4.1
2022-11-27 00:33,0,+14.6,+8.8,+11.2,+2.1,+2.2,+3.1,+3.8,+4.1,+4.1
2022-11-27 01:33,0,+14.5,+8.8,+11.2,+2.1,+2.2,+3.1,+3.7,+4.1,+4.1
2022-11-27 02:33,0,+14.4,+8.8,+11.2,+2.0,+2.2,+3.1,+3.7,+4.1,+4.1
2022-11-27 03:33,0,+14.2,+8.8,+11.2,+2.0,+2.2,+3.1,+3.7,+4.1,+4.2
2022-11-27 04:33,0,+14.2,+8.8,+11.2,+1.8,+2.2,+3.1,+3.7,+4.1,+4.2
2022-11-27 05:33,0,+14.1,+8.8,+11.3,+1.8,+2.2,+3.1,+3.7,+4.1,+4.1
2022-11-27 06:33,0,+14.0,+8.8,+11.3,+1.8,+2.1,+3.1,+3.8,+4.1,+4.1
2022-11-27 07:33,0,+13.9,+8.8,+11.3,+1.7,+2.2,+3.0,+3.7,+4.0,+4.1
2022-11-27 08:33,0,+13.9,+8.8,+11.3,+1.7,+2.1,+3.1,+3.7,+4.1,+4.2
2022-11-27 09:33,0,+13.8,+8.8,+11.3,+1.6,+2.0,+3.0,+3.7,+4.1,+4.1
2022-11-27 10:33,0,+13.7,+8.8,+11.3,+1.6,+2.1,+3.0,+3.7,+4.1,+4.1
2022-11-27 11:33,0,+13.7,+8.8,+11.3,+1.7,+2.0,+3.0,+3.7,+4.1,+4.1
2022-11-27 12:33,0,+13.6,+8.8,+11.3,+1.7,+2.0,+3.0,+3.7,+4.1,+4.1
2022-11-27 13:33,0,+13.5,+8.7,+11.3,+1.7,+2.0,+3.0,+3.7,+4.1,+4.1
2022-11-27 14:33,0,+13.5,+8.7,+11.3,+1.7,+2.0,+3.0,+3.7,+4.0,+4.1
2022-11-27 15:33,0,+13.4,+8.7,+11.3,+1.7,+2.0,+3.0,+3.7,+4.1,+4.1
2022-11-27 16:33,0,+13.4,+8.7,+11.3,+1.7,+2.0,+2.8,+3.7,+4.0,+4.1
2022-11-27 17:33,0,+13.4,+8.7,+11.3,+1.7,+2.0,+2.8,+3.6,+4.1,+4.1
2022-11-27 18:33,0,+13.4,+8.7,+11.3,+1.7,+2.0,+2.8,+3.7,+4.0,+4.1
2022-11-27 19:33,0,+13.3,+8.7,+11.3,+1.7,+2.0,+3.0,+3.7,+4.1,+4.1
2022-11-27 20:33,0,+13.3,+8.7,+11.3,+1.6,+2.0,+2.8,+3.6,+4.0,+4.1
2022-11-27 21:33,0,+13.3,+8.7,+11.3,+1.6,+2.0,+3.0,+3.6,+4.1,+4.1
2022-11-27 22:33,0,+13.2,+8.7,+11.3,+1.5,+2.0,+2.8,+3.7,+4.0,+4.1
2022-11-27 23:33,0,+13.2,+8.7,+11.4,+1.5,+1.8,+2.8,+3.7,+4.0,+4.1
2022-11-28 00:33,0,+13.2,+8.7,+11.3,+1.5,+1.8,+2.8,+3.6,+4.0,+4.1
2022-11-28 01:33,0,+13.1,+8.7,+11.4,+1.5,+1.8,+2.8,+3.6,+4.0,+4.1
2022-11-28 02:33,0,+13.1,+8.7,+11.4,+1.3,+1.8,+2.7,+3.6,+4.0,+4.1
2022-11-28 03:33,0,+13.0,+8.7,+11.4,+1.3,+1.8,+2.8,+3.7,+4.0,+4.1
2022-11-28 04:33,0,+13.0,+8.7,+11.4,+1.2,+1.7,+2.7,+3.6,+4.0,+4.0
2022-11-28 05:33,0,+13.0,+8.7,+11.4,+1.2,+1.7,+2.7,+3.6,+4.0,+4.0
2022-11-28 06:33,0,+12.9,+8.7,+11.3,+1.2,+1.7,+2.7,+3.6,+3.8,+4.1
2022-11-28 07:33,0,+12.9,+8.7,+11.3,+1.2,+1.7,+2.7,+3.6,+4.0,+4.1
2022-11-28 08:33,0,+12.9,+8.7,+11.3,+1.2,+1.6,+2.7,+3.6,+4.0,+4.0
2022-11-28 09:33,0,+12.8,+8.7,+11.3,+1.2,+1.6,+2.7,+3.6,+4.0,+4.0
2022-11-28 10:33,0,+12.8,+8.6,+11.3,+1.2,+1.6,+2.6,+3.6,+4.0,+4.0
2022-11-28 11:33,0,+12.8,+8.7,+11.3,+1.2,+1.6,+2.6,+3.5,+4.0,+4.0
2022-11-28 12:33,0,+12.7,+8.6,+11.3,+1.2,+1.6,+2.6,+3.5,+4.0,+4.0
2022-11-28 13:33,0,+12.7,+8.6,+11.3,+1.2,+1.6,+2.6,+3.5,+3.8,+4.0
2022-11-28 14:33,0,+12.7,+8.6,+11.3,+1.2,+1.6,+2.6,+3.5,+3.8,+4.0
2022-11-28 15:33,0,+12.6,+8.6,+11.3,+1.2,+1.6,+2.6,+3.5,+3.8,+4.0
2022-11-28 16:33,0,+12.6,+8.6,+11.3,+1.2,+1.5,+2.6,+3.5,+3.8,+4.0
2022-11-28 17:33,0,+12.6,+8.6,+11.3,+1.2,+1.6,+2.6,+3.5,+3.8,+4.0
2022-11-28 18:33,0,+12.6,+8.6,+11.3,+1.2,+1.5,+2.6,+3.5,+3.8,+4.0
2022-11-28 19:33,0,+12.5,+8.6,+11.3,+1.2,+1.6,+2.6,+3.3,+3.8,+4.0
2022-11-28 20:33,0,+12.5,+8.6,+11.3,+1.2,+1.5,+2.5,+3.3,+3.8,+4.0
2022-11-28 21:33,0,+12.5,+8.6,+11.3,+1.2,+1.6,+2.5,+3.3,+3.8,+4.0
2022-11-28 22:33,0,+12.5,+8.6,+11.3,+1.2,+1.5,+2.6,+3.3,+3.8,+3.8
2022-11-28 23:33,0,+12.5,+8.6,+11.3,+1.2,+1.6,+2.6,+3.3,+3.8,+3.8
2022-11-29 00:33,0,+12.5,+8.6,+11.3,+1.2,+1.5,+2.5,+3.5,+3.7,+3.8
2022-11-29 01:33,0,+12.5,+8.6,+11.3,+1.2,+1.6,+2.5,+3.3,+3.7,+3.8
2022-11-29 02:33,0,+12.5,+8.6,+11.3,+1.2,+1.5,+2.5,+3.3,+3.8,+3.8
2022-11-29 03:33,0,+12.5,+8.6,+11.3,+1.2,+1.6,+2.6,+3.3,+3.8,+3.8
2022-11-29 04:33,0,+12.5,+8.6,+11.3,+1.2,+1.6,+2.6,+3.3,+3.7,+3.8
2022-11-29 05:33,0,+12.5,+8.6,+11.4,+1.1,+1.5,+2.5,+3.3,+3.7,+3.8
2022-11-29 06:33,0,+12.5,+8.6,+11.3,+1.1,+1.6,+2.5,+3.3,+3.8,+3.8
2022-11-29 07:33,0,+12.5,+8.6,+11.3,+1.1,+1.5,+2.5,+3.3,+3.7,+3.8
2022-11-29 08:33,0,+12.5,+8.6,+11.3,+1.1,+1.5,+2.5,+3.3,+3.7,+3.8
2022-11-29 09:33,0,+12.5,+8.6,+11.3,+1.0,+1.5,+2.5,+3.3,+3.7,+3.8
2022-11-29 10:33,0,+12.4,+8.6,+11.3,+1.1,+1.5,+2.5,+3.2,+3.7,+3.8
2022-11-29 11:33,0,+12.4,+8.6,+11.3,+1.1,+1.3,+2.5,+3.3,+3.7,+3.8
2022-11-29 12:33,0,+12.4,+8.6,+11.3,+1.0,+1.5,+2.5,+3.3,+3.7,+3.8
2022-11-29 13:33,0,+12.3,+8.6,+11.3,+1.0,+1.3,+2.5,+3.3,+3.7,+3.8
2022-11-29 14:33,0,+12.3,+8.6,+11.4,+1.0,+1.3,+2.5,+3.3,+3.7,+3.8
2022-11-29 15:33,0,+12.3,+8.6,+11.3,+1.0,+1.3,+2.3,+3.2,+3.7,+3.7
2022-11-29 16:33,0,+12.3,+8.6,+11.3,+0.8,+1.3,+2.3,+3.2,+3.7,+3.7
2022-11-29 17:33,0,+12.3,+8.6,+11.3,+0.8,+1.3,+2.3,+3.2,+3.7,+3.7
2022-11-29 18:33,0,+12.2,+8.6,+11.3,+0.8,+1.2,+2.3,+3.2,+3.7,+3.7
2022-11-29 19:33,0,+12.2,+8.6,+11.3,+0.8,+1.3,+2.3,+3.2,+3.7,+3.7
2022-11-29 20:33,0,+12.2,+8.6,+11.3,+0.7,+1.2,+2.3,+3.2,+3.7,+3.7
2022-11-29 21:33,0,+12.2,+8.6,+11.3,+0.7,+1.2,+2.3,+3.2,+3.6,+3.7
2022-11-29 22:33,0,+12.2,+8.6,+11.3,+0.7,+1.2,+2.3,+3.1,+3.7,+3.7
2022-11-29 23:33,0,+12.2,+8.6,+11.3,+0.7,+1.2,+2.3,+3.2,+3.7,+3.7
2022-11-30 00:33,0,+12.1,+8.5,+11.3,+0.6,+1.2,+2.2,+3.2,+3.7,+3.7
2022-11-30 01:33,0,+12.1,+8.5,+11.3,+0.6,+1.2,+2.2,+3.1,+3.7,+3.7
2022-11-30 02:33,0,+12.1,+8.6,+11.3,+0.7,+1.2,+2.2,+3.2,+3.7,+3.7
2022-11-30 03:33,0,+12.1,+8.6,+11.3,+0.6,+1.1,+2.2,+3.1,+3.6,+3.7
2022-11-30 04:33,0,+12.0,+8.5,+11.3,+0.6,+1.1,+2.2,+3.1,+3.6,+3.7
2022-11-30 05:33,0,+12.0,+8.5,+11.3,+0.5,+1.1,+2.2,+3.1,+3.6,+3.7
2022-11-30 06:33,0,+12.0,+8.5,+11.3,+0.6,+1.1,+2.1,+3.1,+3.6,+3.7
2022-11-30 07:33,0,+11.9,+8.5,+11.3,+0.5,+1.0,+2.2,+3.1,+3.6,+3.7
2022-11-30 08:33,0,+11.9,+8.5,+11.3,+0.5,+1.0,+2.1,+3.1,+3.6,+3.6
2022-11-30 09:33,0,+11.8,+8.5,+11.3,+0.5,+1.0,+2.1,+3.1,+3.5,+3.6
2022-11-30 10:33,0,+11.8,+8.5,+11.3,+0.3,+1.0,+2.1,+3.1,+3.6,+3.6
2022-11-30 11:33,0,+11.7,+8.5,+11.3,+0.3,+1.0,+2.1,+3.1,+3.6,+3.6
2022-11-30 12:33,0,+11.6,+8.5,+11.3,+0.3,+1.0,+2.1,+3.1,+3.6,+3.6
2022-11-30 13:33,0,+11.6,+8.5,+11.3,+0.3,+1.0,+2.1,+3.0,+3.5,+3.6
2022-11-30 14:33,0,+11.6,+8.5,+11.3,+0.2,+0.8,+2.0,+3.0,+3.6,+3.6
2022-11-30 15:33,0,+11.5,+8.5,+11.3,+0.3,+1.0,+2.1,+3.0,+3.5,+3.6
2022-11-30 16:33,0,+11.4,+8.5,+11.3,+0.2,+0.8,+2.0,+3.0,+3.5,+3.6
2022-11-30 17:33,0,+11.3,+8.5,+11.3,+0.2,+0.8,+2.0,+3.0,+3.5,+3.6
2022-11-30 18:33,0,+11.2,+8.5,+11.3,+0.2,+0.8,+2.0,+3.0,+3.5,+3.6
2022-11-30 19:33,0,+11.2,+8.5,+11.3,+0.2,+0.8,+2.0,+3.0,+3.5,+3.6
2022-11-30 20:33,0,+11.1,+8.5,+11.3,+0.1,+0.8,+2.0,+2.8,+3.5,+3.5
2022-11-30 21:33,0,+11.0,+8.5,+11.3,+0.1,+0.7,+2.0,+2.8,+3.5,+3.6
2022-11-30 22:33,0,+10.9,+8.5,+11.3,+0.1,+0.8,+1.8,+3.0,+3.3,+3.6
2022-11-30 23:33,0,+10.8,+8.5,+11.3,+0.1,+0.7,+1.8,+2.8,+3.5,+3.6
2022-12-01 00:33,0,+10.7,+8.4,+11.3,+0.0,+0.7,+2.0,+2.8,+3.3,+3.5
2022-12-01 01:33,0,+10.6,+8.4,+11.3,+0.1,+0.7,+1.8,+2.8,+3.3,+3.5
2022-12-01 02:33,0,+10.5,+8.4,+11.3,+0.0,+0.7,+1.8,+2.8,+3.3,+3.5
2022-12-01 03:33,0,+10.3,+8.4,+11.3,+0.0,+0.7,+1.8,+2.8,+3.3,+3.5
2022-12-01 04:33,0,+10.3,+8.4,+11.3,+0.0,+0.6,+1.8,+2.7,+3.3,+3.5
2022-12-01 05:33,0,+10.2,+8.4,+11.3,-0.1,+0.6,+1.8,+2.8,+3.3,+3.5
2022-12-01 06:33,0,+10.1,+8.4,+11.3,+0.0,+0.6,+1.8,+2.8,+3.3,+3.5
2022-12-01 07:33,0,+9.9,+8.4,+11.3,-0.1,+0.6,+1.7,+2.7,+3.3,+3.5
2022-12-01 08:33,0,+9.8,+8.4,+11.3,-0.1,+0.6,+1.7,+2.8,+3.2,+3.3
2022-12-01 09:33,0,+9.7,+8.4,+11.3,-0.1,+0.6,+1.7,+2.7,+3.3,+3.3
2022-12-01 10:33,0,+9.7,+8.4,+11.3,-0.1,+0.6,+1.7,+2.7,+3.3,+3.5
2022-12-01 11:33,0,+9.6,+8.4,+11.3,-0.2,+0.5,+1.7,+2.7,+3.3,+3.3
2022-12-01 12:33,0,+9.6,+8.4,+11.3,-0.1,+0.5,+1.7,+2.7,+3.2,+3.3
2022-12-01 13:33,0,+9.6,+8.4,+11.3,-0.1,+0.5,+1.7,+2.7,+3.2,+3.3
2022-12-01 14:33,0,+9.6,+8.4,+11.3,-0.1,+0.5,+1.7,+2.7,+3.2,+3.3
2022-12-01 15:33,0,+9.6,+8.4,+11.3,-0.1,+0.5,+1.6,+2.6,+3.2,+3.3