
2024-06-19 08:03,1,+11.4,+33.7,+34.1,+13.9,+14.0,+13.6,+13.3,+12.3,+12.9
2024-06-19 09:03,1,+11.4,+31.1,+34.1,+14.3,+14.1,+13.6,+13.0,+11.9,+12.4
2024-06-19 10:03,1,+11.0,+29.6,+34.1,+14.1,+14.0,+13.5,+13.0,+11.9,+12.4
2024-06-19 11:03,1,+10.9,+28.6,+34.1,+14.3,+14.0,+13.6,+13.0,+11.9,+12.4
2024-06-19 12:03,1,+10.7,+28.2,+34.1,+14.4,+13.9,+13.5,+13.0,+11.9,+12.4
2024-06-19 13:03,1,+10.7,+27.9,+34.1,+14.9,+14.0,+13.5,+13.0,+11.9,+12.4
2024-06-19 14:03,1,+10.5,+27.7,+34.2,+15.0,+14.1,+13.5,+13.0,+11.8,+12.4
2024-06-19 15:03,1,+10.5,+27.5,+34.2,+15.0,+14.1,+13.5,+12.9,+11.9,+12.4
2024-06-19 16:03,1,+10.6,+27.4,+34.2,+15.1,+14.3,+13.5,+13.0,+11.9,+12.4
2024-06-19 17:03,1,+10.5,+27.2,+34.2,+15.1,+14.3,+13.5,+12.9,+11.9,+12.4
2024-06-19 18:03,1,+10.4,+27.1,+34.2,+15.1,+14.4,+13.5,+13.0,+11.9,+12.4
2024-06-19 19:03,1,+10.8,+27.0,+34.3,+15.0,+14.4,+13.5,+13.0,+11.9,+12.4
2024-06-19 20:03,1,+10.2,+26.9,+34.3,+14.9,+14.4,+13.5,+13.0,+11.9,+12.4
2024-06-19 21:03,1,+10.6,+26.9,+34.3,+14.8,+14.3,+13.5,+12.9,+11.9,+12.4
2024-06-19 22:03,1,+10.6,+26.8,+34.3,+14.6,+14.3,+13.6,+13.0,+11.9,+12.4
2024-06-19 23:03,1,+10.5,+26.7,+34.3,+14.4,+14.1,+13.5,+13.0,+11.9,+12.4
2024-06-20 00:03,1,+10.5,+26.6,+34.3,+14.3,+14.0,+13.5,+12.9,+11.9,+12.4
2024-06-20 01:03,1,+10.5,+26.5,+34.4,+14.0,+14.0,+13.5,+13.0,+11.9,+12.4
2024-06-20 02:03,1,+10.5,+26.4,+34.4,+13.9,+13.9,+13.4,+12.9,+11.9,+12.4
2024-06-20 03:03,1,+10.5,+26.3,+34.4,+13.8,+13.8,+13.4,+13.0,+11.9,+12.4
2024-06-20 04:03,1,+10.5,+26.3,+34.4,+13.6,+13.6,+13.3,+12.9,+11.9,+12.4
2024-06-20 05:03,1,+10.5,+26.2,+34.4,+13.5,+13.6,+13.3,+12.9,+11.9,+12.4
2024-06-20 06:03,1,+10.5,+26.2,+34.4,+13.4,+13.4,+13.1,+12.9,+11.9,+12.4
2024-06-20 07:03,1,+10.4,+26.2,+34.4,+13.4,+13.4,+13.1,+12.9,+11.9,+12.4
2024-06-20 08:03,1,+10.3,+26.1,+34.4,+13.4,+13.4,+13.1,+12.8,+11.9,+12.4
2024-06-20 09:03,1,+10.2,+26.1,+34.5,+13.4,+13.3,+13.0,+12.8,+11.8,+12.4
2024-06-20 10:03,1,+10.1,+26.0,+34.5,+13.6,+13.3,+13.0,+12.8,+11.8,+12.4
2024-06-20 11:03,1,+10.1,+25.9,+34.5,+13.8,+13.4,+12.9,+12.6,+11.8,+12.4
2024-06-20 12:03,1,+10.0,+25.9,+34.5,+13.9,+13.4,+13.0,+12.6,+11.8,+12.4
2024-06-20 13:03,1,+10.0,+25.8,+34.5,+14.1,+13.5,+12.9,+12.6,+11.8,+12.4
2024-06-20 14:03,1,+9.9,+25.7,+34.5,+14.3,+13.5,+12.9,+12.6,+11.6,+12.4
2024-06-20 15:03,1,+9.8,+25.7,+34.5,+14.5,+13.6,+13.0,+12.6,+11.8,+12.3
2024-06-20 16:03,1,+9.8,+25.6,+34.5,+14.5,+13.6,+13.0,+12.6,+11.8,+12.4
2024-06-20 17:03,1,+9.8,+25.5,+34.5,+14.6,+13.8,+13.0,+12.6,+11.6,+12.3
2024-06-20 18:03,1,+9.8,+25.3,+34.5,+14.6,+13.9,+13.1,+12.6,+11.8,+12.4
2024-06-20 19:03,1,+9.8,+25.2,+34.5,+14.6,+13.9,+13.1,+12.6,+11.6,+12.3
2024-06-20 20:03,1,+9.8,+25.1,+34.6,+14.6,+13.9,+13.1,+12.6,+11.6,+12.3
2024-06-20 21:03,1,+9.8,+24.3,+34.5,+14.5,+13.9,+13.1,+12.6,+11.8,+12.3
2024-06-20 22:03,1,+9.8,+24.2,+34.6,+14.4,+13.9,+13.3,+12.6,+11.8,+12.4
2024-06-20 23:03,1,+10.5,+24.1,+34.6,+14.3,+13.9,+13.3,+12.6,+11.6,+12.3
2024-06-21 00:03,1,+10.0,+24.1,+34.6,+14.1,+13.9,+13.3,+12.8,+11.8,+12.3
2024-06-21 01:03,1,+10.0,+24.1,+34.6,+13.9,+13.8,+13.3,+12.8,+11.8,+12.3
2024-06-21 02:03,1,+9.9,+24.0,+34.6,+13.8,+13.6,+13.1,+12.8,+11.8,+12.3
2024-06-21 03:03,1,+10.0,+24.0,+34.6,+13.6,+13.5,+13.1,+12.6,+11.8,+12.3
2024-06-21 04:03,1,+9.9,+23.9,+34.6,+13.5,+13.5,+13.1,+12.6,+11.8,+12.3
2024-06-21 05:03,1,+9.9,+23.9,+34.6,+13.4,+13.4,+13.0,+12.6,+11.8,+12.3
2024-06-21 06:03,1,+10.1,+23.9,+34.6,+13.3,+13.4,+13.0,+12.6,+11.8,+12.3
2024-06-21 07:03,1,+10.2,+23.8,+34.6,+13.3,+13.3,+13.0,+12.6,+11.6,+12.4
2024-06-21 08:03,1,+10.2,+23.8,+34.6,+13.3,+13.1,+12.9,+12.6,+11.8,+12.4
2024-06-21 09:03,1,+10.9,+23.8,+34.7,+13.3,+13.1,+12.9,+12.6,+11.8,+12.3
2024-06-21 10:03,1,+11.0,+23.7,+34.6,+13.5,+13.1,+12.8,+12.6,+11.6,+12.4
2024-06-21 11:03,1,+11.0,+23.6,+34.7,+13.6,+13.1,+12.8,+12.5,+11.6,+12.3
2024-06-21 12:03,1,+11.3,+23.5,+34.6,+13.9,+13.3,+12.8,+12.5,+11.6,+12.3
2024-06-21 13:03,1,+11.1,+23.4,+34.6,+14.4,+13.4,+12.9,+12.5,+11.6,+12.3
2024-06-21 14:03,1,+11.0,+23.3,+34.7,+14.6,+13.5,+12.9,+12.5,+11.6,+12.3
2024-06-21 15:03,1,+11.0,+23.2,+34.7,+14.9,+13.8,+12.9,+12.5,+11.5,+12.3
2024-06-21 16:03,1,+11.3,+23.1,+34.6,+15.0,+13.9,+13.0,+12.5,+11.6,+12.3
2024-06-21 17:03,1,+11.0,+23.0,+34.7,+15.1,+14.0,+13.0,+12.5,+11.6,+12.3
2024-06-21 18:03,1,+11.0,+22.3,+34.7,+15.1,+14.0,+13.1,+12.5,+11.6,+12.3
2024-06-21 19:03,1,+11.0,+22.1,+34.7,+15.3,+14.1,+13.3,+12.6,+11.6,+12.3
2024-06-21 20:03,1,+11.0,+22.0,+34.7,+15.1,+14.3,+13.3,+12.6,+11.6,+12.3
2024-06-21 21:03,1,+11.0,+21.9,+34.7,+15.0,+14.3,+13.4,+12.6,+11.6,+12.3
2024-06-21 22:03,1,+11.0,+21.9,+34.7,+15.0,+14.3,+13.4,+12.6,+11.6,+12.3
2024-06-21 23:03,1,+11.2,+21.9,+34.7,+14.9,+14.3,+13.4,+12.8,+11.6,+12.3
2024-06-22 00:03,1,+11.2,+21.8,+34.7,+14.8,+14.1,+13.4,+12.8,+11.6,+12.3
2024-06-22 01:03,1,+11.4,+21.8,+34.7,+14.6,+14.1,+13.4,+12.8,+11.8,+12.3
2024-06-22 02:03,1,+11.4,+21.7,+34.7,+14.6,+14.1,+13.4,+12.9,+11.6,+12.3
2024-06-22 03:03,1,+11.4,+21.7,+34.7,+14.5,+14.0,+13.4,+12.8,+11.8,+12.4
2024-06-22 04:03,1,+11.4,+21.7,+34.7,+14.4,+14.0,+13.4,+12.8,+11.8,+12.4
2024-06-22 05:03,1,+11.4,+21.7,+34.7,+14.4,+14.0,+13.4,+12.8,+11.8,+12.4
2024-06-22 06:03,1,+11.4,+21.7,+34.7,+14.3,+13.9,+13.3,+12.8,+11.8,+12.4
2024-06-22 07:03,1,+11.5,+21.7,+34.7,+14.3,+13.9,+13.3,+12.9,+11.8,+12.4
2024-06-22 08:03,1,+11.4,+21.6,+34.7,+14.3,+13.9,+13.3,+12.8,+11.8,+12.4
2024-06-22 09:03,1,+11.4,+21.6,+34.7,+14.3,+13.8,+13.3,+12.8,+11.8,+12.4
2024-06-22 10:03,1,+11.4,+21.6,+34.7,+14.4,+13.9,+13.3,+12.8,+11.8,+12.4
2024-06-22 11:03,1,+11.4,+21.5,+34.7,+14.5,+13.9,+13.3,+12.8,+11.8,+12.4
2024-06-22 12:03,1,+11.3,+21.5,+34.7,+14.6,+13.9,+13.3,+12.8,+11.8,+12.4
2024-06-22 13:03,1,+11.4,+21.5,+34.7,+14.8,+14.0,+13.3,+12.8,+11.8,+12.4
2024-06-22 14:03,1,+11.4,+21.4,+34.7,+14.9,+14.0,+13.3,+12.8,+11.8,+12.4
2024-06-22 15:03,1,+11.4,+21.3,+34.8,+14.9,+14.1,+13.3,+12.8,+11.8,+12.4
2024-06-22 16:03,1,+12.3,+21.3,+34.8,+14.9,+14.1,+13.3,+12.8,+11.8,+12.4
2024-06-22 17:03,1,+13.1,+21.3,+34.8,+14.9,+14.1,+13.4,+12.9,+11.8,+12.4
2024-06-22 18:03,1,+11.6,+21.3,+34.8,+14.9,+14.1,+13.4,+12.8,+11.8,+12.4
2024-06-22 19:03,1,+11.6,+21.3,+34.8,+14.8,+14.1,+13.4,+12.8,+11.9,+12.4
2024-06-22 20:03,1,+11.6,+21.3,+34.8,+14.8,+14.1,+13.4,+12.9,+11.8,+12.4
2024-06-22 21:03,1,+11.6,+21.3,+34.8,+14.8,+14.1,+13.4,+12.9,+11.9,+12.4
2024-06-22 22:03,1,+11.6,+21.2,+34.8,+14.6,+14.1,+13.4,+12.9,+11.8,+12.4
2024-06-22 23:03,1,+11.6,+21.2,+34.8,+14.5,+14.1,+13.5,+12.9,+11.9,+12.4
2024-06-23 00:03,1,+11.6,+21.2,+34.8,+14.4,+14.0,+13.5,+12.9,+11.9,+12.4
2024-06-23 01:03,1,+11.6,+21.2,+34.8,+14.3,+14.0,+13.4,+12.9,+11.9,+12.5
2024-06-23 02:03,1,+11.6,+21.2,+34.8,+14.1,+13.9,+13.4,+12.9,+11.9,+12.4
2024-06-23 03:03,1,+11.6,+21.2,+34.8,+14.1,+13.9,+13.4,+12.9,+11.9,+12.4
2024-06-23 04:03,1,+16.1,+21.7,+34.9,+13.9,+13.8,+13.4,+12.9,+11.9,+12.4
2024-06-23 05:03,1,+15.6,+21.2,+34.9,+13.8,+13.8,+13.3,+12.9,+11.9,+12.4
2024-06-23 06:03,1,+13.8,+21.2,+34.9,+13.6,+13.6,+13.3,+12.9,+11.9,+12.5
2024-06-23 07:03,1,+13.2,+21.1,+34.9,+13.6,+13.6,+13.3,+12.9,+11.9,+12.5
2024-06-23 08:03,1,+13.0,+21.1,+34.9,+13.6,+13.5,+13.1,+12.9,+11.8,+12.5
2024-06-23 09:03,1,+12.9,+21.1,+34.9,+13.6,+13.4,+13.1,+12.8,+11.9,+12.4
2024-06-23 10:03,1,+12.9,+21.1,+34.9,+13.9,+13.4,+13.1,+12.9,+11.9,+12.5
2024-06-23 11:03,1,+12.3,+21.1,+34.9,+14.1,+13.5,+13.1,+12.8,+11.9,+12.4
2024-06-23 12:03,1,+12.2,+21.1,+34.9,+14.4,+13.5,+13.0,+12.8,+11.8,+12.4
2024-06-23 13:03,1,+12.1,+21.1,+34.9,+14.8,+13.8,+13.1,+12.6,+11.8,+12.4
2024-06-23 14:03,1,+12.3,+21.0,+34.9,+15.1,+13.9,+13.1,+12.8,+11.9,+12.4
2024-06-23 15:03,1,+12.3,+21.0,+34.9,+15.3,+14.1,+13.3,+12.8,+11.9,+12.4
2024-06-23 16:03,1,+12.0,+21.0,+34.9,+15.4,+14.3,+13.3,+12.8,+11.8,+12.4
2024-06-23 17:03,1,+11.9,+20.9,+34.9,+15.5,+14.3,+13.4,+12.8,+11.9,+12.4
2024-06-23 18:03,1,+12.0,+20.9,+34.9,+15.6,+14.4,+13.5,+12.8,+11.9,+12.4
2024-06-23 19:03,1,+12.3,+20.9,+34.9,+15.6,+14.6,+13.5,+12.9,+11.9,+12.4
2024-06-23 20:03,1,+11.7,+20.8,+35.0,+15.5,+14.6,+13.6,+12.9,+11.9,+12.4
2024-06-23 21:03,1,+11.4,+20.8,+34.9,+15.4,+14.6,+13.6,+12.9,+11.9,+12.4
2024-06-23 22:03,1,+11.4,+20.8,+35.0,+15.3,+14.6,+13.6,+13.0,+11.9,+12.4
2024-06-23 23:03,1,+11.3,+20.8,+35.0,+15.1,+14.6,+13.6,+13.0,+11.9,+12.5
2024-06-24 00:03,1,+11.5,+20.8,+35.0,+15.0,+14.5,+13.6,+13.0,+11.9,+12.5
2024-06-24 01:03,1,+12.4,+20.8,+35.0,+14.8,+14.5,+13.6,+13.0,+11.9,+12.5
2024-06-24 02:03,1,+13.0,+20.8,+35.0,+14.6,+14.4,+13.8,+13.0,+12.0,+12.5
2024-06-24 03:03,1,+12.0,+20.7,+35.0,+14.5,+14.3,+13.6,+13.0,+12.0,+12.5
2024-06-24 04:03,1,+12.0,+20.7,+35.0,+14.4,+14.1,+13.6,+13.0,+12.0,+12.5
2024-06-24 05:03,1,+12.0,+20.7,+35.0,+14.3,+14.1,+13.6,+13.1,+12.0,+12.5
2024-06-24 06:03,1,+12.0,+20.7,+35.0,+14.1,+14.0,+13.5,+13.0,+12.0,+12.5
2024-06-24 07:03,1,+12.6,+20.7,+35.0,+14.1,+14.0,+13.5,+13.0,+12.0,+12.6
2024-06-24 08:03,1,+13.0,+20.7,+35.0,+14.1,+13.9,+13.4,+13.0,+12.0,+12.6
2024-06-24 09:03,1,+12.8,+20.7,+35.0,+14.1,+13.8,+13.4,+13.0,+12.0,+12.5
2024-06-24 10:03,1,+12.9,+20.6,+35.0,+14.4,+13.9,+13.4,+12.9,+12.0,+12.6
2024-06-24 11:03,1,+13.0,+20.6,+35.0,+14.5,+13.9,+13.4,+13.0,+12.0,+12.6
2024-06-24 12:03,1,+13.5,+20.6,+35.0,+14.8,+14.0,+13.4,+12.9,+11.9,+12.5
2024-06-24 13:03,1,+12.6,+20.6,+35.0,+14.9,+14.0,+13.4,+12.9,+11.9,+12.5
2024-06-24 14:03,1,+12.2,+20.5,+35.0,+14.9,+14.1,+13.4,+12.9,+11.9,+12.5
2024-06-24 15:03,1,+11.9,+20.5,+35.0,+15.1,+14.1,+13.4,+12.9,+12.0,+12.5
2024-06-24 16:03,1,+11.9,+20.5,+35.0,+15.4,+14.3,+13.5,+12.9,+12.0,+12.5
2024-06-24 17:03,1,+11.7,+20.4,+35.0,+15.6,+14.4,+13.5,+13.0,+11.9,+12.5
2024-06-24 18:03,1,+11.7,+20.4,+35.0,+15.8,+14.5,+13.6,+12.9,+11.9,+12.5
2024-06-24 19:03,1,+10.1,+20.4,+35.0,+15.9,+14.6,+13.6,+12.9,+11.9,+12.5
2024-06-24 20:03,1,+10.2,+20.3,+35.0,+15.9,+14.9,+13.8,+13.0,+12.0,+12.6
2024-06-24 21:03,1,+10.1,+20.3,+35.0,+15.9,+14.9,+13.8,+13.0,+11.9,+12.6
2024-06-24 22:03,1,+10.2,+20.3,+35.0,+15.9,+14.9,+13.9,+13.0,+12.0,+12.6
2024-06-24 23:03,1,+12.4,+20.3,+35.0,+15.8,+14.9,+13.9,+13.1,+12.0,+12.5
2024-06-25 00:03,1,+12.2,+20.3,+35.0,+15.8,+14.9,+13.9,+13.1,+12.0,+12.6
2024-06-25 01:03,1,+11.6,+20.3,+35.0,+15.6,+14.9,+13.9,+13.1,+12.0,+12.6
2024-06-25 02:03,1,+12.0,+20.3,+35.0,+15.4,+14.9,+13.9,+13.1,+12.1,+12.6
2024-06-25 03:03,1,+11.8,+20.3,+35.0,+15.4,+14.8,+13.9,+13.3,+12.1,+12.6
2024-06-25 04:03,1,+11.6,+20.3,+35.0,+15.1,+14.8,+13.9,+13.3,+12.1,+12.6
2024-06-25 05:03,1,+11.6,+20.3,+35.0,+15.0,+14.6,+13.9,+13.3,+12.1,+12.6
2024-06-25 06:03,1,+11.6,+20.3,+35.1,+14.9,+14.5,+13.9,+13.3,+12.1,+12.6
2024-06-25 07:03,1,+11.4,+20.2,+35.0,+14.9,+14.5,+13.9,+13.3,+12.1,+12.6
2024-06-25 08:03,1,+11.6,+20.2,+35.0,+14.8,+14.4,+13.8,+13.3,+12.1,+12.8
2024-06-25 09:03,1,+11.7,+20.2,+35.0,+14.9,+14.4,+13.8,+13.3,+12.1,+12.6
2024-06-25 10:03,1,+11.8,+20.1,+35.0,+15.0,+14.4,+13.9,+13.3,+12.1,+12.8
2024-06-25 11:03,1,+11.4,+20.1,+35.0,+15.1,+14.5,+13.8,+13.3,+12.1,+12.8
2024-06-25 12:03,1,+10.9,+20.1,+35.0,+15.4,+14.4,+13.8,+13.3,+12.1,+12.8
2024-06-25 13:03,1,+10.5,+20.0,+35.0,+16.0,+14.6,+13.8,+13.1,+12.1,+12.8
2024-06-25 14:03,1,+10.3,+19.9,+35.0,+16.1,+14.8,+13.8,+13.3,+12.1,+12.8
2024-06-25 15:03,1,+10.2,+19.8,+35.0,+16.3,+15.0,+13.9,+13.3,+12.1,+12.8
2024-06-25 16:03,1,+9.8,+19.8,+35.0,+16.3,+15.1,+14.0,+13.3,+12.3,+12.8
2024-06-25 17:03,1,+9.8,+19.7,+35.0,+16.3,+15.1,+14.0,+13.3,+12.1,+12.8
2024-06-25 18:03,1,+9.8,+19.7,+35.0,+16.4,+15.3,+14.1,+13.3,+12.1,+12.8
2024-06-25 19:03,1,+9.9,+19.7,+35.0,+16.3,+15.3,+14.1,+13.4,+12.3,+12.8
2024-06-25 20:03,1,+10.3,+19.7,+35.0,+16.3,+15.3,+14.3,+13.4,+12.3,+12.8
2024-06-25 21:03,1,+10.5,+19.6,+35.0,+16.1,+15.3,+14.3,+13.4,+12.3,+12.8
2024-06-25 22:03,1,+10.3,+19.6,+35.0,+15.9,+15.3,+14.3,+13.5,+12.3,+12.9
2024-06-25 23:03,1,+10.5,+19.6,+35.0,+15.9,+15.1,+14.3,+13.5,+12.3,+12.8
2024-06-26 00:03,1,+10.5,+19.5,+35.0,+15.8,+15.1,+14.3,+13.5,+12.4,+12.9
2024-06-26 01:03,1,+10.5,+19.5,+35.0,+15.6,+15.0,+14.3,+13.4,+12.4,+12.9
2024-06-26 02:03,1,+10.9,+19.5,+35.0,+15.5,+15.0,+14.3,+13.5,+12.4,+12.9
2024-06-26 03:03,1,+10.5,+19.5,+35.0,+15.4,+14.9,+14.3,+13.5,+12.4,+12.9
2024-06-26 04:03,1,+10.6,+19.5,+35.0,+15.3,+14.9,+14.1,+13.5,+12.4,+12.9
2024-06-26 05:03,1,+11.1,+19.5,+35.0,+15.1,+14.8,+14.3,+13.5,+12.4,+12.9
2024-06-26 06:03,1,+11.8,+19.5,+35.0,+15.0,+14.8,+14.1,+13.5,+12.4,+13.0
2024-06-26 07:03,1,+12.4,+19.5,+35.0,+15.0,+14.6,+14.1,+13.5,+12.4,+12.9
2024-06-26 08:03,1,+12.2,+19.4,+34.9,+14.9,+14.6,+14.0,+13.4,+12.4,+12.9
2024-06-26 09:03,1,+12.0,+19.4,+34.8,+14.9,+14.6,+14.0,+13.5,+12.4,+12.9
2024-06-26 10:03,1,+12.0,+19.4,+34.7,+14.9,+14.5,+14.0,+13.4,+12.4,+13.0
2024-06-26 11:03,1,+12.6,+19.3,+34.7,+14.9,+14.5,+14.0,+13.4,+12.4,+12.9
2024-06-26 12:03,1,+12.5,+19.3,+34.7,+14.9,+14.5,+13.9,+13.4,+12.4,+13.0
2024-06-26 13:03,1,+12.1,+19.3,+34.7,+15.0,+14.5,+13.9,+13.4,+12.4,+12.9
2024-06-26 14:03,1,+12.3,+19.2,+34.7,+15.1,+14.5,+13.9,+13.4,+12.4,+12.9
2024-06-26 15:03,1,+12.4,+19.2,+34.7,+15.1,+14.5,+13.9,+13.4,+12.4,+12.9
2024-06-26 16:03,1,+12.7,+19.1,+34.3,+15.1,+14.5,+13.9,+13.4,+12.4,+12.9
2024-06-26 17:03,1,+12.7,+19.1,+33.7,+15.1,+14.5,+13.9,+13.3,+12.3,+12.9
2024-06-26 18:03,1,+13.1,+19.1,+33.5,+15.1,+14.5,+13.9,+13.4,+12.4,+12.9
2024-06-26 19:03,1,+13.1,+19.0,+33.4,+15.1,+14.5,+13.9,+13.4,+12.4,+12.9
2024-06-26 20:03,1,+13.1,+19.0,+33.4,+15.0,+14.5,+13.9,+13.4,+12.4,+12.9
2024-06-26 21:03,1,+13.0,+19.0,+33.4,+14.9,+14.5,+13.9,+13.4,+12.4,+12.9
2024-06-26 22:03,1,+13.8,+19.0,+33.4,+14.6,+14.4,+13.9,+13.4,+12.4,+12.9
2024-06-26 23:03,1,+13.7,+19.0,+33.4,+14.5,+14.4,+13.8,+13.4,+12.3,+12.9
2024-06-27 00:03,1,+13.4,+19.0,+33.4,+14.3,+14.3,+13.8,+13.4,+12.4,+12.9
2024-06-27 01:03,1,+13.9,+19.1,+33.4,+14.0,+14.1,+13.8,+13.3,+12.4,+13.0
2024-06-27 02:03,1,+14.1,+18.9,+33.4,+13.9,+14.0,+13.6,+13.3,+12.3,+12.9
2024-06-27 03:03,1,+14.1,+18.9,+33.4,+13.6,+13.9,+13.6,+13.3,+12.3,+12.9
2024-06-27 04:03,1,+14.1,+18.9,+33.4,+13.5,+13.8,+13.5,+13.3,+12.3,+12.9
2024-06-27 05:03,1,+14.0,+18.9,+33.3,+13.4,+13.6,+13.5,+13.1,+12.3,+12.9
2024-06-27 06:03,1,+14.1,+18.8,+33.3,+13.3,+13.5,+13.4,+13.1,+12.3,+12.9
2024-06-27 07:03,1,+14.1,+18.8,+33.3,+13.0,+13.4,+13.4,+13.1,+12.3,+12.9
2024-06-27 08:03,1,+14.1,+18.8,+33.3,+13.0,+13.3,+13.3,+13.0,+12.3,+12.8
2024-06-27 09:03,1,+13.9,+18.7,+33.3,+13.1,+13.3,+13.1,+13.1,+12.1,+12.9
2024-06-27 10:03,1,+13.8,+18.7,+33.3,+13.3,+13.1,+13.1,+13.0,+12.1,+12.8
2024-06-27 11:03,1,+13.8,+18.7,+33.3,+13.5,+13.1,+13.1,+12.9,+12.1,+12.8
2024-06-27 12:03,1,+13.6,+18.7,+33.3,+13.8,+13.3,+13.0,+12.9,+12.1,+12.8
2024-06-27 13:03,1,+13.7,+18.7,+33.3,+14.0,+13.4,+13.0,+12.9,+12.1,+12.8
2024-06-27 14:03,1,+14.3,+18.6,+33.2,+14.3,+13.5,+13.0,+12.9,+12.0,+12.6
2024-06-27 15:03,1,+14.1,+18.6,+33.2,+14.4,+13.6,+13.0,+12.8,+12.0,+12.8
2024-06-27 16:03,1,+14.2,+18.6,+33.2,+14.5,+13.8,+13.1,+12.9,+12.0,+12.6
2024-06-27 17:03,1,+14.4,+18.6,+33.1,+14.6,+13.9,+13.3,+12.9,+12.0,+12.6
2024-06-27 18:03,1,+15.1,+18.6,+33.0,+14.8,+13.9,+13.3,+12.9,+12.0,+12.8
2024-06-27 19:03,1,+15.3,+18.6,+33.0,+14.8,+14.0,+13.3,+12.9,+12.0,+12.6
2024-06-27 20:03,1,+15.2,+18.5,+33.0,+14.8,+14.0,+13.4,+12.9,+12.0,+12.6
2024-06-27 21:03,1,+15.1,+18.5,+33.0,+14.6,+14.0,+13.4,+12.9,+12.0,+12.6
2024-06-27 22:03,1,+15.7,+18.5,+33.0,+14.6,+14.0,+13.4,+12.9,+12.0,+12.6
2024-06-27 23:03,1,+15.5,+18.5,+33.0,+14.6,+14.0,+13.4,+13.0,+12.0,+12.6
2024-06-28 00:03,1,+15.5,+18.5,+33.0,+14.5,+14.0,+13.4,+12.9,+12.0,+12.6
2024-06-28 01:03,1,+15.5,+18.5,+33.0,+14.4,+14.0,+13.4,+12.9,+12.0,+12.6
2024-06-28 02:03,1,+15.5,+18.5,+33.0,+14.3,+14.0,+13.4,+13.0,+12.0,+12.6
2024-06-28 03:03,1,+15.5,+18.5,+33.0,+14.3,+14.0,+13.4,+13.0,+12.0,+12.6
2024-06-28 04:03,1,+15.7,+18.5,+33.0,+14.3,+13.9,+13.4,+13.0,+12.0,+12.6
2024-06-28 05:03,1,+18.0,+18.5,+33.0,+14.3,+13.9,+13.4,+12.9,+12.0,+12.6
2024-06-28 06:03,1,+21.3,+18.6,+33.0,+14.3,+13.9,+13.4,+13.0,+12.0,+12.6
2024-06-28 07:03,1,+21.3,+18.6,+33.0,+14.4,+13.9,+13.4,+12.9,+12.0,+12.6
2024-06-28 08:03,1,+19.6,+18.6,+33.0,+14.4,+13.9,+13.4,+12.9,+12.0,+12.6
2024-06-28 09:03,1,+24.4,+21.6,+33.2,+14.6,+14.0,+13.4,+13.0,+12.0,+12.6
2024-06-28 10:03,1,+20.0,+19.7,+33.2,+14.6,+14.0,+13.4,+13.0,+12.0,+12.6
2024-06-28 11:03,1,+18.8,+19.6,+33.2,+14.6,+14.0,+13.4,+13.0,+12.0,+12.6
2024-06-28 12:03,1,+18.2,+19.5,+33.2,+14.6,+14.0,+13.5,+13.0,+12.0,+12.6
2024-06-28 13:03,1,+17.9,+19.5,+33.2,+14.8,+14.1,+13.5,+13.0,+12.0,+12.6
2024-06-28 14:03,1,+17.7,+19.5,+33.2,+14.9,+14.1,+13.5,+13.0,+12.0,+12.6
2024-06-28 15:03,1,+17.6,+19.4,+33.2,+15.0,+14.3,+13.5,+13.0,+12.0,+12.8
2024-06-28 16:03,1,+17.5,+19.4,+33.2,+15.3,+14.3,+13.5,+13.0,+12.0,+12.6
2024-06-28 17:03,1,+17.9,+19.4,+33.2,+15.4,+14.4,+13.6,+13.1,+12.1,+12.8
2024-06-28 18:03,1,+17.9,+19.4,+33.2,+15.6,+14.5,+13.6,+13.0,+12.1,+12.6
2024-06-28 19:03,1,+18.1,+19.4,+33.2,+15.6,+14.6,+13.6,+13.0,+12.1,+12.6
2024-06-28 20:03,1,+17.7,+19.4,+33.2,+15.6,+14.8,+13.8,+13.0,+12.1,+12.8
2024-06-28 21:03,1,+17.7,+19.4,+33.2,+15.5,+14.8,+13.8,+13.1,+12.1,+12.6
2024-06-28 22:03,1,+17.3,+19.5,+33.2,+15.5,+14.8,+13.9,+13.1,+12.1,+12.6
2024-06-28 23:03,1,+17.5,+19.7,+33.2,+15.4,+14.8,+13.9,+13.3,+12.1,+12.8
2024-06-29 00:03,1,+17.6,+19.5,+33.2,+15.4,+14.8,+13.9,+13.3,+12.1,+12.8
2024-06-29 01:03,1,+17.4,+19.5,+33.2,+15.3,+14.6,+14.0,+13.3,+12.3,+12.8
2024-06-29 02:03,1,+18.3,+19.5,+33.3,+15.3,+14.6,+13.9,+13.3,+12.3,+12.8
2024-06-29 03:03,1,+18.1,+19.6,+33.3,+15.0,+14.6,+13.9,+13.3,+12.3,+12.8
2024-06-29 04:03,1,+17.9,+19.5,+33.3,+14.9,+14.6,+13.9,+13.3,+12.3,+12.9
2024-06-29 05:03,1,+17.8,+19.5,+33.3,+14.9,+14.5,+13.9,+13.3,+12.3,+12.8
2024-06-29 06:03,1,+17.9,+19.5,+33.3,+14.8,+14.4,+13.9,+13.3,+12.3,+12.9
2024-06-29 07:03,1,+17.6,+19.8,+33.3,+14.6,+14.4,+13.9,+13.3,+12.3,+12.9
2024-06-29 08:03,1,+17.6,+19.9,+33.3,+14.6,+14.4,+13.8,+13.4,+12.3,+12.9
2024-06-29 09:03,1,+17.6,+19.9,+33.3,+14.5,+14.3,+13.8,+13.3,+12.3,+12.9
2024-06-29 10:03,1,+17.5,+20.1,+33.3,+14.5,+14.3,+13.8,+13.3,+12.3,+12.9
2024-06-29 11:03,1,+17.5,+20.1,+33.3,+14.4,+14.1,+13.8,+13.3,+12.3,+12.9
2024-06-29 12:03,1,+17.5,+20.1,+33.3,+14.4,+14.1,+13.8,+13.3,+12.3,+12.9
2024-06-29 13:03,1,+17.5,+20.3,+33.3,+14.5,+14.1,+13.6,+13.1,+12.3,+12.9
2024-06-29 14:03,1,+17.5,+20.3,+33.3,+14.6,+14.1,+13.6,+13.3,+12.3,+12.9
2024-06-29 15:03,1,+17.6,+20.4,+33.3,+14.6,+14.1,+13.6,+13.3,+12.3,+12.9
2024-06-29 16:03,1,+17.6,+20.5,+33.3,+14.6,+14.1,+13.6,+13.3,+12.3,+12.9
2024-06-29 17:03,1,+17.5,+20.5,+33.3,+14.6,+14.3,+13.6,+13.1,+12.3,+12.9
2024-06-29 18:03,1,+17.4,+20.4,+33.3,+14.8,+14.1,+13.6,+13.3,+12.3,+12.9
2024-06-29 19:03,1,+17.5,+20.4,+33.3,+14.6,+14.3,+13.6,+13.1,+12.3,+12.9
2024-06-29 20:03,1,+17.6,+20.4,+33.3,+14.5,+14.1,+13.6,+13.1,+12.3,+12.9
2024-06-29 21:03,1,+17.5,+20.4,+33.3,+14.4,+14.1,+13.6,+13.1,+12.3,+12.9
2024-06-29 22:03,1,+17.6,+20.4,+33.3,+14.3,+14.0,+13.6,+13.1,+12.3,+12.9
2024-06-29 23:03,1,+17.7,+20.4,+33.3,+14.0,+14.0,+13.6,+13.1,+12.3,+12.8
2024-06-30 00:03,1,+17.7,+20.4,+33.3,+13.8,+13.9,+13.5,+13.1,+12.3,+12.9
2024-06-30 01:03,1,+17.7,+20.4,+33.3,+13.5,+13.8,+13.4,+13.1,+12.3,+12.9
2024-06-30 02:03,1,+17.7,+20.4,+33.3,+13.4,+13.6,+13.4,+13.1,+12.3,+12.8
2024-06-30 03:03,1,+18.6,+20.4,+33.3,+13.1,+13.5,+13.4,+13.1,+12.3,+12.8
2024-06-30 04:03,1,+18.6,+20.3,+33.3,+13.0,+13.4,+13.3,+13.0,+12.1,+12.8
2024-06-30 05:03,1,+18.6,+20.3,+33.3,+12.9,+13.3,+13.3,+13.0,+12.1,+12.8
2024-06-30 06:03,1,+18.7,+20.3,+33.3,+12.8,+13.1,+13.1,+13.0,+12.1,+12.8
2024-06-30 07:03,1,+18.3,+20.3,+33.3,+12.6,+13.0,+13.1,+12.9,+12.1,+12.8
2024-06-30 08:03,1,+18.3,+20.3,+33.2,+12.5,+13.0,+13.0,+12.9,+12.1,+12.8
2024-06-30 09:03,1,+18.2,+20.3,+33.2,+12.6,+12.9,+12.9,+12.9,+12.1,+12.8
2024-06-30 10:03,1,+17.9,+20.3,+33.2,+12.8,+12.8,+12.8,+12.8,+12.0,+12.8
2024-06-30 11:03,1,+18.2,+20.2,+33.2,+13.0,+12.9,+12.8,+12.8,+12.0,+12.6
2024-06-30 12:03,1,+18.4,+20.2,+33.2,+13.3,+12.9,+12.8,+12.8,+12.0,+12.6
2024-06-30 13:03,1,+18.3,+20.2,+33.2,+13.9,+13.0,+12.8,+12.6,+12.0,+12.6
2024-06-30 14:03,1,+17.7,+20.1,+33.2,+14.3,+13.3,+12.8,+12.6,+11.9,+12.6
2024-06-30 15:03,1,+17.9,+20.2,+33.2,+14.4,+13.4,+12.8,+12.6,+11.9,+12.5
2024-06-30 16:03,1,+18.0,+20.1,+33.2,+14.4,+13.6,+12.9,+12.6,+11.9,+12.5
2024-06-30 17:03,1,+18.4,+20.1,+33.2,+14.5,+13.6,+13.0,+12.6,+11.9,+12.5
2024-06-30 18:03,1,+17.8,+20.1,+33.1,+14.6,+13.8,+13.0,+12.6,+11.9,+12.5
2024-06-30 19:03,1,+17.7,+20.1,+33.1,+14.6,+13.9,+13.1,+12.6,+11.9,+12.5
2024-06-30 20:03,1,+17.6,+20.1,+33.1,+14.5,+13.9,+13.1,+12.6,+11.9,+12.5
2024-06-30 21:03,1,+17.5,+20.1,+33.1,+14.4,+13.9,+13.3,+12.8,+11.9,+12.5
2024-06-30 22:03,1,+17.5,+20.1,+33.1,+14.3,+13.9,+13.3,+12.8,+11.9,+12.5
2024-06-30 23:03,1,+17.7,+20.1,+33.1,+14.1,+13.9,+13.3,+12.8,+11.9,+12.5
2024-07-01 00:03,1,+17.8,+20.1,+33.1,+13.9,+13.8,+13.3,+12.8,+11.9,+12.5
2024-07-01 01:03,1,+18.0,+20.1,+33.1,+13.8,+13.6,+13.3,+12.9,+11.9,+12.5
2024-07-01 02:03,1,+18.0,+20.1,+33.1,+13.6,+13.6,+13.1,+12.8,+11.9,+12.5
2024-07-01 03:03,1,+18.4,+20.1,+33.0,+13.5,+13.6,+13.1,+12.9,+12.0,+12.5
2024-07-01 04:03,1,+18.2,+20.1,+33.0,+13.4,+13.4,+13.1,+12.8,+11.9,+12.5
2024-07-01 05:03,1,+18.3,+20.0,+33.0,+13.3,+13.3,+13.0,+12.8,+11.9,+12.5
2024-07-01 06:03,1,+18.5,+20.0,+33.0,+13.1,+13.3,+13.0,+12.8,+11.9,+12.6
2024-07-01 07:03,1,+18.8,+20.0,+33.0,+13.1,+13.3,+13.0,+12.8,+11.9,+12.5
2024-07-01 08:03,1,+18.7,+20.0,+33.0,+13.1,+13.0,+12.9,+12.8,+11.9,+12.5
2024-07-01 09:03,1,+18.5,+20.0,+33.0,+13.3,+13.1,+12.9,+12.6,+11.9,+12.5
2024-07-01 10:03,1,+18.5,+20.0,+33.0,+13.4,+13.0,+12.8,+12.6,+11.9,+12.5
2024-07-01 11:03,1,+18.3,+20.0,+33.0,+13.5,+13.1,+12.9,+12.6,+11.9,+12.5
2024-07-01 12:03,1,+18.5,+19.9,+33.0,+13.8,+13.3,+12.9,+12.6,+11.9,+12.5
2024-07-01 13:03,1,+18.5,+19.9,+33.0,+14.3,+13.3,+12.9,+12.6,+11.8,+12.5
2024-07-01 14:03,1,+18.9,+19.9,+32.9,+14.5,+13.5,+12.9,+12.6,+11.8,+12.5
2024-07-01 15:03,1,+19.0,+19.9,+32.9,+14.6,+13.6,+12.9,+12.6,+11.9,+12.5
2024-07-01 16:03,1,+18.8,+19.9,+32.9,+14.8,+13.8,+13.0,+12.6,+11.9,+12.4
2024-07-01 17:03,1,+18.8,+19.9,+32.9,+14.6,+13.8,+13.0,+12.6,+11.8,+12.5
2024-07-01 18:03,1,+18.8,+19.9,+32.9,+14.6,+13.9,+13.1,+12.6,+11.8,+12.5
2024-07-01 19:03,1,+18.8,+19.9,+32.9,+14.6,+13.9,+13.1,+12.6,+11.9,+12.4
2024-07-01 20:03,1,+18.8,+19.9,+32.9,+14.5,+13.9,+13.3,+12.8,+11.9,+12.4
2024-07-01 21:03,1,+18.8,+19.9,+32.9,+14.4,+13.9,+13.3,+12.8,+11.8,+12.5
2024-07-01 22:03,1,+18.8,+19.9,+32.9,+14.4,+13.9,+13.3,+12.8,+11.9,+12.5
2024-07-01 23:03,1,+18.8,+19.8,+32.9,+14.3,+13.9,+13.3,+12.8,+11.9,+12.5
2024-07-02 00:03,1,+18.8,+19.9,+32.9,+14.3,+13.9,+13.3,+12.9,+11.9,+12.5
2024-07-02 01:03,1,+18.8,+19.8,+32.9,+14.1,+13.8,+13.3,+12.9,+11.9,+12.5
2024-07-02 02:03,1,+19.4,+19.8,+32.9,+14.1,+13.8,+13.3,+12.8,+11.9,+12.5
2024-07-02 03:03,1,+22.2,+20.2,+32.9,+14.0,+13.8,+13.3,+12.8,+11.9,+12.5
2024-07-02 04:03,1,+21.2,+19.8,+32.9,+13.9,+13.6,+13.3,+12.8,+11.9,+12.5
2024-07-02 05:03,1,+21.0,+19.8,+32.9,+13.8,+13.6,+13.1,+12.8,+11.9,+12.5
2024-07-02 06:03,1,+20.8,+19.8,+32.8,+13.8,+13.5,+13.1,+12.8,+11.9,+12.5
2024-07-02 07:03,1,+20.4,+19.8,+32.8,+13.6,+13.5,+13.1,+12.8,+11.9,+12.5
2024-07-02 08:03,1,+20.4,+19.8,+32.8,+13.6,+13.5,+13.1,+12.8,+11.9,+12.5
2024-07-02 09:03,1,+20.5,+19.8,+32.8,+13.6,+13.4,+13.1,+12.8,+11.9,+12.5
2024-07-02 10:03,1,+20.4,+19.8,+32.8,+13.8,+13.4,+13.0,+12.8,+11.9,+12.5
2024-07-02 11:03,1,+20.5,+19.8,+32.8,+13.8,+13.4,+13.0,+12.8,+11.9,+12.5
2024-07-02 12:03,1,+20.5,+19.8,+32.8,+13.9,+13.4,+13.0,+12.8,+11.9,+12.5
2024-07-02 13:03,1,+20.4,+19.8,+32.8,+14.1,+13.5,+13.0,+12.6,+11.9,+12.5
2024-07-02 14:03,1,+20.4,+19.8,+32.8,+14.6,+13.6,+13.0,+12.6,+11.9,+12.5
2024-07-02 15:03,1,+20.3,+19.8,+32.8,+14.9,+13.9,+13.1,+12.8,+11.9,+12.5
2024-07-02 16:03,1,+20.5,+19.8,+32.8,+15.0,+13.9,+13.1,+12.8,+11.9,+12.5
2024-07-02 17:03,1,+20.4,+19.8,+32.8,+15.1,+14.0,+13.3,+12.8,+11.9,+12.5
2024-07-02 18:03,1,+20.4,+19.8,+32.8,+15.3,+14.3,+13.3,+12.8,+11.9,+12.4
2024-07-02 19:03,1,+20.4,+19.8,+32.8,+15.4,+14.3,+13.4,+12.9,+11.9,+12.5
2024-07-02 20:03,1,+20.5,+19.8,+32.8,+15.4,+14.4,+13.5,+12.9,+11.9,+12.5
2024-07-02 21:03,1,+20.4,+19.8,+32.8,+15.4,+14.4,+13.5,+12.9,+11.9,+12.5
2024-07-02 22:03,1,+20.5,+19.8,+32.8,+15.3,+14.5,+13.5,+12.9,+11.9,+12.5
2024-07-02 23:03,1,+20.6,+19.8,+32.8,+15.3,+14.5,+13.6,+13.0,+11.9,+12.5
2024-07-03 00:03,1,+20.6,+19.8,+32.8,+15.1,+14.5,+13.5,+13.0,+12.0,+12.6
2024-07-03 01:03,1,+20.5,+19.8,+32.8,+15.0,+14.5,+13.6,+13.0,+11.9,+12.6
2024-07-03 02:03,1,+20.6,+19.8,+32.8,+15.0,+14.4,+13.8,+13.0,+12.0,+12.6
2024-07-03 03:03,1,+20.5,+19.8,+32.8,+14.9,+14.4,+13.6,+13.0,+12.0,+12.6
2024-07-03 04:03,1,+20.4,+19.8,+32.8,+14.8,+14.4,+13.6,+13.0,+12.0,+12.6
2024-07-03 05:03,1,+20.5,+19.7,+32.8,+14.6,+14.3,+13.6,+13.0,+12.0,+12.6
2024-07-03 06:03,1,+20.7,+19.8,+32.8,+14.6,+14.3,+13.6,+13.1,+12.0,+12.6
2024-07-03 07:03,1,+20.6,+19.7,+32.8,+14.5,+14.1,+13.6,+13.1,+12.0,+12.6
2024-07-03 08:03,1,+20.7,+19.7,+32.7,+14.6,+14.1,+13.6,+13.1,+12.0,+12.6
2024-07-03 09:03,1,+20.7,+19.7,+32.7,+14.6,+14.1,+13.6,+13.0,+12.0,+12.6
2024-07-03 10:03,1,+20.7,+19.7,+32.7,+14.8,+14.1,+13.5,+13.0,+12.1,+12.6
2024-07-03 11:03,1,+20.5,+19.7,+32.7,+14.9,+14.3,+13.5,+13.0,+12.1,+12.6
2024-07-03 12:03,1,+20.4,+19.7,+32.7,+15.0,+14.3,+13.5,+13.0,+12.1,+12.6
2024-07-03 13:03,1,+20.4,+19.7,+32.7,+15.5,+14.4,+13.6,+13.0,+12.1,+12.6
2024-07-03 14:03,1,+20.7,+19.7,+32.7,+15.9,+14.5,+13.6,+13.0,+12.1,+12.6
2024-07-03 15:03,1,+20.5,+19.7,+32.6,+15.9,+14.6,+13.8,+13.1,+12.1,+12.8
2024-07-03 16:03,1,+20.6,+19.7,+32.6,+15.9,+14.9,+13.8,+13.0,+12.1,+12.6
2024-07-03 17:03,1,+20.4,+19.6,+32.6,+15.9,+14.9,+13.9,+13.1,+12.1,+12.8
2024-07-03 18:03,1,+20.4,+19.6,+32.6,+16.0,+14.9,+13.9,+13.1,+12.1,+12.8
2024-07-03 19:03,1,+20.8,+19.6,+32.5,+16.0,+15.0,+13.9,+13.1,+12.1,+12.8
2024-07-03 20:03,1,+20.4,+19.6,+32.5,+15.9,+15.0,+14.0,+13.3,+12.1,+12.8
2024-07-03 21:03,1,+20.6,+19.6,+32.5,+15.8,+15.0,+14.1,+13.3,+12.3,+12.8
2024-07-03 22:03,1,+20.6,+19.6,+32.5,+15.6,+15.0,+14.0,+13.3,+12.1,+12.8
2024-07-03 23:03,1,+20.6,+19.6,+32.5,+15.5,+14.9,+14.1,+13.4,+12.3,+12.8
2024-07-04 00:03,1,+20.7,+19.6,+32.5,+15.3,+14.9,+14.0,+13.4,+12.3,+12.9
2024-07-04 01:03,1,+20.7,+19.5,+32.5,+15.1,+14.8,+14.1,+13.4,+12.3,+12.8
2024-07-04 02:03,1,+20.8,+19.5,+32.5,+14.9,+14.6,+14.0,+13.4,+12.3,+12.9
2024-07-04 03:03,1,+20.8,+19.5,+32.5,+14.8,+14.6,+14.0,+13.4,+12.3,+12.9
2024-07-04 04:03,1,+20.8,+19.5,+32.5,+14.6,+14.5,+13.9,+13.4,+12.4,+12.9
2024-07-04 05:03,1,+20.8,+19.5,+32.4,+14.4,+14.4,+14.0,+13.4,+12.3,+12.9
2024-07-04 06:03,1,+20.8,+19.5,+32.4,+14.3,+14.3,+13.9,+13.4,+12.3,+12.9
2024-07-04 07:03,1,+20.7,+19.5,+32.4,+14.3,+14.1,+13.8,+13.4,+12.3,+12.9
2024-07-04 08:03,1,+20.8,+19.5,+32.4,+14.3,+14.1,+13.8,+13.4,+12.3,+12.9
2024-07-04 09:03,1,+20.8,+19.5,+32.4,+14.3,+14.0,+13.8,+13.3,+12.3,+12.9
2024-07-04 10:03,1,+20.8,+19.4,+32.4,+14.4,+14.0,+13.6,+13.3,+12.4,+12.9
2024-07-04 11:03,1,+20.7,+19.4,+32.4,+14.6,+14.0,+13.6,+13.3,+12.3,+12.9
2024-07-04 12:03,1,+20.7,+19.4,+32.3,+14.8,+14.1,+13.6,+13.3,+12.3,+12.9
2024-07-04 13:03,1,+20.7,+19.4,+32.3,+15.5,+14.3,+13.6,+13.3,+12.3,+12.9
2024-07-04 14:03,1,+20.8,+19.3,+32.3,+15.8,+14.5,+13.6,+13.3,+12.3,+12.9
2024-07-04 15:03,1,+20.7,+19.3,+32.3,+15.9,+14.6,+13.8,+13.1,+12.3,+12.9
2024-07-04 16:03,1,+20.6,+19.3,+32.3,+15.9,+14.8,+13.9,+13.1,+12.3,+12.9
2024-07-04 17:03,1,+20.6,+19.3,+32.3,+16.0,+14.9,+13.9,+13.3,+12.3,+12.9
2024-07-04 18:03,1,+20.7,+19.3,+32.2,+16.1,+15.0,+13.9,+13.4,+12.3,+12.9
2024-07-04 19:03,1,+20.6,+19.3,+32.2,+16.3,+15.1,+14.0,+13.4,+12.3,+12.9
2024-07-04 20:03,1,+20.7,+19.3,+32.2,+16.1,+15.1,+14.1,+13.4,+12.3,+12.9
2024-07-04 21:03,1,+20.6,+19.3,+32.2,+16.0,+15.1,+14.1,+13.4,+12.4,+12.9
2024-07-04 22:03,1,+20.6,+19.3,+32.2,+15.9,+15.1,+14.3,+13.4,+12.4,+12.9
2024-07-04 23:03,1,+20.6,+19.3,+32.2,+15.8,+15.1,+14.1,+13.4,+12.3,+12.9
2024-07-05 00:03,1,+20.7,+19.3,+32.2,+15.6,+15.0,+14.3,+13.5,+12.4,+12.9
2024-07-05 01:03,1,+20.7,+19.3,+32.2,+15.4,+15.0,+14.3,+13.5,+12.4,+12.9
2024-07-05 02:03,1,+20.7,+19.3,+32.1,+15.3,+14.9,+14.3,+13.5,+12.4,+12.9
2024-07-05 03:03,1,+20.7,+19.3,+32.1,+15.1,+14.9,+14.1,+13.5,+12.4,+13.0
2024-07-05 04:03,1,+20.8,+19.3,+32.1,+15.0,+14.8,+14.1,+13.5,+12.4,+13.0
2024-07-05 05:03,1,+20.7,+19.3,+32.1,+14.9,+14.8,+14.1,+13.5,+12.4,+13.0
2024-07-05 06:03,1,+20.9,+19.3,+32.1,+14.8,+14.6,+14.0,+13.5,+12.5,+13.0
2024-07-05 07:03,1,+20.8,+19.2,+32.1,+14.6,+14.5,+14.0,+13.5,+12.5,+13.0
2024-07-05 08:03,1,+20.7,+19.2,+32.0,+14.6,+14.4,+14.0,+13.5,+12.5,+13.0
2024-07-05 09:03,1,+20.6,+19.2,+32.0,+14.6,+14.4,+14.0,+13.5,+12.4,+13.0
2024-07-05 10:03,1,+20.6,+19.2,+32.0,+14.8,+14.4,+14.0,+13.5,+12.5,+13.0
2024-07-05 11:03,1,+20.6,+19.2,+32.0,+14.9,+14.4,+13.9,+13.4,+12.5,+13.0
2024-07-05 12:03,1,+20.5,+19.2,+32.0,+15.1,+14.4,+13.9,+13.4,+12.4,+13.0
2024-07-05 13:03,1,+20.4,+19.2,+32.0,+15.8,+14.5,+13.9,+13.4,+12.5,+13.0
2024-07-05 14:03,1,+20.5,+19.1,+31.9,+16.0,+14.8,+13.9,+13.4,+12.5,+13.0
2024-07-05 15:03,1,+20.4,+19.1,+31.9,+16.1,+14.9,+14.0,+13.4,+12.4,+13.0
2024-07-05 16:03,1,+20.3,+19.1,+31.9,+16.3,+15.0,+14.1,+13.5,+12.4,+13.0
2024-07-05 17:03,1,+20.2,+19.1,+31.9,+16.3,+15.1,+14.1,+13.5,+12.4,+13.0
2024-07-05 18:03,1,+20.4,+19.1,+31.9,+16.3,+15.3,+14.3,+13.5,+12.4,+13.0
2024-07-05 19:03,1,+20.3,+19.1,+31.9,+16.1,+15.3,+14.3,+13.5,+12.5,+13.0
2024-07-05 20:03,1,+20.5,+19.1,+31.8,+16.1,+15.3,+14.3,+13.5,+12.4,+13.0
2024-07-05 21:03,1,+20.5,+19.1,+31.8,+16.0,+15.3,+14.4,+13.5,+12.5,+13.0
2024-07-05 22:03,1,+20.5,+19.1,+31.8,+15.8,+15.3,+14.4,+13.6,+12.5,+13.0
2024-07-05 23:03,1,+20.4,+19.1,+31.8,+15.6,+15.1,+14.4,+13.6,+12.5,+13.0
2024-07-06 00:03,1,+20.3,+19.1,+31.8,+15.5,+15.1,+14.4,+13.6,+12.5,+13.1
2024-07-06 01:03,1,+20.4,+19.0,+31.8,+15.4,+15.0,+14.4,+13.6,+12.5,+13.0
2024-07-06 02:03,1,+20.6,+19.0,+31.8,+15.3,+14.9,+14.3,+13.6,+12.5,+13.1
2024-07-06 03:03,1,+20.6,+19.0,+31.8,+15.0,+14.9,+14.3,+13.6,+12.6,+13.1
2024-07-06 04:03,1,+20.6,+19.0,+31.8,+14.9,+14.8,+14.3,+13.6,+12.6,+13.1
2024-07-06 05:03,1,+20.9,+19.1,+31.8,+14.8,+14.8,+14.3,+13.6,+12.5,+13.1
2024-07-06 06:03,1,+20.8,+19.5,+31.7,+14.6,+14.6,+14.1,+13.6,+12.6,+13.1
2024-07-06 07:03,1,+21.1,+19.4,+31.8,+14.5,+14.5,+14.1,+13.6,+12.5,+13.1
2024-07-06 08:03,1,+21.1,+19.3,+31.7,+14.6,+14.4,+14.0,+13.6,+12.6,+13.1
2024-07-06 09:03,1,+20.9,+19.4,+31.7,+14.6,+14.4,+14.0,+13.5,+12.6,+13.1
2024-07-06 10:03,1,+21.0,+19.3,+31.7,+14.9,+14.4,+14.0,+13.5,+12.6,+13.1
2024-07-06 11:03,1,+21.1,+19.3,+31.7,+15.1,+14.4,+13.9,+13.5,+12.5,+13.1
2024-07-06 12:03,1,+20.9,+19.5,+31.7,+15.1,+14.5,+13.9,+13.5,+12.5,+13.1
2024-07-06 13:03,1,+20.9,+19.8,+31.6,+15.3,+14.6,+13.9,+13.5,+12.5,+13.1
2024-07-06 14:03,1,+20.9,+19.7,+31.6,+15.4,+14.6,+13.9,+13.5,+12.5,+13.1
2024-07-06 15:03,1,+20.8,+19.7,+31.6,+15.4,+14.6,+14.0,+13.5,+12.5,+13.1
2024-07-06 16:03,1,+20.7,+19.7,+31.6,+15.6,+14.8,+14.0,+13.5,+12.5,+13.1
2024-07-06 17:03,1,+20.7,+19.9,+31.6,+15.6,+14.8,+14.0,+13.5,+12.5,+13.1
2024-07-06 18:03,1,+20.7,+19.7,+31.5,+15.8,+14.9,+14.1,+13.5,+12.5,+13.1
2024-07-06 19:03,1,+20.7,+19.9,+31.5,+15.8,+15.0,+14.1,+13.5,+12.5,+13.1
2024-07-06 20:03,1,+20.7,+19.8,+31.5,+15.8,+15.0,+14.1,+13.5,+12.5,+13.1
2024-07-06 21:03,1,+20.6,+20.0,+31.5,+15.6,+15.0,+14.1,+13.5,+12.5,+13.1
2024-07-06 22:03,1,+20.6,+19.8,+31.5,+15.6,+15.0,+14.3,+13.5,+12.6,+13.1
2024-07-06 23:03,1,+20.5,+19.9,+31.5,+15.5,+14.9,+14.3,+13.6,+12.5,+13.1
2024-07-07 00:03,1,+20.6,+20.0,+31.5,+15.4,+14.9,+14.3,+13.6,+12.6,+13.1
2024-07-07 01:03,1,+20.7,+20.0,+31.5,+15.3,+14.9,+14.3,+13.6,+12.5,+13.1
2024-07-07 02:03,1,+20.7,+20.1,+31.5,+15.3,+14.8,+14.1,+13.6,+12.5,+13.1
2024-07-07 03:03,1,+20.7,+20.0,+31.5,+15.1,+14.8,+14.1,+13.6,+12.6,+13.1
2024-07-07 04:03,1,+21.4,+19.9,+31.5,+15.1,+14.8,+14.1,+13.6,+12.6,+13.1
2024-07-07 05:03,1,+21.2,+20.0,+31.4,+15.0,+14.6,+14.1,+13.6,+12.6,+13.3
2024-07-07 06:03,1,+21.3,+20.0,+31.4,+15.0,+14.6,+14.1,+13.6,+12.5,+13.1
2024-07-07 07:03,1,+22.0,+20.0,+31.4,+15.0,+14.6,+14.1,+13.6,+12.6,+13.1
2024-07-07 08:03,1,+23.4,+20.1,+31.4,+15.0,+14.6,+14.1,+13.6,+12.6,+13.1
2024-07-07 09:03,1,+23.1,+20.1,+31.4,+14.9,+14.6,+14.0,+13.6,+12.6,+13.3
2024-07-07 10:03,1,+22.6,+20.1,+31.4,+15.0,+14.5,+14.0,+13.6,+12.6,+13.1
2024-07-07 11:03,1,+22.3,+20.0,+31.4,+15.1,+14.6,+14.0,+13.6,+12.6,+13.1
2024-07-07 12:03,1,+22.1,+20.0,+31.4,+15.4,+14.6,+14.0,+13.6,+12.6,+13.3
2024-07-07 13:03,1,+22.1,+20.0,+31.4,+15.5,+14.8,+14.0,+13.5,+12.6,+13.3
2024-07-07 14:03,1,+21.8,+20.0,+31.4,+15.8,+14.8,+14.0,+13.5,+12.5,+13.1
2024-07-07 15:03,1,+21.4,+20.1,+31.3,+15.9,+14.9,+14.1,+13.6,+12.6,+13.1
2024-07-07 16:03,1,+21.4,+19.9,+31.3,+16.0,+15.0,+14.1,+13.5,+12.6,+13.1
2024-07-07 17:03,1,+21.7,+19.8,+31.3,+16.1,+15.1,+14.3,+13.6,+12.6,+13.1
2024-07-07 18:03,1,+21.8,+19.9,+31.3,+16.0,+15.3,+14.3,+13.6,+12.6,+13.1
2024-07-07 19:03,1,+21.7,+19.9,+31.3,+15.9,+15.1,+14.4,+13.6,+12.6,+13.1
2024-07-07 20:03,1,+21.7,+19.9,+31.3,+15.9,+15.1,+14.3,+13.6,+12.6,+13.1
2024-07-07 21:03,1,+21.6,+19.9,+31.3,+15.8,+15.1,+14.4,+13.6,+12.6,+13.1
2024-07-07 22:03,1,+21.7,+19.9,+31.3,+15.8,+15.1,+14.4,+13.8,+12.6,+13.1
2024-07-07 23:03,1,+21.7,+19.9,+31.3,+15.6,+15.1,+14.4,+13.6,+12.6,+13.3
2024-07-08 00:03,1,+21.5,+20.0,+31.3,+15.5,+15.1,+14.4,+13.8,+12.6,+13.3
2024-07-08 01:03,1,+21.5,+20.0,+31.3,+15.3,+15.0,+14.4,+13.8,+12.6,+13.3
2024-07-08 02:03,1,+21.5,+20.0,+31.3,+15.3,+14.9,+14.3,+13.8,+12.8,+13.3
2024-07-08 03:03,1,+21.5,+19.9,+31.3,+15.1,+14.9,+14.3,+13.8,+12.8,+13.3
2024-07-08 04:03,1,+21.5,+20.0,+31.3,+14.9,+14.8,+14.3,+13.8,+12.6,+13.3
2024-07-08 05:03,1,+21.6,+19.9,+31.3,+14.9,+14.8,+14.3,+13.8,+12.6,+13.3
2024-07-08 06:03,1,+21.6,+19.9,+31.2,+14.9,+14.6,+14.3,+13.8,+12.6,+13.3
2024-07-08 07:03,1,+21.6,+19.9,+31.2,+14.8,+14.6,+14.1,+13.6,+12.8,+13.3
2024-07-08 08:03,1,+21.6,+19.9,+31.2,+14.8,+14.5,+14.1,+13.6,+12.6,+13.3
2024-07-08 09:03,1,+21.6,+19.9,+31.2,+14.8,+14.5,+14.1,+13.6,+12.8,+13.3
2024-07-08 10:03,1,+21.5,+19.9,+31.2,+15.0,+14.5,+14.0,+13.6,+12.6,+13.3
2024-07-08 11:03,1,+21.5,+20.0,+31.2,+15.3,+14.5,+14.0,+13.6,+12.6,+13.3
2024-07-08 12:03,1,+21.5,+20.0,+31.2,+15.5,+14.6,+14.0,+13.6,+12.6,+13.3
2024-07-08 13:03,1,+21.4,+20.0,+31.1,+16.0,+14.8,+14.1,+13.6,+12.6,+13.3
2024-07-08 14:03,1,+21.3,+20.0,+31.1,+16.4,+15.0,+14.1,+13.6,+12.8,+13.3
2024-07-08 15:03,1,+21.3,+20.0,+31.1,+16.5,+15.1,+14.3,+13.6,+12.6,+13.3
2024-07-08 16:03,1,+21.2,+20.0,+31.1,+16.6,+15.3,+14.3,+13.6,+12.6,+13.3
2024-07-08 17:03,1,+21.1,+20.0,+31.1,+16.8,+15.4,+14.4,+13.6,+12.6,+13.3
2024-07-08 18:03,1,+21.1,+20.3,+31.1,+16.8,+15.5,+14.5,+13.6,+12.6,+13.3
2024-07-08 19:03,1,+21.1,+20.3,+31.1,+16.8,+15.6,+14.5,+13.8,+12.8,+13.3
2024-07-08 20:03,1,+21.0,+20.2,+31.1,+16.6,+15.6,+14.6,+13.8,+12.8,+13.4
2024-07-08 21:03,1,+21.0,+20.2,+31.0,+16.5,+15.6,+14.6,+13.9,+12.8,+13.3
2024-07-08 22:03,1,+21.0,+20.2,+31.0,+16.4,+15.8,+14.8,+13.9,+12.8,+13.4
2024-07-08 23:03,1,+20.9,+20.3,+31.0,+16.3,+15.6,+14.8,+13.9,+12.8,+13.3
2024-07-09 00:03,1,+20.9,+20.2,+31.0,+16.1,+15.6,+14.8,+13.9,+12.8,+13.4
2024-07-09 01:03,1,+20.9,+20.2,+31.0,+16.0,+15.5,+14.8,+14.0,+12.8,+13.4
2024-07-09 02:03,1,+20.9,+20.3,+31.0,+15.9,+15.5,+14.8,+14.0,+12.9,+13.4
2024-07-09 03:03,1,+20.9,+20.3,+31.0,+15.8,+15.4,+14.6,+14.0,+12.9,+13.4
2024-07-09 04:03,1,+21.3,+20.3,+31.0,+15.6,+15.3,+14.6,+14.0,+12.9,+13.4
2024-07-09 05:03,1,+21.8,+20.5,+31.0,+15.5,+15.1,+14.6,+14.0,+12.9,+13.4
2024-07-09 06:03,1,+21.8,+20.5,+31.0,+15.4,+15.1,+14.6,+14.0,+12.9,+13.4
2024-07-09 07:03,1,+21.6,+20.3,+31.0,+15.3,+15.1,+14.5,+14.0,+12.9,+13.4
2024-07-09 08:03,1,+21.7,+20.5,+31.0,+15.3,+15.0,+14.5,+13.9,+12.9,+13.5
2024-07-09 09:03,1,+21.3,+20.1,+30.9,+15.4,+15.0,+14.5,+13.9,+12.9,+13.4
2024-07-09 10:03,1,+21.2,+20.3,+30.9,+15.5,+15.0,+14.4,+13.9,+12.9,+13.4
2024-07-09 11:03,1,+21.2,+20.3,+30.9,+15.8,+15.0,+14.5,+13.9,+12.9,+13.5
2024-07-09 12:03,1,+21.1,+20.3,+30.9,+15.9,+15.1,+14.4,+13.9,+12.9,+13.5
2024-07-09 13:03,1,+21.3,+20.3,+30.9,+16.6,+15.3,+14.5,+13.9,+12.9,+13.4
2024-07-09 14:03,1,+21.2,+20.3,+30.8,+17.0,+15.5,+14.5,+13.9,+12.9,+13.5
2024-07-09 15:03,1,+21.2,+20.4,+30.8,+17.0,+15.6,+14.5,+13.9,+12.9,+13.4
2024-07-09 16:03,1,+21.1,+20.0,+30.7,+17.1,+15.8,+14.6,+13.9,+12.9,+13.5
2024-07-09 17:03,1,+21.0,+20.0,+30.7,+17.1,+15.9,+14.9,+13.9,+12.9,+13.4
2024-07-09 18:03,1,+20.9,+20.0,+30.6,+17.3,+16.0,+14.9,+14.0,+12.9,+13.4
2024-07-09 19:03,1,+20.9,+20.0,+30.6,+17.3,+16.0,+14.9,+14.0,+12.9,+13.4
2024-07-09 20:03,1,+20.9,+20.0,+30.6,+17.3,+16.1,+15.0,+14.0,+12.9,+13.5
2024-07-09 21:03,1,+20.9,+20.2,+30.6,+17.1,+16.1,+15.0,+14.1,+13.0,+13.5
2024-07-09 22:03,1,+20.8,+20.2,+30.6,+17.0,+16.1,+15.1,+14.1,+13.0,+13.5
2024-07-09 23:03,1,+20.8,+20.4,+30.6,+16.9,+16.1,+15.1,+14.1,+13.0,+13.5
2024-07-10 00:03,1,+20.7,+20.5,+30.6,+16.8,+16.0,+15.1,+14.3,+13.0,+13.6
2024-07-10 01:03,1,+20.8,+20.5,+30.6,+16.6,+16.0,+15.1,+14.3,+13.0,+13.5
2024-07-10 02:03,1,+20.7,+20.5,+30.6,+16.5,+16.0,+15.1,+14.3,+13.1,+13.6
2024-07-10 03:03,1,+20.7,+20.5,+30.6,+16.3,+15.9,+15.0,+14.3,+13.0,+13.6
2024-07-10 04:03,1,+20.7,+20.5,+30.5,+16.1,+15.8,+15.0,+14.3,+13.1,+13.6
2024-07-10 05:03,1,+20.7,+20.5,+30.5,+16.0,+15.8,+15.0,+14.3,+13.1,+13.6
2024-07-10 06:03,1,+20.6,+20.5,+30.5,+15.9,+15.6,+15.0,+14.3,+13.1,+13.6
2024-07-10 07:03,1,+20.7,+20.4,+30.5,+15.9,+15.5,+15.0,+14.3,+13.1,+13.6
2024-07-10 08:03,1,+20.6,+20.4,+30.5,+15.8,+15.5,+14.9,+14.3,+13.1,+13.6
2024-07-10 09:03,1,+20.5,+20.4,+30.5,+15.9,+15.5,+14.8,+14.3,+13.1,+13.6
2024-07-10 10:03,1,+20.4,+20.5,+30.5,+16.0,+15.4,+14.9,+14.3,+13.1,+13.6
2024-07-10 11:03,1,+20.3,+20.5,+30.5,+16.3,+15.5,+14.9,+14.3,+13.1,+13.6
2024-07-10 12:03,1,+20.3,+20.5,+30.4,+16.4,+15.5,+14.9,+14.3,+13.1,+13.6
2024-07-10 13:03,1,+20.3,+20.4,+30.4,+17.1,+15.6,+14.9,+14.3,+13.1,+13.6
2024-07-10 14:03,1,+20.1,+20.3,+30.3,+17.4,+15.9,+14.9,+14.3,+13.1,+13.6
2024-07-10 15:03,1,+20.1,+20.4,+30.3,+17.4,+16.1,+14.9,+14.3,+13.1,+13.6
2024-07-10 16:03,1,+20.0,+20.3,+30.3,+17.5,+16.1,+15.0,+14.3,+13.1,+13.8
2024-07-10 17:03,1,+19.9,+20.2,+30.3,+17.6,+16.3,+15.1,+14.3,+13.1,+13.6
2024-07-10 18:03,1,+19.9,+20.2,+30.2,+17.6,+16.4,+15.1,+14.3,+13.1,+13.6
2024-07-10 19:03,1,+19.8,+20.3,+30.2,+17.6,+16.4,+15.3,+14.3,+13.1,+13.8
2024-07-10 20:03,1,+19.7,+20.3,+30.2,+17.5,+16.5,+15.4,+14.4,+13.1,+13.8
2024-07-10 21:03,1,+19.7,+20.4,+30.2,+17.4,+16.4,+15.4,+14.5,+13.3,+13.8
2024-07-10 22:03,1,+19.7,+20.3,+30.2,+17.3,+16.5,+15.4,+14.5,+13.1,+13.8
2024-07-10 23:03,1,+19.6,+20.3,+30.1,+17.1,+16.4,+15.4,+14.5,+13.1,+13.8
2024-07-11 00:03,1,+19.6,+20.3,+30.1,+17.0,+16.4,+15.5,+14.5,+13.3,+13.8
2024-07-11 01:03,1,+19.6,+20.4,+30.1,+16.9,+16.3,+15.4,+14.6,+13.3,+13.9
2024-07-11 02:03,1,+19.8,+20.4,+30.1,+16.8,+16.3,+15.4,+14.5,+13.3,+13.9
2024-07-11 03:03,1,+19.9,+20.4,+30.1,+16.6,+16.1,+15.4,+14.5,+13.3,+13.9
2024-07-11 04:03,1,+19.8,+20.3,+30.1,+16.5,+16.0,+15.4,+14.6,+13.4,+13.8
2024-07-11 05:03,1,+19.9,+20.4,+30.1,+16.3,+16.0,+15.3,+14.5,+13.4,+13.9
2024-07-11 06:03,1,+19.7,+20.3,+30.1,+16.3,+15.9,+15.3,+14.6,+13.4,+13.9
2024-07-11 07:03,1,+19.8,+20.3,+30.1,+16.0,+15.9,+15.3,+14.6,+13.4,+13.9
2024-07-11 08:03,1,+19.7,+20.4,+30.1,+16.0,+15.8,+15.1,+14.5,+13.4,+13.9
2024-07-11 09:03,1,+19.6,+20.4,+30.1,+16.1,+15.6,+15.1,+14.5,+13.4,+13.9
2024-07-11 10:03,1,+19.6,+20.2,+30.0,+16.1,+15.6,+15.1,+14.5,+13.4,+13.9
2024-07-11 11:03,1,+19.4,+20.4,+30.0,+16.4,+15.6,+15.1,+14.5,+13.4,+13.9
2024-07-11 12:03,1,+19.5,+20.3,+30.0,+16.6,+15.8,+15.0,+14.5,+13.4,+13.9
2024-07-11 13:03,1,+19.3,+20.2,+29.9,+17.3,+15.9,+15.1,+14.5,+13.4,+13.9
2024-07-11 14:03,1,+19.2,+20.2,+29.9,+17.5,+16.1,+15.1,+14.5,+13.4,+13.9
2024-07-11 15:03,1,+19.1,+20.2,+29.8,+17.6,+16.3,+15.1,+14.5,+13.4,+13.9
2024-07-11 16:03,1,+19.1,+20.2,+29.8,+17.8,+16.4,+15.4,+14.5,+13.4,+13.9
2024-07-11 17:03,1,+19.1,+20.3,+29.8,+17.9,+16.5,+15.4,+14.5,+13.4,+13.9
2024-07-11 18:03,1,+19.1,+20.3,+29.8,+18.0,+16.6,+15.4,+14.5,+13.4,+13.9
2024-07-11 19:03,1,+19.0,+20.3,+29.7,+18.0,+16.6,+15.5,+14.5,+13.4,+13.9
2024-07-11 20:03,1,+19.1,+20.5,+29.7,+18.0,+16.8,+15.5,+14.6,+13.4,+13.9
2024-07-11 21:03,1,+19.1,+20.4,+29.7,+17.9,+16.8,+15.6,+14.6,+13.4,+13.9
2024-07-11 22:03,1,+19.0,+20.4,+29.7,+17.8,+16.8,+15.6,+14.8,+13.4,+13.9
2024-07-11 23:03,1,+19.0,+20.5,+29.7,+17.6,+16.8,+15.8,+14.8,+13.5,+14.0
2024-07-12 00:03,1,+19.5,+20.4,+29.7,+17.5,+16.8,+15.6,+14.8,+13.5,+13.9
2024-07-12 01:03,1,+19.6,+20.5,+29.7,+17.4,+16.6,+15.8,+14.8,+13.5,+14.0
2024-07-12 02:03,1,+19.6,+20.5,+29.7,+17.1,+16.6,+15.8,+14.8,+13.5,+14.0
2024-07-12 03:03,1,+19.7,+20.5,+29.6,+17.0,+16.5,+15.6,+14.8,+13.5,+14.0
2024-07-12 04:03,1,+19.6,+20.7,+29.6,+16.9,+16.5,+15.6,+14.8,+13.5,+14.0
2024-07-12 05:03,1,+19.5,+20.7,+29.6,+16.8,+16.4,+15.6,+14.9,+13.6,+14.0
2024-07-12 06:03,1,+19.7,+20.6,+29.6,+16.6,+16.3,+15.6,+14.9,+13.6,+14.1
2024-07-12 07:03,1,+19.6,+20.6,+29.6,+16.6,+16.3,+15.5,+14.9,+13.6,+14.1
2024-07-12 08:03,1,+19.5,+20.6,+29.6,+16.5,+16.1,+15.5,+14.9,+13.6,+14.1
2024-07-12 09:03,1,+19.4,+20.6,+29.6,+16.6,+16.0,+15.5,+14.8,+13.5,+14.1
2024-07-12 10:03,1,+19.3,+20.6,+29.6,+16.8,+16.1,+15.5,+14.9,+13.6,+14.1
2024-07-12 11:03,1,+19.2,+20.5,+29.5,+17.0,+16.1,+15.5,+14.8,+13.6,+14.1
2024-07-12 12:03,1,+19.2,+20.6,+29.5,+17.3,+16.3,+15.4,+14.8,+13.6,+14.1
2024-07-12 13:03,1,+19.1,+20.5,+29.5,+17.6,+16.3,+15.4,+14.8,+13.6,+14.1
2024-07-12 14:03,1,+19.1,+20.5,+29.4,+17.9,+16.5,+15.5,+14.8,+13.6,+14.1
2024-07-12 15:03,1,+19.1,+20.5,+29.4,+18.0,+16.6,+15.5,+14.8,+13.6,+14.1
2024-07-12 16:03,1,+19.3,+20.5,+29.4,+18.1,+16.8,+15.6,+14.8,+13.5,+14.1
2024-07-12 17:03,1,+17.8,+20.6,+29.3,+18.1,+16.8,+15.6,+14.8,+13.6,+14.1
2024-07-12 18:03,1,+18.8,+20.7,+29.3,+18.3,+16.9,+15.8,+14.9,+13.6,+14.1
2024-07-12 19:03,1,+18.4,+20.6,+29.3,+18.3,+17.0,+15.8,+14.9,+13.6,+14.1
2024-07-12 20:03,1,+18.4,+20.7,+29.3,+18.1,+17.0,+15.9,+14.9,+13.6,+14.3
2024-07-12 21:03,1,+18.4,+20.7,+29.3,+18.1,+17.0,+15.9,+15.0,+13.6,+14.1
2024-07-12 22:03,1,+18.3,+20.8,+29.2,+17.9,+17.0,+15.9,+14.9,+13.6,+14.3
2024-07-12 23:03,1,+18.4,+20.8,+29.2,+17.8,+17.0,+15.9,+15.0,+13.6,+14.3
2024-07-13 00:03,1,+18.5,+20.9,+29.2,+17.6,+16.9,+15.9,+15.0,+13.8,+14.3
2024-07-13 01:03,1,+18.4,+20.9,+29.2,+17.5,+16.9,+15.9,+15.0,+13.8,+14.3
2024-07-13 02:03,1,+18.4,+20.9,+29.2,+17.4,+16.8,+15.9,+15.0,+13.8,+14.3
2024-07-13 03:03,1,+18.4,+20.9,+29.2,+17.3,+16.8,+15.9,+15.0,+13.8,+14.3
2024-07-13 04:03,1,+18.4,+20.9,+29.2,+17.1,+16.6,+15.9,+15.1,+13.8,+14.3
2024-07-13 05:03,1,+18.7,+20.9,+29.2,+17.1,+16.6,+15.9,+15.1,+13.8,+14.3
2024-07-13 06:03,1,+18.3,+20.9,+29.1,+17.0,+16.5,+15.9,+15.0,+13.9,+14.3
2024-07-13 07:03,1,+18.7,+21.0,+29.1,+17.0,+16.5,+15.8,+15.0,+13.9,+14.3
2024-07-13 08:03,1,+17.9,+20.9,+29.1,+17.0,+16.5,+15.8,+15.0,+13.8,+14.4
2024-07-13 09:03,1,+18.2,+20.9,+29.1,+17.1,+16.4,+15.8,+15.0,+13.8,+14.4
2024-07-13 10:03,1,+18.1,+20.9,+29.1,+17.3,+16.5,+15.8,+15.0,+13.8,+14.3
2024-07-13 11:03,1,+18.8,+20.9,+29.1,+17.5,+16.5,+15.6,+15.0,+13.8,+14.4
2024-07-13 12:03,1,+18.8,+20.9,+29.1,+17.8,+16.5,+15.8,+15.0,+13.9,+14.4
2024-07-13 13:03,1,+20.1,+21.1,+29.1,+17.6,+16.8,+15.8,+15.0,+13.8,+14.4
2024-07-13 14:03,1,+18.4,+20.9,+29.1,+17.6,+16.8,+15.8,+15.0,+13.9,+14.4
2024-07-13 15:03,1,+18.3,+20.9,+29.0,+17.8,+16.8,+15.8,+15.0,+13.9,+14.4
2024-07-13 16:03,1,+18.2,+20.9,+29.0,+17.9,+16.9,+15.9,+15.0,+13.9,+14.4
2024-07-13 17:03,1,+18.2,+20.8,+29.0,+18.1,+16.9,+15.9,+15.0,+13.8,+14.4
2024-07-13 18:03,1,+18.1,+20.8,+29.0,+18.3,+17.0,+15.9,+15.0,+13.9,+14.4
2024-07-13 19:03,1,+18.0,+20.8,+28.9,+18.3,+17.0,+16.0,+15.1,+13.9,+14.4
2024-07-13 20:03,1,+18.0,+20.8,+28.9,+18.4,+17.1,+16.0,+15.1,+13.9,+14.4
2024-07-13 21:03,1,+18.1,+20.8,+28.9,+18.3,+17.1,+16.0,+15.1,+13.9,+14.4
2024-07-13 22:03,1,+18.1,+20.7,+28.9,+18.3,+17.3,+16.1,+15.1,+13.9,+14.4
2024-07-13 23:03,1,+18.4,+20.8,+28.9,+18.0,+17.3,+16.1,+15.1,+13.9,+14.4
2024-07-14 00:03,1,+18.4,+20.8,+28.9,+17.9,+17.1,+16.1,+15.3,+13.9,+14.4
2024-07-14 01:03,1,+18.4,+20.8,+28.9,+17.8,+17.1,+16.1,+15.3,+13.9,+14.4
2024-07-14 02:03,1,+18.4,+20.8,+28.8,+17.6,+17.0,+16.1,+15.3,+14.0,+14.5
2024-07-14 03:03,1,+18.5,+20.8,+28.9,+17.5,+16.9,+16.1,+15.3,+14.0,+14.5
2024-07-14 04:03,1,+18.5,+20.8,+28.8,+17.4,+16.9,+16.1,+15.3,+14.0,+14.5
2024-07-14 05:03,1,+18.5,+20.8,+28.8,+17.3,+16.9,+16.1,+15.3,+14.0,+14.5
2024-07-14 06:03,1,+18.6,+20.8,+28.8,+17.3,+16.8,+16.1,+15.3,+14.0,+14.5
2024-07-14 07:03,1,+18.7,+20.8,+28.8,+17.1,+16.6,+16.0,+15.3,+14.0,+14.5
2024-07-14 08:03,1,+18.6,+20.8,+28.8,+17.0,+16.6,+16.0,+15.3,+14.0,+14.5
2024-07-14 09:03,1,+18.8,+20.8,+28.8,+17.1,+16.6,+15.9,+15.3,+14.0,+14.5
2024-07-14 10:03,1,+18.6,+20.8,+28.8,+17.1,+16.6,+16.0,+15.3,+14.0,+14.5
2024-07-14 11:03,1,+18.6,+20.7,+28.8,+17.4,+16.6,+15.9,+15.3,+14.0,+14.5
2024-07-14 12:03,1,+18.6,+20.7,+28.8,+17.6,+16.6,+15.9,+15.3,+14.0,+14.5
2024-07-14 13:03,1,+18.7,+20.7,+28.8,+18.1,+16.8,+15.9,+15.1,+14.0,+14.5
2024-07-14 14:03,1,+18.5,+20.7,+28.7,+18.4,+17.0,+15.9,+15.1,+14.0,+14.5
2024-07-14 15:03,1,+18.5,+20.7,+28.7,+18.5,+17.1,+16.0,+15.1,+14.0,+14.5
2024-07-14 16:03,1,+18.1,+20.6,+28.6,+18.5,+17.3,+16.1,+15.3,+14.0,+14.5
2024-07-14 17:03,1,+18.2,+20.7,+28.6,+18.6,+17.4,+16.1,+15.3,+14.0,+14.5
2024-07-14 18:03,1,+18.2,+20.6,+28.6,+18.8,+17.4,+16.1,+15.3,+14.0,+14.5
2024-07-14 19:03,1,+18.2,+20.6,+28.6,+18.6,+17.4,+16.3,+15.3,+14.0,+14.5
2024-07-14 20:03,1,+18.3,+20.6,+28.6,+18.5,+17.5,+16.3,+15.4,+14.0,+14.5
2024-07-14 21:03,1,+18.3,+20.6,+28.5,+18.3,+17.4,+16.4,+15.4,+14.0,+14.5
2024-07-14 22:03,1,+18.2,+20.6,+28.5,+18.3,+17.4,+16.4,+15.4,+14.1,+14.6
2024-07-14 23:03,1,+18.2,+20.6,+28.5,+18.0,+17.4,+16.4,+15.4,+14.1,+14.6
2024-07-15 00:03,1,+18.2,+20.6,+28.5,+17.8,+17.3,+16.4,+15.5,+14.1,+14.6
2024-07-15 01:03,1,+18.2,+20.5,+28.5,+17.6,+17.3,+16.4,+15.4,+14.1,+14.6
2024-07-15 02:03,1,+18.1,+20.5,+28.5,+17.4,+17.1,+16.3,+15.5,+14.1,+14.6
2024-07-15 03:03,1,+18.3,+20.6,+28.4,+17.3,+17.0,+16.3,+15.5,+14.1,+14.6
2024-07-15 04:03,1,+18.2,+20.6,+28.4,+17.3,+16.9,+16.3,+15.5,+14.1,+14.6
2024-07-15 05:03,1,+18.1,+20.6,+28.4,+17.1,+16.8,+16.3,+15.4,+14.1,+14.6
2024-07-15 06:03,1,+18.0,+20.5,+28.4,+17.0,+16.6,+16.1,+15.4,+14.1,+14.6
2024-07-15 07:03,1,+18.4,+20.6,+28.4,+16.9,+16.6,+16.1,+15.4,+14.3,+14.6
2024-07-15 08:03,1,+18.8,+20.6,+28.4,+16.9,+16.5,+16.0,+15.4,+14.1,+14.8
2024-07-15 09:03,1,+18.9,+20.6,+28.4,+16.9,+16.5,+16.0,+15.4,+14.1,+14.6
2024-07-15 10:03,1,+18.6,+20.7,+28.4,+17.0,+16.5,+16.0,+15.4,+14.1,+14.6
2024-07-15 11:03,1,+19.0,+20.5,+28.4,+17.1,+16.5,+15.9,+15.4,+14.1,+14.6
2024-07-15 12:03,1,+19.0,+20.5,+28.4,+17.3,+16.5,+15.9,+15.4,+14.1,+14.6
2024-07-15 13:03,1,+18.6,+20.5,+28.4,+17.8,+16.6,+15.9,+15.3,+14.1,+14.6
2024-07-15 14:03,1,+18.6,+20.5,+28.4,+17.9,+16.8,+15.9,+15.3,+14.1,+14.6
2024-07-15 15:03,1,+18.8,+20.5,+28.4,+18.0,+16.9,+15.9,+15.3,+14.1,+14.6
2024-07-15 16:03,1,+18.7,+20.5,+28.3,+18.1,+17.0,+16.0,+15.3,+14.1,+14.6
2024-07-15 17:03,1,+18.8,+20.4,+28.3,+18.1,+17.1,+16.0,+15.3,+14.1,+14.6
2024-07-15 18:03,1,+18.8,+20.4,+28.3,+18.1,+17.1,+16.1,+15.4,+14.1,+14.8
2024-07-15 19:03,1,+18.8,+20.4,+28.3,+18.1,+17.1,+16.1,+15.4,+14.1,+14.6
2024-07-15 20:03,1,+19.0,+20.4,+28.2,+18.0,+17.1,+16.1,+15.4,+14.1,+14.6
2024-07-15 21:03,1,+19.0,+20.3,+28.2,+17.9,+17.1,+16.1,+15.4,+14.1,+14.6
2024-07-15 22:03,1,+18.9,+20.3,+28.2,+17.6,+17.1,+16.1,+15.4,+14.1,+14.6
2024-07-15 23:03,1,+19.0,+20.4,+28.2,+17.4,+17.0,+16.1,+15.4,+14.1,+14.6
2024-07-16 00:03,1,+19.1,+20.3,+28.2,+17.3,+16.9,+16.1,+15.4,+14.1,+14.6
2024-07-16 01:03,1,+19.0,+20.4,+28.1,+17.0,+16.9,+16.1,+15.4,+14.1,+14.6
2024-07-16 02:03,1,+19.0,+20.3,+28.1,+16.9,+16.8,+16.1,+15.4,+14.1,+14.8
2024-07-16 03:03,1,+19.1,+20.3,+28.1,+16.8,+16.5,+16.0,+15.4,+14.3,+14.6
2024-07-16 04:03,1,+19.1,+20.3,+28.1,+16.6,+16.5,+16.0,+15.4,+14.3,+14.8
2024-07-16 05:03,1,+19.0,+20.3,+28.1,+16.5,+16.4,+15.9,+15.4,+14.1,+14.8
2024-07-16 06:03,1,+19.0,+20.3,+28.1,+16.5,+16.4,+15.9,+15.4,+14.3,+14.6
2024-07-16 07:03,1,+19.2,+20.3,+28.1,+16.3,+16.3,+15.8,+15.3,+14.1,+14.8
2024-07-16 08:03,1,+19.2,+20.3,+28.1,+16.3,+16.1,+15.8,+15.3,+14.3,+14.8
2024-07-16 09:03,1,+19.3,+20.3,+28.0,+16.1,+16.1,+15.8,+15.3,+14.1,+14.6
2024-07-16 10:03,1,+19.2,+20.3,+28.0,+16.1,+16.0,+15.6,+15.3,+14.1,+14.6
2024-07-16 11:03,1,+19.0,+20.3,+28.0,+16.3,+16.0,+15.6,+15.1,+14.1,+14.6
2024-07-16 12:03,1,+18.9,+20.2,+28.0,+16.4,+16.0,+15.5,+15.1,+14.1,+14.6
2024-07-16 13:03,1,+18.8,+20.2,+27.9,+16.6,+16.0,+15.6,+15.1,+14.1,+14.6
2024-07-16 14:03,1,+18.8,+20.1,+27.9,+16.8,+16.1,+15.5,+15.0,+14.1,+14.6
2024-07-16 15:03,1,+18.7,+20.1,+27.9,+16.9,+16.1,+15.5,+15.1,+14.0,+14.6
2024-07-16 16:03,1,+18.7,+20.1,+27.8,+16.9,+16.3,+15.6,+15.0,+14.0,+14.6
2024-07-16 17:03,1,+18.6,+20.0,+27.8,+16.9,+16.3,+15.6,+15.1,+14.0,+14.6
2024-07-16 18:03,1,+18.6,+20.0,+27.8,+16.9,+16.3,+15.5,+15.0,+14.0,+14.6
2024-07-16 19:03,1,+18.6,+20.0,+27.7,+16.8,+16.3,+15.6,+15.0,+14.0,+14.5
2024-07-16 20:03,1,+18.6,+20.0,+27.7,+16.6,+16.3,+15.5,+15.0,+14.0,+14.5
2024-07-16 21:03,1,+18.6,+20.0,+27.7,+16.4,+16.1,+15.6,+15.0,+14.0,+14.5
2024-07-16 22:03,1,+18.5,+20.0,+27.6,+16.3,+16.1,+15.6,+15.0,+14.0,+14.5
2024-07-16 23:03,1,+18.5,+20.0,+27.6,+16.0,+16.0,+15.6,+15.0,+14.0,+14.6
2024-07-17 00:03,1,+18.5,+20.0,+27.6,+15.9,+15.9,+15.5,+15.0,+14.0,+14.6
2024-07-17 01:03,1,+18.6,+20.0,+27.6,+15.6,+15.8,+15.5,+15.0,+14.0,+14.5
2024-07-17 02:03,1,+18.6,+20.0,+27.6,+15.5,+15.6,+15.4,+15.0,+14.0,+14.5
2024-07-17 03:03,1,+18.6,+20.0,+27.6,+15.4,+15.5,+15.3,+15.0,+13.9,+14.5
2024-07-17 04:03,1,+18.6,+20.0,+27.6,+15.1,+15.5,+15.3,+14.9,+13.9,+14.5
2024-07-17 05:03,1,+18.5,+20.0,+27.6,+15.0,+15.4,+15.1,+14.9,+13.9,+14.5
2024-07-17 06:03,1,+18.4,+19.9,+27.6,+14.9,+15.3,+15.0,+14.9,+13.9,+14.5
2024-07-17 07:03,1,+18.3,+19.9,+27.6,+14.6,+15.0,+15.0,+14.8,+13.9,+14.5
2024-07-17 08:03,1,+18.3,+19.9,+27.6,+14.6,+15.0,+15.0,+14.8,+13.9,+14.5
2024-07-17 09:03,1,+18.2,+19.8,+27.6,+14.6,+14.9,+14.9,+14.6,+13.9,+14.4
2024-07-17 10:03,1,+18.2,+19.8,+27.5,+14.8,+14.9,+14.8,+14.6,+13.8,+14.4
2024-07-17 11:03,1,+18.2,+19.8,+27.5,+14.9,+14.9,+14.8,+14.6,+13.8,+14.4
2024-07-17 12:03,1,+18.1,+19.8,+27.5,+15.1,+14.9,+14.8,+14.6,+13.8,+14.4
2024-07-17 13:03,1,+18.1,+19.8,+27.5,+15.4,+14.9,+14.6,+14.5,+13.8,+14.4
2024-07-17 14:03,1,+18.1,+19.8,+27.4,+15.8,+15.0,+14.6,+14.5,+13.8,+14.4
2024-07-17 15:03,1,+18.0,+19.7,+27.4,+15.8,+15.1,+14.6,+14.5,+13.6,+14.4
2024-07-17 16:03,1,+18.0,+19.7,+27.4,+15.9,+15.3,+14.8,+14.4,+13.6,+14.3
2024-07-17 17:03,1,+17.9,+19.7,+27.4,+15.9,+15.3,+14.8,+14.5,+13.6,+14.3
2024-07-17 18:03,1,+17.9,+19.7,+27.3,+16.0,+15.4,+14.8,+14.4,+13.6,+14.3
2024-07-17 19:03,1,+17.9,+19.6,+27.3,+16.0,+15.4,+14.8,+14.5,+13.6,+14.3
2024-07-17 20:03,1,+17.9,+19.6,+27.2,+15.9,+15.4,+14.8,+14.4,+13.6,+14.3
2024-07-17 21:03,1,+17.9,+19.6,+27.2,+15.9,+15.4,+14.9,+14.4,+13.6,+14.3
2024-07-17 22:03,1,+17.9,+19.6,+27.2,+15.6,+15.4,+14.9,+14.4,+13.6,+14.3
2024-07-17 23:03,1,+17.8,+19.6,+27.2,+15.5,+15.4,+14.9,+14.5,+13.5,+14.3
2024-07-18 00:03,1,+17.8,+19.6,+27.2,+15.3,+15.3,+14.9,+14.4,+13.6,+14.1
2024-07-18 01:03,1,+17.7,+19.5,+27.2,+15.1,+15.1,+14.9,+14.5,+13.5,+14.1
2024-07-18 02:03,1,+17.7,+19.5,+27.1,+14.9,+15.0,+14.8,+14.4,+13.5,+14.3
2024-07-18 03:03,1,+17.7,+19.5,+27.1,+14.8,+14.9,+14.8,+14.4,+13.5,+14.1
2024-07-18 04:03,1,+17.7,+19.5,+27.1,+14.5,+14.9,+14.8,+14.4,+13.5,+14.1
2024-07-18 05:03,1,+17.8,+19.6,+27.1,+14.4,+14.8,+14.6,+14.4,+13.5,+14.1
2024-07-18 06:03,1,+17.7,+19.5,+27.1,+14.3,+14.6,+14.5,+14.4,+13.5,+14.1
2024-07-18 07:03,1,+17.7,+19.5,+27.1,+14.1,+14.5,+14.5,+14.3,+13.5,+14.1
2024-07-18 08:03,1,+17.7,+19.5,+27.1,+14.1,+14.5,+14.4,+14.3,+13.5,+14.1
2024-07-18 09:03,1,+17.8,+19.5,+27.1,+14.3,+14.4,+14.3,+14.3,+13.5,+14.1
2024-07-18 10:03,1,+17.8,+19.5,+27.1,+14.5,+14.4,+14.4,+14.3,+13.4,+14.1
2024-07-18 11:03,1,+17.7,+19.4,+27.0,+14.8,+14.4,+14.3,+14.1,+13.4,+14.0
2024-07-18 12:03,1,+17.5,+19.4,+27.0,+15.0,+14.5,+14.3,+14.1,+13.4,+14.0
2024-07-18 13:03,1,+17.3,+19.4,+27.0,+15.4,+14.6,+14.3,+14.1,+13.4,+14.0
2024-07-18 14:03,1,+17.7,+19.3,+26.9,+15.6,+14.8,+14.3,+14.1,+13.4,+14.0
2024-07-18 15:03,1,+17.7,+19.3,+26.9,+15.8,+14.9,+14.4,+14.0,+13.4,+14.0
2024-07-18 16:03,1,+17.6,+19.3,+26.9,+15.9,+15.0,+14.4,+14.1,+13.3,+14.0
2024-07-18 17:03,1,+17.7,+19.3,+26.9,+16.1,+15.1,+14.4,+14.1,+13.3,+13.9
2024-07-18 18:03,1,+17.7,+19.3,+26.8,+16.3,+15.3,+14.5,+14.1,+13.3,+13.9
2024-07-18 19:03,1,+17.4,+19.5,+26.8,+16.3,+15.4,+14.6,+14.1,+13.3,+14.0
2024-07-18 20:03,1,+17.4,+19.6,+26.7,+16.3,+15.4,+14.6,+14.1,+13.3,+13.9
2024-07-18 21:03,1,+17.3,+19.5,+26.7,+16.1,+15.4,+14.6,+14.3,+13.3,+13.9
2024-07-18 22:03,1,+17.3,+19.5,+26.7,+16.0,+15.4,+14.8,+14.3,+13.3,+13.9
2024-07-18 23:03,1,+17.2,+19.5,+26.7,+15.8,+15.4,+14.8,+14.3,+13.3,+14.0
2024-07-19 00:03,1,+17.2,+19.5,+26.7,+15.6,+15.3,+14.8,+14.3,+13.3,+14.0
2024-07-19 01:03,1,+17.2,+19.4,+26.6,+15.4,+15.3,+14.8,+14.3,+13.3,+14.0
2024-07-19 02:03,1,+17.2,+19.4,+26.6,+15.4,+15.1,+14.6,+14.3,+13.4,+14.0
2024-07-19 03:03,1,+17.2,+19.4,+26.6,+15.1,+15.1,+14.6,+14.3,+13.3,+14.0
2024-07-19 04:03,1,+17.2,+19.4,+26.6,+15.0,+15.0,+14.6,+14.3,+13.3,+14.0
2024-07-19 05:03,1,+17.2,+19.4,+26.6,+14.9,+15.0,+14.6,+14.3,+13.3,+13.9
2024-07-19 06:03,1,+17.1,+19.4,+26.6,+14.8,+14.9,+14.6,+14.3,+13.4,+14.0
2024-07-19 07:03,1,+17.1,+19.4,+26.6,+14.6,+14.8,+14.5,+14.3,+13.4,+14.0
2024-07-19 08:03,1,+17.1,+19.4,+26.6,+14.6,+14.8,+14.5,+14.1,+13.3,+14.0
2024-07-19 09:03,1,+17.1,+19.3,+26.6,+14.8,+14.6,+14.4,+14.1,+13.3,+13.9
2024-07-19 10:03,1,+17.0,+19.3,+26.6,+15.0,+14.6,+14.4,+14.1,+13.3,+14.0
2024-07-19 11:03,1,+17.0,+19.3,+26.5,+15.3,+14.8,+14.4,+14.1,+13.3,+13.9
2024-07-19 12:03,1,+17.0,+19.2,+26.5,+15.5,+14.9,+14.4,+14.1,+13.3,+13.9
2024-07-19 13:03,1,+16.9,+19.2,+26.5,+16.1,+15.0,+14.4,+14.1,+13.3,+13.9
2024-07-19 14:03,1,+17.0,+19.2,+26.4,+16.5,+15.1,+14.4,+14.0,+13.3,+13.9
2024-07-19 15:03,1,+16.8,+19.2,+26.4,+16.6,+15.4,+14.5,+14.0,+13.3,+13.9
2024-07-19 16:03,1,+16.8,+19.1,+26.3,+16.8,+15.5,+14.6,+14.1,+13.3,+13.9
2024-07-19 17:03,1,+16.7,+19.1,+26.3,+17.0,+15.6,+14.6,+14.1,+13.3,+13.9
2024-07-19 18:03,1,+16.7,+19.0,+26.3,+17.1,+15.8,+14.9,+14.1,+13.3,+13.9
2024-07-19 19:03,1,+16.6,+19.0,+26.2,+17.1,+15.9,+14.9,+14.3,+13.3,+13.9
2024-07-19 20:03,1,+16.6,+19.0,+26.2,+17.1,+16.0,+14.9,+14.3,+13.3,+13.9
2024-07-19 21:03,1,+16.6,+19.0,+26.2,+17.0,+16.0,+15.0,+14.4,+13.3,+13.9
2024-07-19 22:03,1,+16.6,+19.0,+26.1,+16.9,+16.0,+15.0,+14.4,+13.3,+13.9
2024-07-19 23:03,1,+16.5,+19.0,+26.1,+16.8,+16.0,+15.0,+14.4,+13.3,+13.9
2024-07-20 00:03,1,+16.4,+18.9,+26.1,+16.6,+16.0,+15.1,+14.4,+13.4,+13.9
2024-07-20 01:03,1,+16.5,+18.9,+26.1,+16.5,+15.9,+15.1,+14.4,+13.4,+13.9
2024-07-20 02:03,1,+16.5,+18.9,+26.1,+16.4,+15.9,+15.1,+14.5,+13.4,+13.9
2024-07-20 03:03,1,+16.5,+18.9,+26.1,+16.3,+15.9,+15.1,+14.4,+13.4,+14.0
2024-07-20 04:03,1,+16.5,+18.9,+26.1,+16.1,+15.8,+15.1,+14.5,+13.4,+14.0
2024-07-20 05:03,1,+16.5,+18.8,+26.1,+16.1,+15.8,+15.1,+14.5,+13.4,+14.0
2024-07-20 06:03,1,+16.6,+18.9,+26.1,+16.0,+15.8,+15.1,+14.5,+13.4,+14.0
2024-07-20 07:03,1,+16.6,+18.9,+26.1,+15.9,+15.6,+15.0,+14.5,+13.4,+14.0
2024-07-20 08:03,1,+16.6,+19.0,+26.1,+15.9,+15.5,+15.0,+14.5,+13.5,+14.0
2024-07-20 09:03,1,+16.6,+19.0,+26.1,+16.1,+15.5,+15.0,+14.5,+13.5,+14.0
2024-07-20 10:03,1,+16.6,+18.9,+26.0,+16.3,+15.5,+15.0,+14.5,+13.5,+14.0
2024-07-20 11:03,1,+16.4,+18.7,+26.0,+16.5,+15.6,+15.0,+14.4,+13.5,+14.0
2024-07-20 12:03,1,+16.4,+18.7,+26.0,+16.8,+15.8,+15.0,+14.5,+13.5,+14.1
2024-07-20 13:03,1,+16.4,+18.6,+26.0,+17.1,+15.9,+15.0,+14.5,+13.5,+14.1
2024-07-20 14:03,1,+16.3,+18.6,+25.9,+17.5,+16.0,+15.0,+14.5,+13.5,+14.1
2024-07-20 15:03,1,+16.2,+18.6,+25.9,+17.6,+16.3,+15.3,+14.5,+13.5,+14.0
2024-07-20 16:03,1,+16.1,+18.6,+25.9,+17.9,+16.4,+15.3,+14.5,+13.5,+14.0
2024-07-20 17:03,1,+16.1,+18.5,+25.8,+17.9,+16.5,+15.3,+14.5,+13.5,+14.0
2024-07-20 18:03,1,+16.1,+18.5,+25.8,+17.9,+16.5,+15.4,+14.6,+13.5,+14.1
2024-07-20 19:03,1,+16.1,+18.5,+25.8,+17.8,+16.5,+15.5,+14.6,+13.5,+14.1
2024-07-20 20:03,1,+16.2,+18.4,+25.7,+17.8,+16.6,+15.5,+14.8,+13.5,+14.1
2024-07-20 21:03,1,+16.3,+18.3,+25.7,+17.6,+16.6,+15.6,+14.8,+13.5,+14.1
2024-07-20 22:03,1,+16.4,+18.3,+25.7,+17.5,+16.6,+15.6,+14.8,+13.5,+14.1
2024-07-20 23:03,1,+16.4,+18.3,+25.7,+17.4,+16.5,+15.6,+14.8,+13.6,+14.1
2024-07-21 00:03,1,+16.3,+18.3,+25.7,+17.3,+16.6,+15.6,+14.8,+13.6,+14.1
2024-07-21 01:03,1,+16.5,+18.3,+25.7,+17.1,+16.5,+15.6,+14.9,+13.6,+14.1
2024-07-21 02:03,1,+16.4,+18.3,+25.7,+17.0,+16.5,+15.6,+14.9,+13.6,+14.3
2024-07-21 03:03,1,+16.4,+18.3,+25.7,+16.9,+16.4,+15.6,+14.9,+13.6,+14.3
2024-07-21 04:03,1,+16.5,+18.3,+25.7,+16.8,+16.4,+15.6,+14.9,+13.8,+14.3
2024-07-21 05:03,1,+16.5,+18.3,+25.7,+16.6,+16.3,+15.5,+14.9,+13.8,+14.3
2024-07-21 06:03,1,+16.4,+18.3,+25.7,+16.5,+16.3,+15.5,+14.9,+13.8,+14.3
2024-07-21 07:03,1,+16.4,+18.3,+25.7,+16.5,+16.1,+15.5,+14.9,+13.8,+14.3
2024-07-21 08:03,1,+16.4,+18.4,+25.6,+16.5,+16.0,+15.5,+14.9,+13.8,+14.3
2024-07-21 09:03,1,+16.4,+18.4,+25.6,+16.5,+16.1,+15.5,+14.9,+13.8,+14.3
2024-07-21 10:03,1,+16.4,+18.6,+25.6,+16.6,+16.0,+15.5,+14.9,+13.8,+14.3
2024-07-21 11:03,1,+16.4,+18.5,+25.6,+16.8,+16.0,+15.4,+14.9,+13.8,+14.3
2024-07-21 12:03,1,+16.2,+18.5,+25.6,+17.0,+16.1,+15.4,+14.9,+13.8,+14.3
2024-07-21 13:03,1,+16.2,+18.4,+25.6,+17.1,+16.1,+15.4,+14.9,+13.8,+14.3
2024-07-21 14:03,1,+16.0,+18.4,+25.6,+17.3,+16.3,+15.4,+14.8,+13.8,+14.3
2024-07-21 15:03,1,+15.9,+18.4,+25.5,+17.5,+16.3,+15.5,+14.9,+13.8,+14.4
2024-07-21 16:03,1,+15.6,+18.2,+25.5,+17.6,+16.4,+15.5,+14.9,+13.8,+14.3
2024-07-21 17:03,1,+16.0,+18.1,+25.4,+17.8,+16.5,+15.5,+14.9,+13.8,+14.3
2024-07-21 18:03,1,+15.9,+18.1,+25.4,+17.9,+16.5,+15.6,+14.9,+13.8,+14.4
2024-07-21 19:03,1,+15.9,+18.0,+25.4,+17.9,+16.8,+15.8,+14.9,+13.8,+14.3
2024-07-21 20:03,1,+15.9,+18.1,+25.4,+17.8,+16.8,+15.8,+14.9,+13.8,+14.3
2024-07-21 21:03,1,+15.9,+18.1,+25.3,+17.8,+16.8,+15.8,+15.0,+13.8,+14.4
2024-07-21 22:03,1,+15.8,+18.2,+25.3,+17.5,+16.8,+15.8,+14.9,+13.8,+14.4
2024-07-21 23:03,1,+15.8,+18.1,+25.3,+17.5,+16.8,+15.9,+15.0,+13.8,+14.4
2024-07-22 00:03,1,+15.7,+18.2,+25.3,+17.4,+16.8,+15.9,+15.0,+13.8,+14.4
2024-07-22 01:03,1,+15.7,+18.2,+25.2,+17.3,+16.6,+15.8,+15.0,+13.9,+14.4
2024-07-22 02:03,1,+15.6,+18.2,+25.2,+17.1,+16.5,+15.8,+15.1,+13.9,+14.4
2024-07-22 03:03,1,+15.6,+18.1,+25.2,+17.0,+16.5,+15.8,+15.0,+13.9,+14.4
2024-07-22 04:03,1,+15.6,+18.1,+25.2,+16.8,+16.5,+15.8,+15.1,+13.9,+14.4
2024-07-22 05:03,1,+15.6,+18.1,+25.2,+16.6,+16.4,+15.8,+15.0,+13.9,+14.5
2024-07-22 06:03,1,+15.5,+18.1,+25.2,+16.5,+16.3,+15.8,+15.0,+13.9,+14.5
2024-07-22 07:03,1,+15.5,+18.1,+25.2,+16.5,+16.1,+15.6,+15.0,+13.9,+14.4
2024-07-22 08:03,1,+15.6,+18.1,+25.1,+16.5,+16.1,+15.6,+15.0,+13.9,+14.5
2024-07-22 09:03,1,+15.6,+18.0,+25.1,+16.6,+16.1,+15.6,+15.0,+14.0,+14.5
2024-07-22 10:03,1,+15.5,+18.0,+25.1,+16.6,+16.1,+15.5,+15.0,+13.9,+14.5
2024-07-22 11:03,1,+15.5,+18.0,+25.1,+16.8,+16.1,+15.6,+15.0,+13.9,+14.4
2024-07-22 12:03,1,+15.5,+17.9,+25.1,+16.9,+16.1,+15.5,+15.0,+13.9,+14.4
2024-07-22 13:03,1,+15.5,+17.9,+25.1,+16.9,+16.3,+15.5,+14.9,+13.9,+14.5
2024-07-22 14:03,1,+15.4,+17.9,+25.0,+16.9,+16.3,+15.5,+15.0,+13.9,+14.4
2024-07-22 15:03,1,+15.4,+17.9,+25.0,+17.1,+16.3,+15.5,+15.0,+13.9,+14.5
2024-07-22 16:03,1,+15.4,+17.8,+25.0,+17.3,+16.4,+15.5,+14.9,+13.9,+14.5
2024-07-22 17:03,1,+15.3,+17.8,+24.9,+17.4,+16.4,+15.5,+14.9,+13.9,+14.4
2024-07-22 18:03,1,+15.2,+17.8,+24.9,+17.4,+16.4,+15.6,+15.0,+13.9,+14.4
2024-07-22 19:03,1,+15.2,+17.7,+24.9,+17.4,+16.5,+15.6,+15.0,+13.9,+14.4
2024-07-22 20:03,1,+15.2,+17.7,+24.9,+17.4,+16.5,+15.8,+15.0,+13.9,+14.5
2024-07-22 21:03,1,+15.2,+17.7,+24.9,+17.3,+16.5,+15.8,+15.0,+13.9,+14.5
2024-07-22 22:03,1,+15.2,+17.7,+24.8,+17.0,+16.5,+15.8,+15.0,+13.9,+14.4
2024-07-22 23:03,1,+15.2,+17.7,+24.8,+16.9,+16.4,+15.6,+15.0,+13.9,+14.4
2024-07-23 00:03,1,+15.2,+17.7,+24.8,+16.8,+16.4,+15.8,+15.0,+13.9,+14.5
2024-07-23 01:03,1,+15.1,+17.7,+24.8,+16.8,+16.4,+15.6,+15.0,+13.9,+14.5
2024-07-23 02:03,1,+17.8,+17.7,+24.8,+16.6,+16.3,+15.6,+15.0,+13.9,+14.5
2024-07-23 03:03,1,+17.4,+17.6,+24.8,+16.5,+16.3,+15.6,+15.0,+13.9,+14.5
2024-07-23 04:03,1,+17.1,+17.7,+24.7,+16.4,+16.1,+15.5,+15.0,+13.9,+14.5
2024-07-23 05:03,1,+17.0,+17.6,+24.8,+16.4,+16.1,+15.5,+15.0,+14.0,+14.5
2024-07-23 06:03,1,+16.8,+17.6,+24.7,+16.1,+16.0,+15.5,+15.0,+13.9,+14.5
2024-07-23 07:03,1,+16.7,+17.7,+24.7,+16.1,+16.0,+15.5,+15.0,+13.9,+14.5
2024-07-23 08:03,1,+16.6,+17.6,+24.7,+16.1,+15.9,+15.4,+15.0,+13.9,+14.5
2024-07-23 09:03,1,+16.5,+17.7,+24.7,+16.1,+15.8,+15.4,+14.9,+13.9,+14.5
2024-07-23 10:03,1,+16.4,+17.7,+24.7,+16.1,+15.9,+15.4,+14.9,+13.9,+14.4
2024-07-23 11:03,1,+16.4,+17.7,+24.7,+16.1,+15.8,+15.4,+14.9,+13.9,+14.4
2024-07-23 12:03,1,+16.3,+17.7,+24.7,+16.4,+15.8,+15.3,+14.9,+13.9,+14.4
2024-07-23 13:03,1,+16.2,+17.7,+24.7,+16.5,+15.9,+15.4,+14.9,+13.9,+14.5
2024-07-23 14:03,1,+16.1,+17.6,+24.7,+16.8,+15.9,+15.3,+14.9,+13.9,+14.5
2024-07-23 15:03,1,+16.0,+17.6,+24.6,+17.0,+16.0,+15.3,+14.8,+13.9,+14.5
2024-07-23 16:03,1,+15.9,+17.6,+24.6,+17.0,+16.1,+15.4,+14.9,+13.9,+14.4
2024-07-23 17:03,1,+15.9,+17.5,+24.6,+17.0,+16.1,+15.4,+14.9,+13.9,+14.4
2024-07-23 18:03,1,+15.9,+17.5,+24.5,+16.9,+16.1,+15.4,+14.9,+13.9,+14.4
2024-07-23 19:03,1,+15.9,+17.5,+24.5,+16.8,+16.1,+15.4,+14.9,+13.9,+14.4
2024-07-23 20:03,1,+15.9,+17.5,+24.5,+16.8,+16.1,+15.5,+14.9,+13.8,+14.4
2024-07-23 21:03,1,+15.9,+17.5,+24.5,+16.6,+16.1,+15.5,+14.9,+13.9,+14.4
2024-07-23 22:03,1,+15.8,+17.5,+24.5,+16.5,+16.1,+15.5,+14.9,+13.9,+14.4
2024-07-23 23:03,1,+15.7,+17.4,+24.4,+16.4,+16.0,+15.5,+14.9,+13.8,+14.4
2024-07-24 00:03,1,+15.7,+17.4,+24.4,+16.3,+16.0,+15.4,+14.9,+13.9,+14.4
2024-07-24 01:03,1,+15.6,+17.4,+24.4,+16.1,+16.0,+15.4,+14.9,+13.9,+14.5
2024-07-24 02:03,1,+15.6,+17.4,+24.4,+16.0,+15.9,+15.4,+14.9,+13.9,+14.5
2024-07-24 03:03,1,+15.5,+17.4,+24.4,+15.8,+15.8,+15.4,+14.9,+13.9,+14.4
2024-07-24 04:03,1,+15.5,+17.4,+24.4,+15.5,+15.6,+15.3,+14.9,+13.8,+14.4
2024-07-24 05:03,1,+15.5,+17.4,+24.4,+15.4,+15.6,+15.3,+14.9,+13.8,+14.4
2024-07-24 06:03,1,+15.5,+17.3,+24.4,+15.1,+15.4,+15.1,+14.8,+13.8,+14.4
2024-07-24 07:03,1,+15.4,+17.3,+24.3,+15.0,+15.3,+15.1,+14.8,+13.8,+14.4
2024-07-24 08:03,1,+15.4,+17.3,+24.3,+14.9,+15.1,+15.0,+14.8,+13.8,+14.4
2024-07-24 09:03,1,+15.4,+17.2,+24.3,+15.0,+15.1,+15.0,+14.8,+13.8,+14.4
2024-07-24 10:03,1,+15.3,+17.2,+24.3,+15.3,+15.1,+14.9,+14.6,+13.8,+14.4
2024-07-24 11:03,1,+15.3,+17.2,+24.3,+15.4,+15.1,+14.9,+14.6,+13.8,+14.4
2024-07-24 12:03,1,+15.2,+17.2,+24.2,+15.6,+15.1,+14.9,+14.6,+13.8,+14.4
2024-07-24 13:03,1,+15.2,+17.1,+24.2,+16.3,+15.3,+14.9,+14.5,+13.8,+14.4
2024-07-24 14:03,1,+15.1,+17.1,+24.2,+16.5,+15.5,+14.9,+14.5,+13.8,+14.3
2024-07-24 15:03,1,+15.0,+17.0,+24.2,+16.6,+15.6,+14.9,+14.5,+13.6,+14.3
2024-07-24 16:03,1,+15.0,+17.0,+24.1,+16.8,+15.8,+15.0,+14.6,+13.6,+14.3
2024-07-24 17:03,1,+15.0,+16.9,+24.1,+16.8,+15.9,+15.0,+14.5,+13.6,+14.3
2024-07-24 18:03,1,+14.9,+16.8,+24.1,+16.8,+15.9,+15.1,+14.6,+13.6,+14.3
2024-07-24 19:03,1,+14.9,+16.7,+24.0,+16.8,+15.9,+15.1,+14.6,+13.6,+14.3
2024-07-24 20:03,1,+14.8,+16.6,+24.0,+16.8,+16.0,+15.1,+14.6,+13.6,+14.3
2024-07-24 21:03,1,+14.8,+16.6,+23.9,+16.6,+15.9,+15.3,+14.6,+13.6,+14.3
2024-07-24 22:03,1,+14.8,+16.6,+23.9,+16.4,+15.9,+15.3,+14.6,+13.6,+14.3
2024-07-24 23:03,1,+14.7,+16.5,+23.9,+16.3,+15.9,+15.3,+14.6,+13.6,+14.3
2024-07-25 00:03,1,+14.7,+16.5,+23.9,+16.0,+15.8,+15.3,+14.6,+13.6,+14.3
2024-07-25 01:03,1,+14.7,+16.5,+23.9,+15.8,+15.6,+15.1,+14.6,+13.6,+14.3
2024-07-25 02:03,1,+14.6,+16.5,+23.9,+15.6,+15.6,+15.1,+14.6,+13.6,+14.3
2024-07-25 03:03,1,+14.6,+16.5,+23.8,+15.5,+15.5,+15.1,+14.6,+13.6,+14.3
2024-07-25 04:03,1,+14.6,+16.4,+23.8,+15.4,+15.4,+15.0,+14.6,+13.6,+14.3
2024-07-25 05:03,1,+14.5,+16.4,+23.8,+15.3,+15.3,+15.0,+14.6,+13.6,+14.3
2024-07-25 06:03,1,+14.5,+16.4,+23.8,+15.0,+15.3,+15.0,+14.6,+13.6,+14.3
2024-07-25 07:03,1,+14.5,+16.3,+23.7,+14.9,+15.1,+14.9,+14.5,+13.6,+14.3
2024-07-25 08:03,1,+14.5,+16.3,+23.7,+14.9,+15.0,+14.8,+14.5,+13.6,+14.3
2024-07-25 09:03,1,+14.5,+16.3,+23.7,+14.9,+15.0,+14.9,+14.5,+13.6,+14.3
2024-07-25 10:03,1,+14.5,+16.3,+23.7,+15.3,+15.0,+14.8,+14.5,+13.6,+14.3
2024-07-25 11:03,1,+14.4,+16.2,+23.7,+15.5,+15.0,+14.6,+14.4,+13.6,+14.3
2024-07-25 12:03,1,+14.4,+16.2,+23.6,+15.8,+15.1,+14.8,+14.4,+13.6,+14.1
2024-07-25 13:03,1,+14.3,+16.1,+23.6,+16.4,+15.3,+14.6,+14.4,+13.6,+14.1
2024-07-25 14:03,1,+14.2,+16.1,+23.5,+16.6,+15.4,+14.8,+14.4,+13.6,+14.1
2024-07-25 15:03,1,+14.2,+16.0,+23.5,+16.8,+15.5,+14.8,+14.4,+13.6,+14.1
2024-07-25 16:03,1,+14.1,+16.0,+23.5,+16.9,+15.6,+14.9,+14.4,+13.5,+14.1
2024-07-25 17:03,1,+14.1,+15.9,+23.4,+16.9,+15.8,+14.9,+14.4,+13.5,+14.1
2024-07-25 18:03,1,+14.1,+15.9,+23.4,+17.0,+15.9,+15.0,+14.4,+13.5,+14.1
2024-07-25 19:03,1,+14.0,+15.9,+23.4,+17.0,+15.9,+15.1,+14.5,+13.5,+14.1
2024-07-25 20:03,1,+14.0,+15.8,+23.3,+16.9,+16.0,+15.1,+14.5,+13.5,+14.1
2024-07-25 21:03,1,+13.9,+15.8,+23.3,+16.8,+16.0,+15.1,+14.5,+13.5,+14.1
2024-07-25 22:03,1,+13.9,+15.7,+23.3,+16.8,+16.0,+15.3,+14.5,+13.6,+14.1
2024-07-25 23:03,1,+13.9,+15.7,+23.3,+16.5,+16.0,+15.1,+14.5,+13.6,+14.1
2024-07-26 00:03,1,+13.9,+15.7,+23.2,+16.5,+16.0,+15.3,+14.6,+13.5,+14.1
2024-07-26 01:03,1,+13.9,+15.7,+23.2,+16.3,+15.9,+15.3,+14.6,+13.5,+14.1
2024-07-26 02:03,1,+13.9,+15.8,+23.2,+16.3,+15.9,+15.3,+14.6,+13.6,+14.1
2024-07-26 03:03,1,+13.8,+15.8,+23.2,+16.1,+15.8,+15.1,+14.6,+13.6,+14.1
2024-07-26 04:03,1,+13.8,+15.8,+23.1,+16.1,+15.8,+15.1,+14.6,+13.6,+14.1
2024-07-26 05:03,1,+13.8,+15.8,+23.1,+16.0,+15.6,+15.1,+14.6,+13.6,+14.3
2024-07-26 06:03,1,+13.8,+15.8,+23.1,+16.0,+15.6,+15.1,+14.6,+13.6,+14.3
2024-07-26 07:03,1,+13.8,+15.8,+23.1,+15.9,+15.6,+15.1,+14.6,+13.6,+14.3
2024-07-26 08:03,1,+13.8,+15.8,+23.1,+15.9,+15.6,+15.1,+14.6,+13.6,+14.3
2024-07-26 09:03,1,+13.7,+15.8,+23.0,+16.1,+15.5,+15.1,+14.6,+13.6,+14.1
2024-07-26 10:03,1,+13.7,+15.7,+23.0,+16.3,+15.6,+15.0,+14.6,+13.6,+14.1
2024-07-26 11:03,1,+13.7,+15.7,+23.0,+16.5,+15.6,+15.0,+14.6,+13.6,+14.3
2024-07-26 12:03,1,+13.6,+15.7,+23.0,+16.8,+15.8,+15.1,+14.6,+13.5,+14.3
2024-07-26 13:03,1,+13.6,+15.6,+22.9,+17.1,+15.9,+15.1,+14.6,+13.6,+14.1
2024-07-26 14:03,1,+13.6,+15.6,+22.9,+17.5,+16.0,+15.1,+14.6,+13.6,+14.3
2024-07-26 15:03,1,+13.6,+15.5,+22.9,+17.8,+16.3,+15.3,+14.6,+13.5,+14.3
2024-07-26 16:03,1,+13.6,+15.5,+22.8,+17.9,+16.4,+15.3,+14.6,+13.6,+14.3
2024-07-26 17:03,1,+13.5,+15.5,+22.8,+18.1,+16.6,+15.4,+14.6,+13.6,+14.1
2024-07-26 18:03,1,+13.5,+15.4,+22.8,+18.4,+16.6,+15.5,+14.6,+13.6,+14.3
2024-07-26 19:03,1,+13.5,+15.4,+22.8,+18.4,+16.9,+15.6,+14.8,+13.6,+14.3
2024-07-26 20:03,1,+13.4,+15.4,+22.7,+18.4,+16.9,+15.6,+14.8,+13.6,+14.3
2024-07-26 21:03,1,+13.4,+15.3,+22.7,+18.4,+17.0,+15.8,+14.8,+13.6,+14.3
2024-07-26 22:03,1,+13.4,+15.3,+22.7,+18.3,+17.0,+15.8,+14.9,+13.6,+14.3
2024-07-26 23:03,1,+13.4,+15.3,+22.7,+18.3,+17.0,+15.9,+14.9,+13.8,+14.3
2024-07-27 00:03,1,+13.4,+15.3,+22.6,+18.3,+17.0,+15.9,+15.0,+13.8,+14.3
2024-07-27 01:03,1,+13.4,+15.2,+22.6,+18.1,+17.1,+16.0,+15.0,+13.8,+14.3
2024-07-27 02:03,1,+13.4,+15.2,+22.6,+18.1,+17.1,+16.0,+15.0,+13.8,+14.3
2024-07-27 03:03,1,+13.4,+15.2,+22.6,+18.1,+17.1,+16.0,+15.0,+13.9,+14.4
2024-07-27 04:03,1,+13.4,+15.2,+22.5,+18.1,+17.1,+16.1,+15.1,+13.8,+14.4
2024-07-27 05:03,1,+13.4,+15.2,+22.5,+18.1,+17.1,+16.1,+15.1,+13.9,+14.4
2024-07-27 06:03,1,+13.4,+15.2,+22.5,+18.0,+17.1,+16.1,+15.1,+13.9,+14.4
2024-07-27 07:03,1,+13.3,+15.2,+22.5,+18.0,+17.1,+16.1,+15.3,+13.9,+14.4
2024-07-27 08:03,1,+13.4,+15.2,+22.5,+18.0,+17.1,+16.1,+15.1,+14.0,+14.5
2024-07-27 09:03,1,+13.3,+15.1,+22.5,+18.1,+17.1,+16.1,+15.3,+14.0,+14.5
2024-07-27 10:03,1,+13.3,+15.1,+22.5,+18.4,+17.1,+16.1,+15.3,+14.0,+14.5
2024-07-27 11:03,1,+13.2,+15.1,+22.4,+18.5,+17.3,+16.3,+15.4,+14.0,+14.5
2024-07-27 12:03,1,+13.2,+15.0,+22.4,+18.8,+17.3,+16.1,+15.3,+14.0,+14.6
2024-07-27 13:03,1,+13.2,+14.9,+22.3,+19.3,+17.4,+16.3,+15.4,+14.0,+14.5
2024-07-27 14:03,1,+13.1,+14.9,+22.3,+19.5,+17.6,+16.4,+15.4,+14.0,+14.6
2024-07-27 15:03,1,+13.0,+14.8,+22.2,+19.6,+17.8,+16.4,+15.4,+14.0,+14.5
2024-07-27 16:03,1,+13.0,+14.8,+22.2,+19.6,+17.9,+16.5,+15.4,+14.1,+14.5
2024-07-27 17:03,1,+12.9,+14.7,+22.2,+19.6,+18.0,+16.5,+15.5,+14.1,+14.6
2024-07-27 18:03,1,+12.9,+14.7,+22.1,+19.8,+18.0,+16.6,+15.5,+14.1,+14.6
2024-07-27 19:03,1,+12.8,+14.6,+22.1,+19.8,+18.1,+16.8,+15.5,+14.1,+14.6
2024-07-27 20:03,1,+12.8,+14.6,+22.1,+19.6,+18.1,+16.8,+15.6,+14.1,+14.6
2024-07-27 21:03,1,+12.8,+14.6,+22.0,+19.6,+18.1,+16.8,+15.6,+14.1,+14.6
2024-07-27 22:03,1,+12.7,+14.5,+22.0,+19.5,+18.1,+16.9,+15.6,+14.3,+14.6
2024-07-27 23:03,1,+12.7,+14.5,+22.0,+19.4,+18.1,+16.9,+15.8,+14.3,+14.8
2024-07-28 00:03,1,+12.7,+14.5,+22.0,+19.4,+18.1,+16.9,+15.8,+14.3,+14.8
2024-07-28 01:03,1,+12.7,+14.5,+21.9,+19.3,+18.1,+17.0,+15.8,+14.3,+14.9
2024-07-28 02:03,1,+12.7,+14.5,+21.9,+19.3,+18.1,+17.0,+15.8,+14.3,+14.8
2024-07-28 03:03,1,+12.7,+14.4,+21.9,+19.1,+18.1,+17.0,+15.9,+14.4,+14.8
2024-07-28 04:03,1,+12.7,+14.4,+21.9,+19.1,+18.1,+17.0,+15.9,+14.5,+14.9
2024-07-28 05:03,1,+12.7,+14.4,+21.8,+19.1,+18.0,+17.0,+15.9,+14.4,+14.9
2024-07-28 06:03,1,+12.6,+14.3,+21.8,+19.0,+18.0,+17.0,+15.9,+14.4,+14.9
2024-07-28 07:03,1,+12.6,+14.3,+21.8,+18.9,+18.0,+16.9,+15.9,+14.5,+14.9
2024-07-28 08:03,1,+12.6,+14.3,+21.8,+18.9,+18.0,+17.0,+15.9,+14.5,+15.0
2024-07-28 09:03,1,+12.6,+14.3,+21.7,+19.0,+18.0,+16.9,+15.9,+14.5,+15.0
2024-07-28 10:03,1,+12.6,+14.2,+21.7,+19.1,+18.0,+16.9,+15.9,+14.5,+15.0
2024-07-28 11:03,1,+12.6,+14.2,+21.7,+19.1,+18.0,+17.0,+15.9,+14.5,+15.0
2024-07-28 12:03,1,+13.4,+14.2,+21.7,+19.3,+18.0,+16.9,+16.0,+14.5,+15.0
2024-07-28 13:03,1,+13.4,+14.2,+21.7,+19.4,+18.0,+17.0,+16.0,+14.6,+15.0
2024-07-28 14:03,1,+13.3,+14.2,+21.6,+19.4,+18.1,+17.0,+16.0,+14.5,+15.0
2024-07-28 15:03,1,+13.3,+14.2,+21.6,+19.5,+18.1,+17.0,+16.0,+14.5,+15.0
2024-07-28 16:03,1,+13.2,+14.1,+21.6,+19.5,+18.3,+17.0,+16.0,+14.5,+15.0
2024-07-28 17:03,1,+13.2,+14.1,+21.6,+19.5,+18.3,+17.1,+16.0,+14.6,+15.0
2024-07-28 18:03,1,+13.2,+14.1,+21.5,+19.8,+18.4,+17.0,+16.0,+14.6,+15.1
2024-07-28 19:03,1,+13.1,+14.1,+21.5,+19.6,+18.4,+17.1,+16.0,+14.6,+15.1
2024-07-28 20:03,1,+13.1,+14.0,+21.5,+19.5,+18.4,+17.3,+16.1,+14.6,+15.1
2024-07-28 21:03,1,+13.0,+14.0,+21.5,+19.4,+18.4,+17.3,+16.1,+14.6,+15.1
2024-07-28 22:03,1,+13.0,+14.0,+21.5,+19.1,+18.3,+17.3,+16.1,+14.6,+15.1
2024-07-28 23:03,1,+13.0,+14.0,+21.4,+19.0,+18.3,+17.1,+16.1,+14.8,+15.1
2024-07-29 00:03,1,+13.0,+14.0,+21.4,+18.9,+18.1,+17.1,+16.1,+14.8,+15.1
2024-07-29 01:03,1,+13.0,+14.0,+21.4,+18.8,+18.1,+17.1,+16.3,+14.8,+15.3
2024-07-29 02:03,1,+12.9,+14.0,+21.4,+18.6,+18.0,+17.1,+16.1,+14.8,+15.3
2024-07-29 03:03,1,+12.9,+13.9,+21.4,+18.6,+18.0,+17.1,+16.1,+14.8,+15.3
2024-07-29 04:03,1,+12.9,+13.9,+21.3,+18.5,+17.9,+17.1,+16.1,+14.8,+15.3
2024-07-29 05:03,1,+12.9,+13.9,+21.3,+18.5,+17.9,+17.1,+16.1,+14.8,+15.3
2024-07-29 06:03,1,+12.8,+13.9,+21.3,+18.4,+17.8,+17.0,+16.1,+14.8,+15.3
2024-07-29 07:03,1,+12.8,+13.9,+21.3,+18.4,+17.8,+17.0,+16.1,+14.8,+15.3
2024-07-29 08:03,1,+12.8,+13.9,+21.3,+18.4,+17.8,+17.0,+16.1,+14.8,+15.3
2024-07-29 09:03,1,+12.8,+13.9,+21.3,+18.4,+17.8,+17.0,+16.1,+14.8,+15.3
2024-07-29 10:03,1,+12.7,+13.9,+21.2,+18.5,+17.8,+16.9,+16.1,+14.8,+15.3
2024-07-29 11:03,1,+12.7,+13.8,+21.2,+18.6,+17.8,+16.9,+16.1,+14.8,+15.3
2024-07-29 12:03,1,+12.7,+13.7,+21.2,+18.9,+17.8,+16.9,+16.1,+14.8,+15.3
2024-07-29 13:03,1,+12.6,+13.7,+21.1,+19.3,+17.9,+17.0,+16.1,+14.8,+15.3
2024-07-29 14:03,1,+12.6,+13.7,+21.1,+19.5,+18.0,+17.0,+16.1,+14.8,+15.3
2024-07-29 15:03,1,+12.5,+13.6,+21.1,+19.5,+18.1,+17.0,+16.0,+14.8,+15.3
2024-07-29 16:03,1,+12.5,+13.6,+21.0,+19.5,+18.1,+17.0,+16.1,+14.8,+15.3
2024-07-29 17:03,1,+12.5,+13.5,+21.0,+19.5,+18.3,+17.0,+16.1,+14.8,+15.3
2024-07-29 18:03,1,+12.4,+13.5,+21.0,+19.5,+18.3,+17.1,+16.1,+14.9,+15.3
2024-07-29 19:03,1,+12.4,+13.5,+20.9,+19.5,+18.3,+17.1,+16.1,+14.8,+15.3
2024-07-29 20:03,1,+12.3,+13.4,+20.9,+19.4,+18.3,+17.1,+16.1,+14.8,+15.3
2024-07-29 21:03,1,+12.3,+13.4,+20.9,+19.3,+18.3,+17.3,+16.1,+14.8,+15.3
2024-07-29 22:03,1,+12.3,+13.4,+20.8,+18.9,+18.3,+17.3,+16.1,+14.9,+15.3
2024-07-29 23:03,1,+12.3,+13.4,+20.8,+18.8,+18.1,+17.3,+16.3,+14.8,+15.4
2024-07-30 00:03,1,+12.2,+13.3,+20.8,+18.4,+18.0,+17.1,+16.1,+14.9,+15.3
2024-07-30 01:03,1,+12.2,+13.3,+20.8,+18.3,+17.9,+17.1,+16.1,+14.9,+15.3
2024-07-30 02:03,1,+12.2,+13.3,+20.7,+18.0,+17.8,+17.1,+16.3,+14.9,+15.4
2024-07-30 03:03,1,+12.1,+13.3,+20.7,+17.9,+17.8,+17.0,+16.3,+14.9,+15.4
2024-07-30 04:03,1,+12.1,+13.3,+20.7,+17.9,+17.6,+17.0,+16.1,+14.9,+15.4
2024-07-30 05:03,1,+12.1,+13.2,+20.7,+17.8,+17.5,+16.9,+16.1,+14.9,+15.4
2024-07-30 06:03,1,+16.9,+13.3,+20.7,+17.8,+17.5,+16.9,+16.1,+14.9,+15.4
2024-07-30 07:03,1,+19.8,+15.2,+21.1,+17.6,+17.4,+16.9,+16.1,+14.9,+15.4
2024-07-30 08:03,1,+18.2,+14.5,+20.9,+17.6,+17.4,+16.8,+16.0,+14.9,+15.4
2024-07-30 09:03,1,+17.7,+14.3,+20.9,+17.6,+17.4,+16.8,+16.1,+14.9,+15.4
2024-07-30 10:03,1,+17.4,+14.2,+20.8,+17.8,+17.3,+16.8,+16.1,+14.9,+15.4
2024-07-30 11:03,1,+17.1,+14.1,+20.8,+17.9,+17.3,+16.6,+16.1,+14.9,+15.4
2024-07-30 12:03,1,+16.9,+14.0,+20.8,+18.0,+17.3,+16.8,+16.0,+14.9,+15.4
2024-07-30 13:03,1,+16.7,+13.9,+20.7,+18.5,+17.4,+16.6,+16.0,+14.8,+15.4
2024-07-30 14:03,1,+16.5,+13.9,+20.7,+18.6,+17.5,+16.8,+16.0,+14.8,+15.3
2024-07-30 15:03,1,+16.3,+13.8,+20.7,+18.9,+17.6,+16.8,+16.0,+14.8,+15.4
2024-07-30 16:03,1,+16.1,+13.7,+20.6,+19.0,+17.8,+16.8,+16.0,+14.8,+15.3
2024-07-30 17:03,1,+15.9,+13.7,+20.6,+19.1,+17.9,+16.9,+16.0,+14.8,+15.3
2024-07-30 18:03,1,+15.8,+13.6,+20.6,+19.3,+18.0,+16.9,+16.0,+14.8,+15.3
2024-07-30 19:03,1,+15.7,+13.6,+20.5,+19.1,+18.0,+16.9,+16.1,+14.8,+15.3
2024-07-30 20:03,1,+15.5,+13.5,+20.5,+19.1,+18.1,+17.0,+16.1,+14.8,+15.3
2024-07-30 21:03,1,+15.4,+13.5,+20.5,+19.0,+18.1,+17.0,+16.1,+14.8,+15.3
2024-07-30 22:03,1,+15.3,+13.5,+20.5,+18.9,+18.1,+17.0,+16.1,+14.8,+15.4
2024-07-30 23:03,1,+15.2,+13.5,+20.5,+18.8,+18.0,+17.1,+16.1,+14.9,+15.3
2024-07-31 00:03,1,+15.2,+13.4,+20.4,+18.5,+17.9,+17.1,+16.3,+14.9,+15.3
2024-07-31 01:03,1,+15.1,+13.4,+20.4,+18.4,+17.9,+17.0,+16.3,+14.9,+15.3
2024-07-31 02:03,1,+15.0,+13.4,+20.4,+18.3,+17.9,+17.0,+16.1,+14.9,+15.4
2024-07-31 03:03,1,+15.0,+13.4,+20.4,+18.1,+17.8,+17.0,+16.1,+14.9,+15.4
2024-07-31 04:03,1,+14.9,+13.4,+20.4,+18.1,+17.8,+17.0,+16.1,+14.9,+15.4
2024-07-31 05:03,1,+14.8,+13.4,+20.3,+17.9,+17.5,+17.0,+16.1,+14.9,+15.4
2024-07-31 06:03,1,+14.8,+13.3,+20.3,+17.9,+17.5,+16.9,+16.1,+14.9,+15.4
2024-07-31 07:03,1,+14.7,+13.4,+20.3,+17.8,+17.5,+16.9,+16.1,+14.9,+15.4
2024-07-31 08:03,1,+14.7,+13.3,+20.3,+17.8,+17.4,+16.8,+16.1,+14.9,+15.4
2024-07-31 09:03,1,+14.7,+13.3,+20.2,+17.9,+17.4,+16.8,+16.1,+14.9,+15.4
2024-07-31 10:03,1,+14.6,+13.3,+20.2,+18.1,+17.4,+16.8,+16.1,+14.9,+15.4
2024-07-31 11:03,1,+14.6,+13.3,+20.2,+18.4,+17.5,+16.8,+16.1,+14.9,+15.4
2024-07-31 12:03,1,+14.5,+13.2,+20.2,+18.8,+17.6,+16.8,+16.1,+14.9,+15.4
2024-07-31 13:03,1,+14.4,+13.2,+20.2,+19.1,+17.8,+16.9,+16.0,+14.9,+15.4
2024-07-31 14:03,1,+14.3,+13.1,+20.1,+19.5,+17.9,+16.9,+16.1,+14.9,+15.4
2024-07-31 15:03,1,+14.3,+13.1,+20.1,+19.8,+18.1,+17.0,+16.1,+14.9,+15.4
2024-07-31 16:03,1,+14.2,+13.1,+20.0,+19.9,+18.3,+17.0,+16.1,+14.9,+15.4
2024-07-31 17:03,1,+23.3,+19.5,+20.9,+20.0,+18.9,+17.3,+16.1,+14.8,+15.4
2024-07-31 18:03,1,+21.1,+16.7,+20.4,+19.5,+18.5,+17.3,+16.1,+14.9,+15.4
2024-07-31 19:03,1,+20.4,+16.4,+20.4,+19.3,+18.5,+17.4,+16.3,+14.9,+15.4
2024-07-31 20:03,1,+19.9,+16.2,+20.4,+19.1,+18.4,+17.4,+16.3,+14.9,+15.4
2024-07-31 21:03,1,+19.6,+16.1,+20.4,+18.9,+18.4,+17.4,+16.4,+14.9,+15.4
2024-07-31 22:03,1,+19.4,+16.0,+20.4,+18.8,+18.3,+17.4,+16.4,+15.0,+15.4
2024-07-31 23:03,1,+19.2,+15.9,+20.3,+18.6,+18.3,+17.3,+16.4,+15.0,+15.4
2024-08-01 00:03,1,+19.0,+15.8,+20.3,+18.5,+18.0,+17.4,+16.4,+15.0,+15.5
2024-08-01 01:03,1,+18.9,+15.7,+20.3,+18.4,+18.0,+17.3,+16.4,+15.0,+15.5
2024-08-01 02:03,1,+18.7,+15.6,+20.3,+18.1,+17.9,+17.3,+16.4,+15.0,+15.5
2024-08-01 03:03,1,+18.6,+15.5,+20.3,+18.1,+17.9,+17.1,+16.4,+15.0,+15.5
2024-08-01 04:03,1,+18.6,+15.5,+20.3,+18.0,+17.8,+17.1,+16.4,+15.0,+15.5
2024-08-01 05:03,1,+18.5,+15.4,+20.2,+17.9,+17.6,+17.1,+16.4,+15.0,+15.5
2024-08-01 06:03,1,+18.4,+15.4,+20.2,+17.8,+17.6,+17.0,+16.3,+15.0,+15.5
2024-08-01 07:03,1,+18.4,+15.3,+20.2,+17.8,+17.5,+17.0,+16.4,+15.0,+15.5
2024-08-01 08:03,1,+18.2,+15.2,+20.2,+17.8,+17.5,+17.0,+16.3,+15.0,+15.5
2024-08-01 09:03,1,+18.2,+15.2,+20.2,+17.9,+17.5,+16.9,+16.3,+15.0,+15.5
2024-08-01 10:03,1,+18.2,+15.2,+20.2,+17.9,+17.5,+16.9,+16.3,+15.0,+15.5
2024-08-01 11:03,1,+18.1,+15.1,+20.2,+18.1,+17.5,+16.9,+16.1,+15.1,+15.5
2024-08-01 12:03,1,+18.1,+15.1,+20.2,+18.1,+17.5,+16.9,+16.3,+15.0,+15.5
2024-08-01 13:03,1,+18.0,+15.0,+20.2,+18.5,+17.5,+16.9,+16.3,+15.0,+15.5
2024-08-01 14:03,1,+17.9,+15.0,+20.1,+18.6,+17.6,+16.9,+16.3,+15.0,+15.5